 # t   L1   L2   Linf
  0.10000000E+01  0.45807090E-01  0.91689265E-01  0.50551079E+00
  0.20000000E+01  0.72514299E-01  0.11642207E+00  0.48252359E+00
  0.30000000E+01  0.94805151E-01  0.13565822E+00  0.50158931E+00
  0.40000000E+01  0.11403688E+00  0.15140710E+00  0.48627324E+00
  0.50000000E+01  0.13151362E+00  0.16527483E+00  0.50000170E+00
  0.60000000E+01  0.14711086E+00  0.17726093E+00  0.48991095E+00
  0.70000000E+01  0.16181520E+00  0.18833030E+00  0.50103709E+00
  0.80000000E+01  0.17514794E+00  0.19818546E+00  0.49223282E+00
  0.90000000E+01  0.18797836E+00  0.20748986E+00  0.50183096E+00
  0.10000000E+02  0.19969805E+00  0.21593270E+00  0.51514404E+00
  0.11000000E+02  0.21113609E+00  0.22396675E+00  0.53270744E+00
  0.12000000E+02  0.22164201E+00  0.23143287E+00  0.54846474E+00
  0.13000000E+02  0.23200473E+00  0.23857804E+00  0.56274548E+00
  0.14000000E+02  0.24153389E+00  0.24527396E+00  0.57573712E+00
  0.15000000E+02  0.25103533E+00  0.25176812E+00  0.58763782E+00
  0.16000000E+02  0.25976945E+00  0.25787029E+00  0.59858782E+00
  0.17000000E+02  0.26856253E+00  0.26385538E+00  0.60869661E+00
  0.18000000E+02  0.27663954E+00  0.26950605E+00  0.61806106E+00
  0.19000000E+02  0.28480780E+00  0.27505895E+00  0.62680707E+00
  0.20000000E+02  0.29233861E+00  0.28035700E+00  0.63493520E+00
  0.21000000E+02  0.29997930E+00  0.28555939E+00  0.64259049E+00
  0.22000000E+02  0.30695509E+00  0.29047305E+00  0.64972475E+00
  0.23000000E+02  0.31413387E+00  0.29537515E+00  0.65649696E+00
  0.24000000E+02  0.32062307E+00  0.29995216E+00  0.66293805E+00
  0.25000000E+02  0.32738841E+00  0.30459115E+00  0.66898285E+00
  0.26000000E+02  0.33349601E+00  0.30894897E+00  0.67476836E+00
  0.27000000E+02  0.33988912E+00  0.31335193E+00  0.68020639E+00
  0.28000000E+02  0.34563720E+00  0.31748730E+00  0.68541707E+00
  0.29000000E+02  0.35168066E+00  0.32167047E+00  0.69037119E+00
  0.30000000E+02  0.35710495E+00  0.32558990E+00  0.69505812E+00
  0.31000000E+02  0.36287609E+00  0.32962056E+00  0.69955640E+00
  0.32000000E+02  0.36798042E+00  0.33333614E+00  0.70382938E+00
  0.33000000E+02  0.37345384E+00  0.33717359E+00  0.70793072E+00
  0.34000000E+02  0.37827845E+00  0.34071146E+00  0.71184168E+00
  0.35000000E+02  0.38349363E+00  0.34437972E+00  0.71559404E+00
  0.36000000E+02  0.38805441E+00  0.34775076E+00  0.71918523E+00
  0.37000000E+02  0.39302398E+00  0.35126253E+00  0.72262816E+00
  0.38000000E+02  0.39738847E+00  0.35452279E+00  0.72588752E+00
  0.39000000E+02  0.40211176E+00  0.35786326E+00  0.72910089E+00
  0.40000000E+02  0.40620909E+00  0.36093061E+00  0.73208845E+00
  0.41000000E+02  0.41071664E+00  0.36412479E+00  0.73506901E+00
  0.42000000E+02  0.41455801E+00  0.36700878E+00  0.73796506E+00
  0.43000000E+02  0.41886098E+00  0.37006433E+00  0.74067875E+00
  0.44000000E+02  0.42252893E+00  0.37284158E+00  0.74341283E+00
  0.45000000E+02  0.42660488E+00  0.37572038E+00  0.74596708E+00
  0.46000000E+02  0.43009975E+00  0.37839031E+00  0.74846454E+00
  0.47000000E+02  0.43405184E+00  0.38122024E+00  0.75081807E+00
  0.48000000E+02  0.43737792E+00  0.38377868E+00  0.75315309E+00
  0.49000000E+02  0.44112228E+00  0.38643769E+00  0.75532010E+00
  0.50000000E+02  0.44428223E+00  0.38887895E+00  0.75750726E+00
  0.51000000E+02  0.44787263E+00  0.39142773E+00  0.75950017E+00
  0.52000000E+02  0.45087499E+00  0.39375718E+00  0.76155233E+00
  0.53000000E+02  0.45431671E+00  0.39620191E+00  0.76338213E+00
  0.54000000E+02  0.45718232E+00  0.39843728E+00  0.76527283E+00
  0.55000000E+02  0.46047475E+00  0.40077174E+00  0.76698722E+00
  0.56000000E+02  0.46322895E+00  0.40293099E+00  0.76874836E+00
  0.57000000E+02  0.46638383E+00  0.40516654E+00  0.77033443E+00
  0.58000000E+02  0.46895766E+00  0.40719134E+00  0.77197516E+00
  0.59000000E+02  0.47198231E+00  0.40933282E+00  0.77357850E+00
  0.60000000E+02  0.47438316E+00  0.41122787E+00  0.77506003E+00
  0.61000000E+02  0.47728448E+00  0.41327985E+00  0.77663270E+00
  0.62000000E+02  0.47959916E+00  0.41511039E+00  0.77798855E+00
  0.63000000E+02  0.48233398E+00  0.41701365E+00  0.77951030E+00
  0.64000000E+02  0.48454093E+00  0.41876504E+00  0.78071289E+00
  0.65000000E+02  0.48728992E+00  0.42073658E+00  0.78214005E+00
  0.66000000E+02  0.48938377E+00  0.42240320E+00  0.78324529E+00
  0.67000000E+02  0.49196273E+00  0.42421962E+00  0.78458379E+00
  0.68000000E+02  0.49395277E+00  0.42580985E+00  0.78559700E+00
  0.69000000E+02  0.49643712E+00  0.42755449E+00  0.78685228E+00
  0.70000000E+02  0.49833055E+00  0.42907182E+00  0.78777840E+00
  0.71000000E+02  0.50072389E+00  0.43074906E+00  0.78895543E+00
  0.72000000E+02  0.50253453E+00  0.43220682E+00  0.78975099E+00
  0.73000000E+02  0.50483394E+00  0.43381132E+00  0.79090244E+00
  0.74000000E+02  0.50658977E+00  0.43522557E+00  0.79174674E+00
  0.75000000E+02  0.50880313E+00  0.43676515E+00  0.79270182E+00
  0.76000000E+02  0.51043166E+00  0.43808339E+00  0.79363112E+00
  0.77000000E+02  0.51256460E+00  0.43956132E+00  0.79436149E+00
  0.78000000E+02  0.51407215E+00  0.44078525E+00  0.79537968E+00
  0.79000000E+02  0.51612699E+00  0.44220451E+00  0.79597514E+00
  0.80000000E+02  0.51758343E+00  0.44339279E+00  0.79699949E+00
  0.81000000E+02  0.51956389E+00  0.44475606E+00  0.79752980E+00
  0.82000000E+02  0.52095129E+00  0.44589267E+00  0.79849717E+00
  0.83000000E+02  0.52277983E+00  0.44711383E+00  0.79897255E+00
  0.84000000E+02  0.52411090E+00  0.44821017E+00  0.79987891E+00
  0.85000000E+02  0.52604816E+00  0.44957352E+00  0.80027891E+00
  0.86000000E+02  0.52732069E+00  0.45062571E+00  0.80115052E+00
  0.87000000E+02  0.52910113E+00  0.45182850E+00  0.80147799E+00
  0.88000000E+02  0.53031108E+00  0.45283290E+00  0.80231742E+00
  0.89000000E+02  0.53203404E+00  0.45399278E+00  0.80257508E+00
  0.90000000E+02  0.53318532E+00  0.45495162E+00  0.80338473E+00
  0.91000000E+02  0.53485762E+00  0.45607261E+00  0.80374846E+00
  0.92000000E+02  0.53599516E+00  0.45701693E+00  0.80428295E+00
  0.93000000E+02  0.53759650E+00  0.45808796E+00  0.80483085E+00
  0.94000000E+02  0.53863842E+00  0.45896133E+00  0.80514876E+00
  0.95000000E+02  0.54018784E+00  0.45999265E+00  0.80582504E+00
  0.96000000E+02  0.54113844E+00  0.46079453E+00  0.80601265E+00
  0.97000000E+02  0.54263820E+00  0.46178815E+00  0.80673515E+00
  0.98000000E+02  0.54356461E+00  0.46257277E+00  0.80686357E+00
  0.99000000E+02  0.54501738E+00  0.46353038E+00  0.80756504E+00
  0.10000000E+03  0.54590624E+00  0.46428197E+00  0.80763630E+00
  0.10100000E+03  0.54721612E+00  0.46510013E+00  0.80831639E+00
  0.10200000E+03  0.54806546E+00  0.46582296E+00  0.80833439E+00
  0.10300000E+03  0.54955804E+00  0.46685107E+00  0.80898022E+00
  0.10400000E+03  0.55036325E+00  0.46753912E+00  0.80896119E+00
  0.10500000E+03  0.55169221E+00  0.46840434E+00  0.80957418E+00
  0.10600000E+03  0.55245766E+00  0.46906144E+00  0.80953022E+00
  0.10700000E+03  0.55375278E+00  0.46989958E+00  0.81010133E+00
  0.10800000E+03  0.55447991E+00  0.47052715E+00  0.81019577E+00
  0.10900000E+03  0.55574433E+00  0.47134138E+00  0.81056457E+00
  0.11000000E+03  0.55647244E+00  0.47196692E+00  0.81086953E+00
  0.11100000E+03  0.55769191E+00  0.47274708E+00  0.81096664E+00
  0.11200000E+03  0.55834511E+00  0.47331857E+00  0.81139618E+00
  0.11300000E+03  0.55953351E+00  0.47407287E+00  0.81131012E+00
  0.11400000E+03  0.56011217E+00  0.47458820E+00  0.81186534E+00
  0.11500000E+03  0.56126809E+00  0.47531792E+00  0.81167999E+00
  0.11600000E+03  0.56183969E+00  0.47582821E+00  0.81227936E+00
  0.11700000E+03  0.56296459E+00  0.47653443E+00  0.81206692E+00
  0.11800000E+03  0.56350990E+00  0.47702407E+00  0.81264051E+00
  0.11900000E+03  0.56448440E+00  0.47758367E+00  0.81239204E+00
  0.12000000E+03  0.56501520E+00  0.47806192E+00  0.81295089E+00
  0.12100000E+03  0.56622210E+00  0.47887325E+00  0.81266167E+00
  0.12200000E+03  0.56672921E+00  0.47933411E+00  0.81321252E+00
  0.12300000E+03  0.56776161E+00  0.47997036E+00  0.81303129E+00
  0.12400000E+03  0.56824245E+00  0.48041085E+00  0.81342730E+00
  0.12500000E+03  0.56925458E+00  0.48103042E+00  0.81337622E+00
  0.12600000E+03  0.56970868E+00  0.48145146E+00  0.81359702E+00
  0.12700000E+03  0.57070899E+00  0.48205692E+00  0.81367681E+00
  0.12800000E+03  0.57118531E+00  0.48248344E+00  0.81363337E+00
  0.12900000E+03  0.57214622E+00  0.48306537E+00  0.81393472E+00
  0.13000000E+03  0.57255693E+00  0.48344872E+00  0.81370194E+00
  0.13100000E+03  0.57349536E+00  0.48401388E+00  0.81415150E+00
  0.13200000E+03  0.57384127E+00  0.48435086E+00  0.81381179E+00
  0.13300000E+03  0.57475903E+00  0.48490009E+00  0.81432863E+00
  0.13400000E+03  0.57510918E+00  0.48523949E+00  0.81395496E+00
  0.13500000E+03  0.57600637E+00  0.48577348E+00  0.81446753E+00
  0.13600000E+03  0.57633930E+00  0.48609991E+00  0.81406076E+00
  0.13700000E+03  0.57707830E+00  0.48648098E+00  0.81455373E+00
  0.13800000E+03  0.57740412E+00  0.48679967E+00  0.81413050E+00
  0.13900000E+03  0.57842787E+00  0.48747781E+00  0.81460406E+00
  0.14000000E+03  0.57873422E+00  0.48778103E+00  0.81426541E+00
  0.14100000E+03  0.57958012E+00  0.48827600E+00  0.81461995E+00
  0.14200000E+03  0.57987016E+00  0.48856582E+00  0.81443180E+00
  0.14300000E+03  0.58070169E+00  0.48905054E+00  0.81460252E+00
  0.14400000E+03  0.58097498E+00  0.48932755E+00  0.81456526E+00
  0.14500000E+03  0.58179854E+00  0.48980420E+00  0.81455284E+00
  0.14600000E+03  0.58209512E+00  0.49009140E+00  0.81472570E+00
  0.14700000E+03  0.58289016E+00  0.49055120E+00  0.81447191E+00
  0.14800000E+03  0.58312968E+00  0.49080262E+00  0.81478048E+00
  0.14900000E+03  0.58390942E+00  0.49125127E+00  0.81436071E+00
  0.15000000E+03  0.58408984E+00  0.49146299E+00  0.81480529E+00
  0.15100000E+03  0.58485564E+00  0.49190103E+00  0.81430069E+00
  0.15200000E+03  0.58504872E+00  0.49212001E+00  0.81480101E+00
  0.15300000E+03  0.58580046E+00  0.49254789E+00  0.81428525E+00
  0.15400000E+03  0.58598427E+00  0.49275898E+00  0.81476847E+00
  0.15500000E+03  0.58657308E+00  0.49302379E+00  0.81423835E+00
  0.15600000E+03  0.58676091E+00  0.49323534E+00  0.81470847E+00
  0.15700000E+03  0.58766861E+00  0.49382682E+00  0.81431500E+00
  0.15800000E+03  0.58784712E+00  0.49403182E+00  0.81462176E+00
  0.15900000E+03  0.58855768E+00  0.49442683E+00  0.81436519E+00
  0.16000000E+03  0.58872618E+00  0.49462278E+00  0.81450904E+00
  0.16100000E+03  0.58942817E+00  0.49501174E+00  0.81438960E+00
  0.16200000E+03  0.58958543E+00  0.49519902E+00  0.81437098E+00
  0.16300000E+03  0.59028114E+00  0.49558386E+00  0.81438889E+00
  0.16400000E+03  0.59046847E+00  0.49578403E+00  0.81410921E+00
  0.16500000E+03  0.59114338E+00  0.49615646E+00  0.81436366E+00
  0.16600000E+03  0.59127673E+00  0.49632570E+00  0.81390661E+00
  0.16700000E+03  0.59194110E+00  0.49669072E+00  0.81431451E+00
  0.16800000E+03  0.59201996E+00  0.49682458E+00  0.81376025E+00
  0.16900000E+03  0.59267417E+00  0.49718254E+00  0.81424198E+00
  0.17000000E+03  0.59277259E+00  0.49732652E+00  0.81366487E+00
  0.17100000E+03  0.59341801E+00  0.49767770E+00  0.81414660E+00
  0.17200000E+03  0.59351117E+00  0.49781690E+00  0.81354704E+00
  0.17300000E+03  0.59397799E+00  0.49799609E+00  0.81400558E+00
  0.17400000E+03  0.59407430E+00  0.49813637E+00  0.81348811E+00
  0.17500000E+03  0.59490066E+00  0.49867555E+00  0.81385026E+00
  0.17600000E+03  0.59498554E+00  0.49880844E+00  0.81348651E+00
  0.17700000E+03  0.59560884E+00  0.49914188E+00  0.81367350E+00
  0.17800000E+03  0.59568573E+00  0.49926863E+00  0.81346360E+00
  0.17900000E+03  0.59630576E+00  0.49959860E+00  0.81347572E+00
  0.18000000E+03  0.59637393E+00  0.49971945E+00  0.81341978E+00
  0.18100000E+03  0.59699427E+00  0.50004771E+00  0.81325733E+00
  0.18200000E+03  0.59709583E+00  0.50018305E+00  0.81340815E+00
  0.18300000E+03  0.59769496E+00  0.50050179E+00  0.81301870E+00
  0.18400000E+03  0.59774931E+00  0.50060962E+00  0.81330803E+00
  0.18500000E+03  0.59834121E+00  0.50092323E+00  0.81276019E+00
  0.18600000E+03  0.59834765E+00  0.50099877E+00  0.81318809E+00
  0.18700000E+03  0.59893225E+00  0.50130748E+00  0.81256096E+00
  0.18800000E+03  0.59895663E+00  0.50139500E+00  0.81304867E+00
  0.18900000E+03  0.59953419E+00  0.50169899E+00  0.81241743E+00
  0.19000000E+03  0.59955702E+00  0.50178384E+00  0.81289006E+00
  0.19100000E+03  0.59994850E+00  0.50190571E+00  0.81234707E+00
  0.19200000E+03  0.59998042E+00  0.50199587E+00  0.81271257E+00
  0.19300000E+03  0.60075367E+00  0.50250043E+00  0.81230813E+00
  0.19400000E+03  0.60078209E+00  0.50258836E+00  0.81251647E+00
  0.19500000E+03  0.60133413E+00  0.50287479E+00  0.81225065E+00
  0.19600000E+03  0.60135697E+00  0.50295840E+00  0.81230202E+00
  0.19700000E+03  0.60190464E+00  0.50324308E+00  0.81217488E+00
  0.19800000E+03  0.60192211E+00  0.50332253E+00  0.81206947E+00
  0.19900000E+03  0.60246972E+00  0.50360710E+00  0.81208106E+00
  0.20000000E+03  0.60251819E+00  0.50370188E+00  0.81171606E+00
  0.20100000E+03  0.60305613E+00  0.50397889E+00  0.81196942E+00
  0.20200000E+03  0.60306102E+00  0.50404849E+00  0.81143245E+00
  0.20300000E+03  0.60359415E+00  0.50432193E+00  0.81184017E+00
  0.20400000E+03  0.60355426E+00  0.50436132E+00  0.81120929E+00
  0.20500000E+03  0.60408105E+00  0.50463136E+00  0.81169349E+00
  0.20600000E+03  0.60406220E+00  0.50468376E+00  0.81104481E+00
  0.20700000E+03  0.60458395E+00  0.50495050E+00  0.81152960E+00
  0.20800000E+03  0.60456614E+00  0.50500151E+00  0.81086328E+00
  0.20900000E+03  0.60489328E+00  0.50507714E+00  0.81132234E+00
  0.21000000E+03  0.60487964E+00  0.50513310E+00  0.81080573E+00
  0.21100000E+03  0.60561780E+00  0.50561750E+00  0.81110902E+00
  0.21200000E+03  0.60559938E+00  0.50566957E+00  0.81074659E+00
  0.21300000E+03  0.60610649E+00  0.50592701E+00  0.81087899E+00
  0.21400000E+03  0.60608414E+00  0.50597602E+00  0.81067077E+00
  0.21500000E+03  0.60659229E+00  0.50623275E+00  0.81063239E+00
  0.21600000E+03  0.60656712E+00  0.50627880E+00  0.81057842E+00
  0.21700000E+03  0.60707970E+00  0.50653639E+00  0.81036939E+00
  0.21800000E+03  0.60708943E+00  0.50659818E+00  0.81052019E+00
  0.21900000E+03  0.60758609E+00  0.50684956E+00  0.81009010E+00
  0.22000000E+03  0.60754788E+00  0.50688791E+00  0.81037971E+00
  0.22100000E+03  0.60804031E+00  0.50713667E+00  0.80979467E+00
  0.22200000E+03  0.60795631E+00  0.50714641E+00  0.81022309E+00
  0.22300000E+03  0.60844258E+00  0.50739266E+00  0.80955985E+00
  0.22400000E+03  0.60838851E+00  0.50741608E+00  0.81005043E+00
  0.22500000E+03  0.60887013E+00  0.50765989E+00  0.80938628E+00
  0.22600000E+03  0.60881819E+00  0.50768282E+00  0.80986185E+00
  0.22700000E+03  0.60909340E+00  0.50772645E+00  0.80931888E+00
  0.22800000E+03  0.60904986E+00  0.50775677E+00  0.80965744E+00
  0.22900000E+03  0.60975825E+00  0.50822746E+00  0.80925309E+00
  0.23000000E+03  0.60971369E+00  0.50825727E+00  0.80943731E+00
  0.23100000E+03  0.61018773E+00  0.50849004E+00  0.80917159E+00
  0.23200000E+03  0.61013994E+00  0.50851759E+00  0.80920154E+00
  0.23300000E+03  0.61061341E+00  0.50875036E+00  0.80907447E+00
  0.23400000E+03  0.61056153E+00  0.50877573E+00  0.80895022E+00
  0.23500000E+03  0.61103785E+00  0.50901002E+00  0.80896182E+00
  0.23600000E+03  0.61102108E+00  0.50905125E+00  0.80857960E+00
  0.23700000E+03  0.61148246E+00  0.50928028E+00  0.80883371E+00
  0.23800000E+03  0.61141873E+00  0.50929932E+00  0.80828202E+00
  0.23900000E+03  0.61187767E+00  0.50952641E+00  0.80869020E+00
  0.24000000E+03  0.61176854E+00  0.50951799E+00  0.80804454E+00
  0.24100000E+03  0.61222494E+00  0.50974323E+00  0.80853137E+00
  0.24200000E+03  0.61213774E+00  0.50974879E+00  0.80787022E+00
  0.24300000E+03  0.61259099E+00  0.50997223E+00  0.80835728E+00
  0.24400000E+03  0.61250731E+00  0.50997784E+00  0.80768072E+00
  0.24500000E+03  0.61274810E+00  0.50999288E+00  0.80814140E+00
  0.24600000E+03  0.61267924E+00  0.51000528E+00  0.80762353E+00
  0.24700000E+03  0.61338035E+00  0.51046866E+00  0.80792157E+00
  0.24800000E+03  0.61330880E+00  0.51047880E+00  0.80755753E+00
  0.24900000E+03  0.61375780E+00  0.51069627E+00  0.80768665E+00
  0.25000000E+03  0.61368417E+00  0.51070473E+00  0.80747645E+00
  0.25100000E+03  0.61413197E+00  0.51092263E+00  0.80743669E+00
  0.25200000E+03  0.61405634E+00  0.51092947E+00  0.80738035E+00
  0.25300000E+03  0.61450629E+00  0.51114929E+00  0.80717174E+00
  0.25400000E+03  0.61446458E+00  0.51117195E+00  0.80731998E+00
  0.25500000E+03  0.61490214E+00  0.51138723E+00  0.80689185E+00
  0.25600000E+03  0.61481771E+00  0.51138868E+00  0.80717859E+00
  0.25700000E+03  0.61525162E+00  0.51160243E+00  0.80659705E+00
  0.25800000E+03  0.61512483E+00  0.51157735E+00  0.80702228E+00
  0.25900000E+03  0.61555523E+00  0.51178964E+00  0.80636128E+00
  0.26000000E+03  0.61545244E+00  0.51177875E+00  0.80685109E+00
  0.26100000E+03  0.61588014E+00  0.51198961E+00  0.80619063E+00
  0.26200000E+03  0.61578191E+00  0.51197918E+00  0.80666506E+00
  0.26300000E+03  0.61598449E+00  0.51197380E+00  0.80611763E+00
  0.26400000E+03  0.61590029E+00  0.51197172E+00  0.80646422E+00
  0.26500000E+03  0.61658206E+00  0.51242992E+00  0.80605505E+00
  0.26600000E+03  0.61649766E+00  0.51242805E+00  0.80624859E+00
  0.26700000E+03  0.61691923E+00  0.51263073E+00  0.80597771E+00
  0.26800000E+03  0.61683327E+00  0.51262756E+00  0.80601820E+00
  0.26900000E+03  0.61725415E+00  0.51283099E+00  0.80588563E+00
  0.27000000E+03  0.61716669E+00  0.51282656E+00  0.80577309E+00
  0.27100000E+03  0.61759023E+00  0.51303218E+00  0.80577882E+00
  0.27200000E+03  0.61754108E+00  0.51304347E+00  0.80541047E+00
  0.27300000E+03  0.61795366E+00  0.51324507E+00  0.80565732E+00
  0.27400000E+03  0.61785974E+00  0.51323588E+00  0.80512064E+00
  0.27500000E+03  0.61827006E+00  0.51343628E+00  0.80552113E+00
  0.27600000E+03  0.61812995E+00  0.51340127E+00  0.80488857E+00
  0.27700000E+03  0.61853807E+00  0.51360052E+00  0.80537027E+00
  0.27800000E+03  0.61842549E+00  0.51357974E+00  0.80472331E+00
  0.27900000E+03  0.61883173E+00  0.51377785E+00  0.80520476E+00
  0.28000000E+03  0.61872226E+00  0.51375777E+00  0.80454343E+00
  0.28100000E+03  0.61889364E+00  0.51373237E+00  0.80499938E+00
  0.28200000E+03  0.61879603E+00  0.51372007E+00  0.80447199E+00
  0.28300000E+03  0.61946247E+00  0.51417611E+00  0.80478930E+00
  0.28400000E+03  0.61936305E+00  0.51416237E+00  0.80441531E+00
  0.28500000E+03  0.61976296E+00  0.51435578E+00  0.80456461E+00
  0.28600000E+03  0.61966164E+00  0.51434104E+00  0.80434405E+00
  0.28700000E+03  0.62006888E+00  0.51453539E+00  0.80432533E+00
  0.28800000E+03  0.61996539E+00  0.51451967E+00  0.80425821E+00
  0.28900000E+03  0.62037669E+00  0.51471637E+00  0.80407148E+00
  0.29000000E+03  0.62031453E+00  0.51471617E+00  0.80421014E+00
  0.29100000E+03  0.62071095E+00  0.51490931E+00  0.80380307E+00
  0.29200000E+03  0.62060336E+00  0.51488924E+00  0.80407987E+00
  0.29300000E+03  0.62099785E+00  0.51508137E+00  0.80352010E+00
  0.29400000E+03  0.62084902E+00  0.51503610E+00  0.80393504E+00
  0.29500000E+03  0.62124208E+00  0.51522726E+00  0.80329325E+00
  0.29600000E+03  0.62111823E+00  0.51519624E+00  0.80377566E+00
  0.29700000E+03  0.62150940E+00  0.51538643E+00  0.80313507E+00
  0.29800000E+03  0.62138701E+00  0.51535632E+00  0.80360173E+00
  0.29900000E+03  0.62153496E+00  0.51531625E+00  0.80304295E+00
  0.30000000E+03  0.62142651E+00  0.51529501E+00  0.80341325E+00
  0.30100000E+03  0.62208406E+00  0.51574940E+00  0.80299242E+00
  0.30200000E+03  0.62197691E+00  0.51572864E+00  0.80321024E+00
  0.30300000E+03  0.62235466E+00  0.51591199E+00  0.80292737E+00
  0.30400000E+03  0.62224693E+00  0.51589043E+00  0.80299270E+00
  0.30500000E+03  0.62262940E+00  0.51607484E+00  0.80284782E+00
  0.30600000E+03  0.62252106E+00  0.51605250E+00  0.80276064E+00
  0.30700000E+03  0.62291302E+00  0.51623940E+00  0.80275375E+00
  0.30800000E+03  0.62284413E+00  0.51623238E+00  0.80241330E+00
  0.30900000E+03  0.62322193E+00  0.51641604E+00  0.80264516E+00
  0.31000000E+03  0.62311269E+00  0.51638965E+00  0.80213691E+00
  0.31100000E+03  0.62348908E+00  0.51657246E+00  0.80252206E+00
  0.31200000E+03  0.62333633E+00  0.51652136E+00  0.80191506E+00
  0.31300000E+03  0.62371105E+00  0.51670336E+00  0.80238445E+00
  0.31400000E+03  0.62358179E+00  0.51666645E+00  0.80176353E+00
  0.31500000E+03  0.62395487E+00  0.51684764E+00  0.80223232E+00
  0.31600000E+03  0.62382733E+00  0.51681175E+00  0.80159751E+00
  0.31700000E+03  0.62395256E+00  0.51675628E+00  0.80204266E+00
  0.31800000E+03  0.62383832E+00  0.51672878E+00  0.80149867E+00
  0.31900000E+03  0.62448944E+00  0.51718304E+00  0.80184622E+00
  0.32000000E+03  0.62437415E+00  0.51715456E+00  0.80145532E+00
  0.32100000E+03  0.62473779E+00  0.51733149E+00  0.80163526E+00
  0.32200000E+03  0.62462182E+00  0.51730237E+00  0.80139749E+00
  0.32300000E+03  0.62498577E+00  0.51748044E+00  0.80140979E+00
  0.32400000E+03  0.62487044E+00  0.51745070E+00  0.80132517E+00
  0.32500000E+03  0.62524571E+00  0.51763132E+00  0.80116981E+00
  0.32600000E+03  0.62517036E+00  0.51761665E+00  0.80129304E+00
  0.32700000E+03  0.62553596E+00  0.51779437E+00  0.80091533E+00
  0.32800000E+03  0.62541858E+00  0.51776075E+00  0.80117645E+00
  0.32900000E+03  0.62578316E+00  0.51793772E+00  0.80064633E+00
  0.33000000E+03  0.62562160E+00  0.51787983E+00  0.80104535E+00
  0.33100000E+03  0.62598489E+00  0.51805607E+00  0.80043003E+00
  0.33200000E+03  0.62584851E+00  0.51801233E+00  0.80089973E+00
  0.33300000E+03  0.62620978E+00  0.51818786E+00  0.80028590E+00
  0.33400000E+03  0.62607661E+00  0.51814524E+00  0.80073959E+00
  0.33500000E+03  0.62618309E+00  0.51807828E+00  0.80016424E+00
  0.33600000E+03  0.62606218E+00  0.51804488E+00  0.80056494E+00
  0.33700000E+03  0.62670767E+00  0.51849893E+00  0.80012731E+00
  0.33800000E+03  0.62658739E+00  0.51846613E+00  0.80037576E+00
  0.33900000E+03  0.62693708E+00  0.51863544E+00  0.80007588E+00
  0.34000000E+03  0.62681627E+00  0.51860211E+00  0.80017205E+00
  0.34100000E+03  0.62716916E+00  0.51877264E+00  0.80000995E+00
  0.34200000E+03  0.62704675E+00  0.51873879E+00  0.79995382E+00
  0.34300000E+03  0.62740797E+00  0.51891192E+00  0.79992951E+00
  0.34400000E+03  0.62732806E+00  0.51889296E+00  0.79962289E+00
  0.34500000E+03  0.62768151E+00  0.51906342E+00  0.79983456E+00
  0.34600000E+03  0.62755831E+00  0.51902585E+00  0.79936033E+00
  0.34700000E+03  0.62790913E+00  0.51919565E+00  0.79972508E+00
  0.34800000E+03  0.62774315E+00  0.51913418E+00  0.79914880E+00
  0.34900000E+03  0.62809344E+00  0.51930335E+00  0.79960107E+00
  0.35000000E+03  0.62795236E+00  0.51925595E+00  0.79901109E+00
  0.35100000E+03  0.62830047E+00  0.51942447E+00  0.79946253E+00
  0.35200000E+03  0.62816343E+00  0.51937825E+00  0.79885885E+00
  0.35300000E+03  0.62824983E+00  0.51929865E+00  0.79928908E+00
  0.35400000E+03  0.62812526E+00  0.51926125E+00  0.79872399E+00
  0.35500000E+03  0.62876581E+00  0.51971594E+00  0.79910619E+00
  0.35600000E+03  0.62864053E+00  0.51967784E+00  0.79869401E+00
  0.35700000E+03  0.62897886E+00  0.51984219E+00  0.79890874E+00
  0.35800000E+03  0.62885440E+00  0.51980367E+00  0.79864952E+00
  0.35900000E+03  0.62919574E+00  0.51996927E+00  0.79869675E+00
  0.36000000E+03  0.62907119E+00  0.51993033E+00  0.79859050E+00
  0.36100000E+03  0.62942195E+00  0.52009857E+00  0.79847020E+00
  0.36200000E+03  0.62933656E+00  0.52007425E+00  0.79857437E+00
  0.36300000E+03  0.62967658E+00  0.52024010E+00  0.79822909E+00
  0.36400000E+03  0.62955153E+00  0.52019748E+00  0.79847101E+00
  0.36500000E+03  0.62988972E+00  0.52036271E+00  0.79797343E+00
  0.36600000E+03  0.62972066E+00  0.52029654E+00  0.79835311E+00
  0.36700000E+03  0.63005858E+00  0.52046120E+00  0.79776694E+00
  0.36800000E+03  0.62991397E+00  0.52040902E+00  0.79822064E+00
  0.36900000E+03  0.63025066E+00  0.52057308E+00  0.79763607E+00
  0.37000000E+03  0.63010814E+00  0.52052214E+00  0.79807360E+00
  0.37100000E+03  0.63017688E+00  0.52043300E+00  0.79747859E+00
  0.37200000E+03  0.63004819E+00  0.52039151E+00  0.79791198E+00
  0.37300000E+03  0.63068456E+00  0.52084657E+00  0.79745459E+00
  0.37400000E+03  0.63055658E+00  0.52080573E+00  0.79773579E+00
  0.37500000E+03  0.63088570E+00  0.52096390E+00  0.79741604E+00
  0.37600000E+03  0.63075639E+00  0.52092271E+00  0.79754502E+00
  0.37700000E+03  0.63109317E+00  0.52108217E+00  0.79736293E+00
  0.37800000E+03  0.63096381E+00  0.52104063E+00  0.79733966E+00
  0.37900000E+03  0.63130542E+00  0.52120275E+00  0.79729526E+00
  0.38000000E+03  0.63121252E+00  0.52117568E+00  0.79702432E+00
  0.38100000E+03  0.63154424E+00  0.52133556E+00  0.79721301E+00
  0.38200000E+03  0.63141420E+00  0.52129044E+00  0.79677452E+00
  0.38300000E+03  0.63174477E+00  0.52144977E+00  0.79711619E+00
  0.38400000E+03  0.63156953E+00  0.52138139E+00  0.79657228E+00
  0.38500000E+03  0.63189894E+00  0.52154020E+00  0.79700477E+00
  0.38600000E+03  0.63174943E+00  0.52148572E+00  0.79644721E+00
  0.38700000E+03  0.63207660E+00  0.52164399E+00  0.79687875E+00
  0.38800000E+03  0.63193052E+00  0.52159078E+00  0.79630755E+00
  0.38900000E+03  0.63198244E+00  0.52149080E+00  0.79672059E+00
  0.39000000E+03  0.63185124E+00  0.52144674E+00  0.79615328E+00
  0.39100000E+03  0.63248230E+00  0.52190265E+00  0.79655009E+00
  0.39200000E+03  0.63235098E+00  0.52185807E+00  0.79611448E+00
  0.39300000E+03  0.63267250E+00  0.52201213E+00  0.79636498E+00
  0.39400000E+03  0.63254270E+00  0.52196726E+00  0.79608225E+00
  0.39500000E+03  0.63286893E+00  0.52212262E+00  0.79616524E+00
  0.39600000E+03  0.63273893E+00  0.52207748E+00  0.79603543E+00
  0.39700000E+03  0.63306897E+00  0.52223552E+00  0.79595089E+00
  0.39800000E+03  0.63297666E+00  0.52220459E+00  0.79603425E+00
  0.39900000E+03  0.63329562E+00  0.52236063E+00  0.79572191E+00
  0.40000000E+03  0.63316367E+00  0.52231189E+00  0.79594297E+00
  0.40100000E+03  0.63348129E+00  0.52246740E+00  0.79547830E+00
  0.40200000E+03  0.63330703E+00  0.52239568E+00  0.79583706E+00
  0.40300000E+03  0.63362357E+00  0.52255070E+00  0.79528051E+00
  0.40400000E+03  0.63347338E+00  0.52249280E+00  0.79571653E+00
  0.40500000E+03  0.63378943E+00  0.52264733E+00  0.79516159E+00
  0.40600000E+03  0.63364248E+00  0.52259073E+00  0.79558135E+00
  0.40700000E+03  0.63367891E+00  0.52248250E+00  0.79501180E+00
  0.40800000E+03  0.63354697E+00  0.52243556E+00  0.79543153E+00
  0.40900000E+03  0.63417431E+00  0.52289203E+00  0.79495311E+00
  0.41000000E+03  0.63404230E+00  0.52284573E+00  0.79526707E+00
  0.41100000E+03  0.63435714E+00  0.52299453E+00  0.79492625E+00
  0.41200000E+03  0.63422499E+00  0.52294799E+00  0.79508795E+00
  0.41300000E+03  0.63454047E+00  0.52309812E+00  0.79488476E+00
  0.41400000E+03  0.63440795E+00  0.52305135E+00  0.79489417E+00
  0.41500000E+03  0.63473124E+00  0.52320417E+00  0.79482865E+00
  0.41600000E+03  0.63463455E+00  0.52317150E+00  0.79459319E+00
  0.41700000E+03  0.63494694E+00  0.52332242E+00  0.79475789E+00
  0.41800000E+03  0.63480775E+00  0.52327213E+00  0.79435482E+00
  0.41900000E+03  0.63511906E+00  0.52342258E+00  0.79467248E+00
  0.42000000E+03  0.63494040E+00  0.52334953E+00  0.79416080E+00
  0.42100000E+03  0.63525070E+00  0.52349952E+00  0.79457242E+00
  0.42200000E+03  0.63509616E+00  0.52344022E+00  0.79404708E+00
  0.42300000E+03  0.63540546E+00  0.52358975E+00  0.79445768E+00
  0.42400000E+03  0.63525508E+00  0.52353177E+00  0.79391868E+00
  0.42500000E+03  0.63527801E+00  0.52341401E+00  0.79431355E+00
  0.42600000E+03  0.63514371E+00  0.52336543E+00  0.79377560E+00
  0.42700000E+03  0.63577322E+00  0.52382275E+00  0.79415420E+00
  0.42800000E+03  0.63563993E+00  0.52377379E+00  0.79369457E+00
  0.42900000E+03  0.63594589E+00  0.52391901E+00  0.79398016E+00
  0.43000000E+03  0.63581252E+00  0.52386986E+00  0.79367341E+00
  0.43100000E+03  0.63611893E+00  0.52401641E+00  0.79379143E+00
  0.43200000E+03  0.63598614E+00  0.52396707E+00  0.79363759E+00
  0.43300000E+03  0.63629768E+00  0.52411633E+00  0.79358801E+00
  0.43400000E+03  0.63620066E+00  0.52408086E+00  0.79365016E+00
  0.43500000E+03  0.63650150E+00  0.52422843E+00  0.79336989E+00
  0.43600000E+03  0.63636192E+00  0.52417552E+00  0.79356974E+00
  0.43700000E+03  0.63666180E+00  0.52432263E+00  0.79313708E+00
  0.43800000E+03  0.63648465E+00  0.52424720E+00  0.79347463E+00
  0.43900000E+03  0.63678338E+00  0.52439388E+00  0.79294704E+00
  0.44000000E+03  0.63663087E+00  0.52433212E+00  0.79336482E+00
  0.44100000E+03  0.63692866E+00  0.52447836E+00  0.79283881E+00
  0.44200000E+03  0.63677906E+00  0.52441794E+00  0.79324031E+00
  0.44300000E+03  0.63678854E+00  0.52429286E+00  0.79270246E+00
  0.44400000E+03  0.63665444E+00  0.52424224E+00  0.79310109E+00
  0.44500000E+03  0.63728452E+00  0.52470015E+00  0.79260154E+00
  0.44600000E+03  0.63715046E+00  0.52465016E+00  0.79294716E+00
  0.44700000E+03  0.63744800E+00  0.52479078E+00  0.79258522E+00
  0.44800000E+03  0.63731389E+00  0.52474064E+00  0.79277850E+00
  0.44900000E+03  0.63761309E+00  0.52488261E+00  0.79255421E+00
  0.45000000E+03  0.63747831E+00  0.52483232E+00  0.79259513E+00
  0.45100000E+03  0.63778285E+00  0.52497700E+00  0.79250852E+00
  0.45200000E+03  0.63768294E+00  0.52494049E+00  0.79230724E+00
  0.45300000E+03  0.63797755E+00  0.52508355E+00  0.79244811E+00
  0.45400000E+03  0.63783310E+00  0.52502975E+00  0.79207914E+00
  0.45500000E+03  0.63812681E+00  0.52517239E+00  0.79237299E+00
  0.45600000E+03  0.63794395E+00  0.52509627E+00  0.79189251E+00
  0.45700000E+03  0.63823735E+00  0.52523849E+00  0.79228314E+00
  0.45800000E+03  0.63808153E+00  0.52517597E+00  0.79178894E+00
  0.45900000E+03  0.63837403E+00  0.52531778E+00  0.79217857E+00
  0.46000000E+03  0.63822195E+00  0.52525661E+00  0.79167064E+00
  0.46100000E+03  0.63822257E+00  0.52512297E+00  0.79204727E+00
  0.46200000E+03  0.63808835E+00  0.52507139E+00  0.79153760E+00
  0.46300000E+03  0.63871583E+00  0.52553005E+00  0.79189795E+00
  0.46400000E+03  0.63858139E+00  0.52547818E+00  0.79141471E+00
  0.46500000E+03  0.63887096E+00  0.52561559E+00  0.79173387E+00
  0.46600000E+03  0.63873652E+00  0.52556360E+00  0.79140355E+00
  0.46700000E+03  0.63902739E+00  0.52570237E+00  0.79155504E+00
  0.46800000E+03  0.63889359E+00  0.52565027E+00  0.79137767E+00
  0.46900000E+03  0.63918894E+00  0.52579175E+00  0.79136146E+00
  0.47000000E+03  0.63908981E+00  0.52575323E+00  0.79140282E+00
  0.47100000E+03  0.63937552E+00  0.52589328E+00  0.79115312E+00
  0.47200000E+03  0.63923189E+00  0.52583761E+00  0.79133221E+00
  0.47300000E+03  0.63951674E+00  0.52597725E+00  0.79093001E+00
  0.47400000E+03  0.63933155E+00  0.52589944E+00  0.79124685E+00
  0.47500000E+03  0.63961540E+00  0.52603869E+00  0.79074702E+00
  0.47600000E+03  0.63946006E+00  0.52597441E+00  0.79114673E+00
  0.47700000E+03  0.63974207E+00  0.52611327E+00  0.79064842E+00
  0.47800000E+03  0.63959200E+00  0.52605035E+00  0.79103185E+00
  0.47900000E+03  0.63958490E+00  0.52591010E+00  0.79052432E+00
  0.48000000E+03  0.63944960E+00  0.52585709E+00  0.79090220E+00
  0.48100000E+03  0.64007493E+00  0.52631627E+00  0.79038213E+00
  0.48200000E+03  0.63994038E+00  0.52626389E+00  0.79075778E+00
  0.48300000E+03  0.64022244E+00  0.52639720E+00  0.79037536E+00
  0.48400000E+03  0.64008792E+00  0.52634472E+00  0.79059857E+00
  0.48500000E+03  0.64037197E+00  0.52647939E+00  0.79035385E+00
  0.48600000E+03  0.64023684E+00  0.52642681E+00  0.79042458E+00
  0.48700000E+03  0.64052602E+00  0.52656422E+00  0.79031758E+00
  0.48800000E+03  0.64042591E+00  0.52652518E+00  0.79014867E+00
  0.48900000E+03  0.64070518E+00  0.52666117E+00  0.79026655E+00
  0.49000000E+03  0.64056060E+00  0.52660510E+00  0.78992983E+00
  0.49100000E+03  0.64083905E+00  0.52674071E+00  0.79020075E+00
  0.49200000E+03  0.64065127E+00  0.52666267E+00  0.78974998E+00
  0.49300000E+03  0.64092887E+00  0.52679791E+00  0.79012017E+00
  0.49400000E+03  0.64077146E+00  0.52673333E+00  0.78965560E+00
  0.49500000E+03  0.64104825E+00  0.52686819E+00  0.79002480E+00
  0.49600000E+03  0.64089757E+00  0.52680499E+00  0.78954642E+00
  0.49700000E+03  0.64087925E+00  0.52665694E+00  0.78990526E+00
  0.49800000E+03  0.64074512E+00  0.52660347E+00  0.78942245E+00
  0.49900000E+03  0.64136736E+00  0.52706328E+00  0.78976501E+00
  0.50000000E+03  0.64123310E+00  0.52700959E+00  0.78928367E+00
  0.50100000E+03  0.64150790E+00  0.52713998E+00  0.78960996E+00
  0.50200000E+03  0.64137369E+00  0.52708623E+00  0.78925710E+00
  0.50300000E+03  0.64164969E+00  0.52721799E+00  0.78944011E+00
  0.50400000E+03  0.64151614E+00  0.52716416E+00  0.78924025E+00
  0.50500000E+03  0.64179687E+00  0.52729866E+00  0.78925544E+00
  0.50600000E+03  0.64169810E+00  0.52725819E+00  0.78927694E+00
  0.50700000E+03  0.64196921E+00  0.52739144E+00  0.78905596E+00
  0.50800000E+03  0.64182600E+00  0.52733405E+00  0.78921525E+00
  0.50900000E+03  0.64209634E+00  0.52746693E+00  0.78884167E+00
  0.51000000E+03  0.64190860E+00  0.52738772E+00  0.78913875E+00
  0.51100000E+03  0.64217806E+00  0.52752025E+00  0.78866521E+00
  0.51200000E+03  0.64202215E+00  0.52745445E+00  0.78904744E+00
  0.51300000E+03  0.64229124E+00  0.52758662E+00  0.78857534E+00
  0.51400000E+03  0.64214390E+00  0.52752219E+00  0.78894132E+00
  0.51500000E+03  0.64211490E+00  0.52736810E+00  0.78846245E+00
  0.51600000E+03  0.64197965E+00  0.52731366E+00  0.78882037E+00
  0.51700000E+03  0.64259925E+00  0.52777391E+00  0.78832764E+00
  0.51800000E+03  0.64246533E+00  0.52772008E+00  0.78868459E+00
  0.51900000E+03  0.64273337E+00  0.52784676E+00  0.78828274E+00
  0.52000000E+03  0.64259952E+00  0.52779287E+00  0.78853398E+00
  0.52100000E+03  0.64286902E+00  0.52792094E+00  0.78826988E+00
  0.52200000E+03  0.64273463E+00  0.52786700E+00  0.78836854E+00
  0.52300000E+03  0.64300988E+00  0.52799780E+00  0.78824222E+00
  0.52400000E+03  0.64291061E+00  0.52795721E+00  0.78810360E+00
  0.52500000E+03  0.64317594E+00  0.52808677E+00  0.78819974E+00
  0.52600000E+03  0.64303228E+00  0.52802934E+00  0.78789320E+00
  0.52700000E+03  0.64329686E+00  0.52815855E+00  0.78814244E+00
  0.52800000E+03  0.64310813E+00  0.52807945E+00  0.78771969E+00
  0.52900000E+03  0.64337197E+00  0.52820832E+00  0.78807031E+00
  0.53000000E+03  0.64321640E+00  0.52814257E+00  0.78763367E+00
  0.53100000E+03  0.64347874E+00  0.52827109E+00  0.78798334E+00
  0.53200000E+03  0.64333633E+00  0.52820672E+00  0.78753280E+00
  0.53300000E+03  0.64329400E+00  0.52804547E+00  0.78787458E+00
  0.53400000E+03  0.64316186E+00  0.52799093E+00  0.78741709E+00
  0.53500000E+03  0.64377596E+00  0.52845167E+00  0.78774263E+00
  0.53600000E+03  0.64364373E+00  0.52839698E+00  0.78728652E+00
  0.53700000E+03  0.64390291E+00  0.52852097E+00  0.78759583E+00
  0.53800000E+03  0.64376985E+00  0.52846625E+00  0.78722175E+00
  0.53900000E+03  0.64403190E+00  0.52859163E+00  0.78743416E+00
  0.54000000E+03  0.64389915E+00  0.52853688E+00  0.78721316E+00
  0.54100000E+03  0.64416657E+00  0.52866501E+00  0.78725764E+00
  0.54200000E+03  0.64406903E+00  0.52862344E+00  0.78726046E+00
  0.54300000E+03  0.64432684E+00  0.52875047E+00  0.78706625E+00
  0.54400000E+03  0.64418493E+00  0.52869216E+00  0.78720692E+00
  0.54500000E+03  0.64444202E+00  0.52881885E+00  0.78686001E+00
  0.54600000E+03  0.64425506E+00  0.52873900E+00  0.78713854E+00
  0.54700000E+03  0.64451144E+00  0.52886536E+00  0.78668971E+00
  0.54800000E+03  0.64435893E+00  0.52879879E+00  0.78705529E+00
  0.54900000E+03  0.64461560E+00  0.52892483E+00  0.78660781E+00
  0.55000000E+03  0.64447334E+00  0.52885965E+00  0.78695718E+00
  0.55100000E+03  0.64442363E+00  0.52869281E+00  0.78650522E+00
  0.55200000E+03  0.64428986E+00  0.52863767E+00  0.78684420E+00
  0.55300000E+03  0.64490366E+00  0.52909875E+00  0.78637829E+00
  0.55400000E+03  0.64477060E+00  0.52904419E+00  0.78671634E+00
  0.55500000E+03  0.64502398E+00  0.52916481E+00  0.78629629E+00
  0.55600000E+03  0.64489104E+00  0.52911023E+00  0.78657361E+00
  0.55700000E+03  0.64514514E+00  0.52923224E+00  0.78629137E+00
  0.55800000E+03  0.64501272E+00  0.52917764E+00  0.78641599E+00
  0.55900000E+03  0.64527413E+00  0.52930240E+00  0.78627160E+00
  0.56000000E+03  0.64517647E+00  0.52926101E+00  0.78616115E+00
  0.56100000E+03  0.64542903E+00  0.52938464E+00  0.78623697E+00
  0.56200000E+03  0.64528702E+00  0.52932657E+00  0.78595847E+00
  0.56300000E+03  0.64553889E+00  0.52944988E+00  0.78618747E+00
  0.56400000E+03  0.64535276E+00  0.52937040E+00  0.78579097E+00
  0.56500000E+03  0.64560332E+00  0.52949340E+00  0.78612310E+00
  0.56600000E+03  0.64545386E+00  0.52942715E+00  0.78571262E+00
  0.56700000E+03  0.64570342E+00  0.52954982E+00  0.78604384E+00
  0.56800000E+03  0.64556455E+00  0.52948497E+00  0.78561938E+00
  0.56900000E+03  0.64550235E+00  0.52931149E+00  0.78594502E+00
  0.57000000E+03  0.64537192E+00  0.52925654E+00  0.78551124E+00
  0.57100000E+03  0.64598144E+00  0.52971797E+00  0.78582068E+00
  0.57200000E+03  0.64585097E+00  0.52966290E+00  0.78538820E+00
  0.57300000E+03  0.64609666E+00  0.52978102E+00  0.78568144E+00
  0.57400000E+03  0.64596632E+00  0.52972595E+00  0.78528759E+00
  0.57500000E+03  0.64621276E+00  0.52984547E+00  0.78552730E+00
  0.57600000E+03  0.64608254E+00  0.52979040E+00  0.78528661E+00
  0.57700000E+03  0.64633322E+00  0.52991268E+00  0.78535826E+00
  0.57800000E+03  0.64623757E+00  0.52987067E+00  0.78534369E+00
  0.57900000E+03  0.64648314E+00  0.52999195E+00  0.78517432E+00
  0.58000000E+03  0.64634316E+00  0.52993333E+00  0.78529766E+00
  0.58100000E+03  0.64658807E+00  0.53005430E+00  0.78497547E+00
  0.58200000E+03  0.64640447E+00  0.52997438E+00  0.78523673E+00
  0.58300000E+03  0.64664945E+00  0.53009505E+00  0.78481104E+00
  0.58400000E+03  0.64650190E+00  0.53002831E+00  0.78516091E+00
  0.58500000E+03  0.64674731E+00  0.53014868E+00  0.78473648E+00
  0.58600000E+03  0.64660775E+00  0.53008333E+00  0.78507017E+00
  0.58700000E+03  0.64653876E+00  0.52990466E+00  0.78464338E+00
  0.58800000E+03  0.64640706E+00  0.52984936E+00  0.78496453E+00
  0.58900000E+03  0.64701634E+00  0.53031106E+00  0.78452369E+00
  0.59000000E+03  0.64688533E+00  0.53025632E+00  0.78484396E+00
  0.59100000E+03  0.64712682E+00  0.53037134E+00  0.78440702E+00
  0.59200000E+03  0.64699595E+00  0.53031662E+00  0.78470848E+00
  0.59300000E+03  0.64723821E+00  0.53043304E+00  0.78440942E+00
  0.59400000E+03  0.64710748E+00  0.53037833E+00  0.78455808E+00
  0.59500000E+03  0.64735381E+00  0.53049752E+00  0.78439692E+00
  0.59600000E+03  0.64725467E+00  0.53045591E+00  0.78431255E+00
  0.59700000E+03  0.64749629E+00  0.53057405E+00  0.78436953E+00
  0.59800000E+03  0.64735679E+00  0.53051589E+00  0.78411699E+00
  0.59900000E+03  0.64759636E+00  0.53063373E+00  0.78432722E+00
  0.60000000E+03  0.64741574E+00  0.53055438E+00  0.78395525E+00
  0.60100000E+03  0.64765458E+00  0.53067192E+00  0.78427000E+00
  0.60200000E+03  0.64751029E+00  0.53060571E+00  0.78388396E+00
  0.60300000E+03  0.64774776E+00  0.53072295E+00  0.78419786E+00
  0.60400000E+03  0.64761163E+00  0.53065813E+00  0.78379773E+00
  0.60500000E+03  0.64753093E+00  0.53047327E+00  0.78410821E+00
  0.60600000E+03  0.64740272E+00  0.53041838E+00  0.78369658E+00
  0.60700000E+03  0.64800786E+00  0.53088031E+00  0.78399090E+00
  0.60800000E+03  0.64787965E+00  0.53082533E+00  0.78358048E+00
  0.60900000E+03  0.64811391E+00  0.53093803E+00  0.78385865E+00
  0.61000000E+03  0.64798585E+00  0.53088308E+00  0.78344945E+00
  0.61100000E+03  0.64822091E+00  0.53099719E+00  0.78371146E+00
  0.61200000E+03  0.64809299E+00  0.53094226E+00  0.78345255E+00
  0.61300000E+03  0.64833215E+00  0.53105913E+00  0.78354933E+00
  0.61400000E+03  0.64823502E+00  0.53101720E+00  0.78351867E+00
  0.61500000E+03  0.64846923E+00  0.53113313E+00  0.78337225E+00
  0.61600000E+03  0.64833112E+00  0.53107469E+00  0.78347957E+00
  0.61700000E+03  0.64856491E+00  0.53119033E+00  0.78318023E+00
  0.61800000E+03  0.64838640E+00  0.53111080E+00  0.78342554E+00
  0.61900000E+03  0.64862040E+00  0.53122617E+00  0.78302143E+00
  0.62000000E+03  0.64847641E+00  0.53115972E+00  0.78335657E+00
  0.62100000E+03  0.64871059E+00  0.53127480E+00  0.78295365E+00
  0.62200000E+03  0.64857354E+00  0.53120974E+00  0.78327266E+00
  0.62300000E+03  0.64848656E+00  0.53102002E+00  0.78286931E+00
  0.62400000E+03  0.64835737E+00  0.53096500E+00  0.78317380E+00
  0.62500000E+03  0.64896229E+00  0.53142710E+00  0.78275631E+00
  0.62600000E+03  0.64883377E+00  0.53137263E+00  0.78305998E+00
  0.62700000E+03  0.64906421E+00  0.53148246E+00  0.78262836E+00
  0.62800000E+03  0.64893583E+00  0.53142801E+00  0.78293121E+00
  0.62900000E+03  0.64916709E+00  0.53153926E+00  0.78261660E+00
  0.63000000E+03  0.64903888E+00  0.53148484E+00  0.78278748E+00
  0.63100000E+03  0.64927426E+00  0.53159886E+00  0.78261084E+00
  0.63200000E+03  0.64917846E+00  0.53155751E+00  0.78255056E+00
  0.63300000E+03  0.64940814E+00  0.53167052E+00  0.78259014E+00
  0.63400000E+03  0.64926967E+00  0.53161269E+00  0.78236159E+00
  0.63500000E+03  0.64949921E+00  0.53172543E+00  0.78255450E+00
  0.63600000E+03  0.64932159E+00  0.53164662E+00  0.78220536E+00
  0.63700000E+03  0.64954998E+00  0.53175907E+00  0.78250391E+00
  0.63800000E+03  0.64940821E+00  0.53169330E+00  0.78214061E+00
  0.63900000E+03  0.64963494E+00  0.53180548E+00  0.78243835E+00
  0.64000000E+03  0.64950140E+00  0.53174110E+00  0.78206089E+00
  0.64100000E+03  0.64940339E+00  0.53154558E+00  0.78235719E+00
  0.64200000E+03  0.64927778E+00  0.53149113E+00  0.78196620E+00
  0.64300000E+03  0.64987869E+00  0.53195336E+00  0.78224639E+00
  0.64400000E+03  0.64975310E+00  0.53189885E+00  0.78185654E+00
  0.64500000E+03  0.64997673E+00  0.53200651E+00  0.78212062E+00
  0.64600000E+03  0.64985130E+00  0.53195205E+00  0.78173190E+00
  0.64700000E+03  0.65007577E+00  0.53206112E+00  0.78197987E+00
  0.64800000E+03  0.64995051E+00  0.53200670E+00  0.78170416E+00
  0.64900000E+03  0.65018036E+00  0.53211855E+00  0.78182414E+00
  0.65000000E+03  0.65008690E+00  0.53207709E+00  0.78177865E+00
  0.65100000E+03  0.65031133E+00  0.53218803E+00  0.78165343E+00
  0.65200000E+03  0.65017364E+00  0.53213014E+00  0.78174599E+00
  0.65300000E+03  0.65039745E+00  0.53224081E+00  0.78146775E+00
  0.65400000E+03  0.65022328E+00  0.53216201E+00  0.78169835E+00
  0.65500000E+03  0.65044701E+00  0.53227243E+00  0.78131435E+00
  0.65600000E+03  0.65030373E+00  0.53220661E+00  0.78163575E+00
  0.65700000E+03  0.65052694E+00  0.53231677E+00  0.78125285E+00
  0.65800000E+03  0.65039226E+00  0.53225235E+00  0.78155816E+00
  0.65900000E+03  0.65028842E+00  0.53205226E+00  0.78117663E+00
  0.66000000E+03  0.65016204E+00  0.53199785E+00  0.78146560E+00
  0.66100000E+03  0.65076275E+00  0.53246017E+00  0.78106984E+00
  0.66200000E+03  0.65063701E+00  0.53240628E+00  0.78135804E+00
  0.66300000E+03  0.65085715E+00  0.53251128E+00  0.78094806E+00
  0.66400000E+03  0.65073158E+00  0.53245744E+00  0.78123549E+00
  0.66500000E+03  0.65095266E+00  0.53256386E+00  0.78090657E+00
  0.66600000E+03  0.65082791E+00  0.53251006E+00  0.78109796E+00
  0.66700000E+03  0.65105462E+00  0.53261928E+00  0.78090707E+00
  0.66800000E+03  0.65096251E+00  0.53257853E+00  0.78086903E+00
  0.66900000E+03  0.65118203E+00  0.53268674E+00  0.78089259E+00
  0.67000000E+03  0.65104636E+00  0.53262959E+00  0.78068618E+00
  0.67100000E+03  0.65126518E+00  0.53273754E+00  0.78086314E+00
  0.67200000E+03  0.65109321E+00  0.53265957E+00  0.78053525E+00
  0.67300000E+03  0.65131130E+00  0.53276726E+00  0.78081870E+00
  0.67400000E+03  0.65117011E+00  0.53270224E+00  0.78047657E+00
  0.67500000E+03  0.65138758E+00  0.53280968E+00  0.78075927E+00
  0.67600000E+03  0.65125357E+00  0.53274606E+00  0.78040289E+00
  0.67700000E+03  0.65113913E+00  0.53254051E+00  0.78068599E+00
  0.67800000E+03  0.65101638E+00  0.53248680E+00  0.78031421E+00
  0.67900000E+03  0.65161319E+00  0.53294915E+00  0.78058124E+00
  0.68000000E+03  0.65149048E+00  0.53289540E+00  0.78021052E+00
  0.68100000E+03  0.65170426E+00  0.53299836E+00  0.78046148E+00
  0.68200000E+03  0.65158164E+00  0.53294467E+00  0.78009182E+00
  0.68300000E+03  0.65179850E+00  0.53304905E+00  0.78032672E+00
  0.68400000E+03  0.65167569E+00  0.53299541E+00  0.78003556E+00
  0.68500000E+03  0.65189709E+00  0.53310258E+00  0.78017695E+00
  0.68600000E+03  0.65180659E+00  0.53306190E+00  0.78011782E+00
  0.68700000E+03  0.65202115E+00  0.53316817E+00  0.78001217E+00
  0.68800000E+03  0.65188823E+00  0.53311111E+00  0.78009114E+00
  0.68900000E+03  0.65210254E+00  0.53321712E+00  0.77983238E+00
  0.69000000E+03  0.65193185E+00  0.53313932E+00  0.78004946E+00
  0.69100000E+03  0.65214632E+00  0.53324509E+00  0.77968416E+00
  0.69200000E+03  0.65200465E+00  0.53318019E+00  0.77999278E+00
  0.69300000E+03  0.65221810E+00  0.53328572E+00  0.77962852E+00
  0.69400000E+03  0.65208482E+00  0.53322221E+00  0.77992108E+00
  0.69500000E+03  0.65196196E+00  0.53301236E+00  0.77955983E+00
  0.69600000E+03  0.65183918E+00  0.53295881E+00  0.77983437E+00
  0.69700000E+03  0.65243523E+00  0.53342120E+00  0.77945882E+00
  0.69800000E+03  0.65231249E+00  0.53336815E+00  0.77973265E+00
  0.69900000E+03  0.65252425E+00  0.53346864E+00  0.77934278E+00
  0.70000000E+03  0.65240232E+00  0.53341565E+00  0.77961590E+00
  0.70100000E+03  0.65261530E+00  0.53351757E+00  0.77927382E+00
  0.70200000E+03  0.65249355E+00  0.53346463E+00  0.77948413E+00
  0.70300000E+03  0.65271072E+00  0.53356935E+00  0.77928014E+00
  0.70400000E+03  0.65262162E+00  0.53352949E+00  0.77926262E+00
  0.70500000E+03  0.65283162E+00  0.53363319E+00  0.77927146E+00
  0.70600000E+03  0.65270219E+00  0.53357696E+00  0.77908547E+00
  0.70700000E+03  0.65291093E+00  0.53368043E+00  0.77924777E+00
  0.70800000E+03  0.65274358E+00  0.53360353E+00  0.77893963E+00
  0.70900000E+03  0.65295180E+00  0.53370675E+00  0.77920907E+00
  0.71000000E+03  0.65281231E+00  0.53364273E+00  0.77888660E+00
  0.71100000E+03  0.65301993E+00  0.53374570E+00  0.77915535E+00
  0.71200000E+03  0.65288864E+00  0.53368309E+00  0.77881855E+00
  0.71300000E+03  0.65275693E+00  0.53346809E+00  0.77908939E+00
  0.71400000E+03  0.65263676E+00  0.53341533E+00  0.77873546E+00
  0.71500000E+03  0.65322876E+00  0.53387767E+00  0.77899027E+00
  0.71600000E+03  0.65310860E+00  0.53382489E+00  0.77863734E+00
  0.71700000E+03  0.65331560E+00  0.53392345E+00  0.77887613E+00
  0.71800000E+03  0.65319573E+00  0.53387074E+00  0.77852419E+00
  0.71900000E+03  0.65340363E+00  0.53397073E+00  0.77874695E+00
  0.72000000E+03  0.65328395E+00  0.53391809E+00  0.77844158E+00
  0.72100000E+03  0.65349606E+00  0.53402088E+00  0.77860273E+00
  0.72200000E+03  0.65340869E+00  0.53398123E+00  0.77853107E+00
  0.72300000E+03  0.65361398E+00  0.53408309E+00  0.77844348E+00
  0.72400000E+03  0.65348749E+00  0.53402709E+00  0.77850997E+00
  0.72500000E+03  0.65369323E+00  0.53412872E+00  0.77826919E+00
  0.72600000E+03  0.65352591E+00  0.53405212E+00  0.77847384E+00
  0.72700000E+03  0.65373115E+00  0.53415352E+00  0.77812594E+00
  0.72800000E+03  0.65359175E+00  0.53408975E+00  0.77842268E+00
  0.72900000E+03  0.65379660E+00  0.53419092E+00  0.77807574E+00
  0.73000000E+03  0.65366422E+00  0.53412854E+00  0.77835648E+00
  0.73100000E+03  0.65352660E+00  0.53390947E+00  0.77801407E+00
  0.73200000E+03  0.65340774E+00  0.53385697E+00  0.77827524E+00
  0.73300000E+03  0.65399867E+00  0.53431928E+00  0.77791845E+00
  0.73400000E+03  0.65388040E+00  0.53426727E+00  0.77817895E+00
  0.73500000E+03  0.65408103E+00  0.53436353E+00  0.77780778E+00
  0.73600000E+03  0.65396224E+00  0.53431158E+00  0.77806762E+00
  0.73700000E+03  0.65416622E+00  0.53440928E+00  0.77771344E+00
  0.73800000E+03  0.65404761E+00  0.53435739E+00  0.77794123E+00
  0.73900000E+03  0.65425582E+00  0.53445790E+00  0.77772520E+00
  0.74000000E+03  0.65416987E+00  0.53441914E+00  0.77772663E+00
  0.74100000E+03  0.65437093E+00  0.53451860E+00  0.77772193E+00
  0.74200000E+03  0.65424867E+00  0.53446349E+00  0.77755481E+00
  0.74300000E+03  0.65444852E+00  0.53456272E+00  0.77770363E+00
  0.74400000E+03  0.65428430E+00  0.53448709E+00  0.77741383E+00
  0.74500000E+03  0.65448365E+00  0.53458608E+00  0.77767028E+00
  0.74600000E+03  0.65434766E+00  0.53452326E+00  0.77736608E+00
  0.74700000E+03  0.65454644E+00  0.53462202E+00  0.77762189E+00
  0.74800000E+03  0.65441733E+00  0.53456060E+00  0.77730328E+00
  0.74900000E+03  0.65427191E+00  0.53433665E+00  0.77756275E+00
  0.75000000E+03  0.65415455E+00  0.53428502E+00  0.77722543E+00
  0.75100000E+03  0.65474391E+00  0.53474721E+00  0.77746891E+00
  0.75200000E+03  0.65462661E+00  0.53469557E+00  0.77713251E+00
  0.75300000E+03  0.65482264E+00  0.53479001E+00  0.77736001E+00
  0.75400000E+03  0.65470553E+00  0.53473844E+00  0.77702453E+00
  0.75500000E+03  0.65490333E+00  0.53483432E+00  0.77723605E+00
  0.75600000E+03  0.65478687E+00  0.53478282E+00  0.77691760E+00
  0.75700000E+03  0.65499024E+00  0.53488151E+00  0.77709702E+00
  0.75800000E+03  0.65490610E+00  0.53484307E+00  0.77701383E+00
  0.75900000E+03  0.65510268E+00  0.53494078E+00  0.77694294E+00
  0.76000000E+03  0.65498334E+00  0.53488601E+00  0.77699794E+00
  0.76100000E+03  0.65518036E+00  0.53498350E+00  0.77677379E+00
  0.76200000E+03  0.65501631E+00  0.53490826E+00  0.77696701E+00
  0.76300000E+03  0.65521286E+00  0.53500553E+00  0.77663528E+00
  0.76400000E+03  0.65507739E+00  0.53494305E+00  0.77692101E+00
  0.76500000E+03  0.65527340E+00  0.53504011E+00  0.77659019E+00
  0.76600000E+03  0.65514657E+00  0.53497902E+00  0.77685995E+00
  0.76700000E+03  0.65499459E+00  0.53475121E+00  0.77653504E+00
  0.76800000E+03  0.65487859E+00  0.53469992E+00  0.77678382E+00
  0.76900000E+03  0.65546468E+00  0.53516204E+00  0.77644447E+00
  0.77000000E+03  0.65534961E+00  0.53511121E+00  0.77669263E+00
  0.77100000E+03  0.65554084E+00  0.53520349E+00  0.77633882E+00
  0.77200000E+03  0.65542596E+00  0.53515273E+00  0.77658636E+00
  0.77300000E+03  0.65561813E+00  0.53524645E+00  0.77622106E+00
  0.77400000E+03  0.65550343E+00  0.53519577E+00  0.77646502E+00
  0.77500000E+03  0.65570185E+00  0.53529231E+00  0.77623791E+00
  0.77600000E+03  0.65562046E+00  0.53525482E+00  0.77625686E+00
  0.77700000E+03  0.65581238E+00  0.53535026E+00  0.77623970E+00
  0.77800000E+03  0.65569650E+00  0.53529643E+00  0.77609003E+00
  0.77900000E+03  0.65588796E+00  0.53539166E+00  0.77622643E+00
  0.78000000E+03  0.65572695E+00  0.53531743E+00  0.77595368E+00
  0.78100000E+03  0.65591795E+00  0.53541243E+00  0.77619810E+00
  0.78200000E+03  0.65578738E+00  0.53535094E+00  0.77591088E+00
  0.78300000E+03  0.65597837E+00  0.53544572E+00  0.77615470E+00
  0.78400000E+03  0.65585408E+00  0.53538563E+00  0.77585300E+00
  0.78500000E+03  0.65569429E+00  0.53515320E+00  0.77610193E+00
  0.78600000E+03  0.65558077E+00  0.53510282E+00  0.77578005E+00
  0.78700000E+03  0.65616392E+00  0.53556476E+00  0.77601302E+00
  0.78800000E+03  0.65605046E+00  0.53551438E+00  0.77569200E+00
  0.78900000E+03  0.65623704E+00  0.53560494E+00  0.77590903E+00
  0.79000000E+03  0.65612325E+00  0.53555464E+00  0.77558887E+00
  0.79100000E+03  0.65631189E+00  0.53564664E+00  0.77578996E+00
  0.79200000E+03  0.65619829E+00  0.53559642E+00  0.77547066E+00
  0.79300000E+03  0.65639118E+00  0.53569125E+00  0.77565580E+00
  0.79400000E+03  0.65631210E+00  0.53565416E+00  0.77556201E+00
  0.79500000E+03  0.65650136E+00  0.53574794E+00  0.77550656E+00
  0.79600000E+03  0.65638575E+00  0.53569453E+00  0.77555101E+00
  0.79700000E+03  0.65657455E+00  0.53578810E+00  0.77534223E+00
  0.79800000E+03  0.65641553E+00  0.53571433E+00  0.77552493E+00
  0.79900000E+03  0.65660354E+00  0.53580771E+00  0.77520824E+00
  0.80000000E+03  0.65647443E+00  0.53574663E+00  0.77548378E+00
  0.80100000E+03  0.65666216E+00  0.53583980E+00  0.77516793E+00
  0.80200000E+03  0.65653877E+00  0.53578012E+00  0.77542753E+00
  0.80300000E+03  0.65637335E+00  0.53554402E+00  0.77511889E+00
  0.80400000E+03  0.65626065E+00  0.53549404E+00  0.77535620E+00
  0.80500000E+03  0.65684252E+00  0.53595586E+00  0.77503304E+00
  0.80600000E+03  0.65673037E+00  0.53590632E+00  0.77526978E+00
  0.80700000E+03  0.65691211E+00  0.53599485E+00  0.77493210E+00
  0.80800000E+03  0.65680014E+00  0.53594539E+00  0.77516826E+00
  0.80900000E+03  0.65698391E+00  0.53603537E+00  0.77481606E+00
  0.81000000E+03  0.65687248E+00  0.53598598E+00  0.77505165E+00
  0.81100000E+03  0.65706091E+00  0.53607881E+00  0.77481434E+00
  0.81200000E+03  0.65698436E+00  0.53604270E+00  0.77484951E+00
  0.81300000E+03  0.65716834E+00  0.53613433E+00  0.77482088E+00
  0.81400000E+03  0.65705669E+00  0.53608190E+00  0.77468736E+00
  0.81500000E+03  0.65724076E+00  0.53617333E+00  0.77481234E+00
  0.81600000E+03  0.65708470E+00  0.53610060E+00  0.77455542E+00
  0.81700000E+03  0.65726834E+00  0.53619182E+00  0.77478871E+00
  0.81800000E+03  0.65714188E+00  0.53613177E+00  0.77451726E+00
  0.81900000E+03  0.65732497E+00  0.53622279E+00  0.77474999E+00
  0.82000000E+03  0.65720398E+00  0.53616413E+00  0.77446400E+00
  0.82100000E+03  0.65703109E+00  0.53592364E+00  0.77470317E+00
  0.82200000E+03  0.65692090E+00  0.53587460E+00  0.77439564E+00
  0.82300000E+03  0.65750031E+00  0.53633620E+00  0.77461890E+00
  0.82400000E+03  0.65739018E+00  0.53628717E+00  0.77431217E+00
  0.82500000E+03  0.65756768E+00  0.53637407E+00  0.77451952E+00
  0.82600000E+03  0.65745775E+00  0.53632512E+00  0.77421359E+00
  0.82700000E+03  0.65763622E+00  0.53641347E+00  0.77440504E+00
  0.82800000E+03  0.65752648E+00  0.53636461E+00  0.77409991E+00
  0.82900000E+03  0.65771099E+00  0.53645580E+00  0.77427545E+00
  0.83000000E+03  0.65763695E+00  0.53642016E+00  0.77417188E+00
  0.83100000E+03  0.65781873E+00  0.53651022E+00  0.77413075E+00
  0.83200000E+03  0.65770731E+00  0.53645826E+00  0.77416547E+00
  0.83300000E+03  0.65788803E+00  0.53654812E+00  0.77397095E+00
  0.83400000E+03  0.65773316E+00  0.53647591E+00  0.77414396E+00
  0.83500000E+03  0.65791345E+00  0.53656559E+00  0.77384125E+00
  0.83600000E+03  0.65778849E+00  0.53650601E+00  0.77410735E+00
  0.83700000E+03  0.65796853E+00  0.53659549E+00  0.77380542E+00
  0.83800000E+03  0.65784846E+00  0.53653730E+00  0.77405563E+00
  0.83900000E+03  0.65767025E+00  0.53629332E+00  0.77376210E+00
  0.84000000E+03  0.65756088E+00  0.53624472E+00  0.77398880E+00
  0.84100000E+03  0.65813908E+00  0.53670617E+00  0.77368070E+00
  0.84200000E+03  0.65803022E+00  0.53665800E+00  0.77390686E+00
  0.84300000E+03  0.65820435E+00  0.53674299E+00  0.77358418E+00
  0.84400000E+03  0.65809568E+00  0.53669489E+00  0.77380980E+00
  0.84500000E+03  0.65827079E+00  0.53678134E+00  0.77347254E+00
  0.84600000E+03  0.65816231E+00  0.53673333E+00  0.77369763E+00
  0.84700000E+03  0.65834268E+00  0.53682263E+00  0.77345092E+00
  0.84800000E+03  0.65827384E+00  0.53678800E+00  0.77350115E+00
  0.84900000E+03  0.65845039E+00  0.53687603E+00  0.77346192E+00
  0.85000000E+03  0.65834046E+00  0.53682506E+00  0.77334339E+00
  0.85100000E+03  0.65851660E+00  0.53691290E+00  0.77345782E+00
  0.85200000E+03  0.65836354E+00  0.53684174E+00  0.77321563E+00
  0.85300000E+03  0.65853968E+00  0.53692937E+00  0.77343861E+00
  0.85400000E+03  0.65841745E+00  0.53687084E+00  0.77318183E+00
  0.85500000E+03  0.65859304E+00  0.53695827E+00  0.77340429E+00
  0.85600000E+03  0.65847537E+00  0.53690112E+00  0.77313291E+00
  0.85700000E+03  0.65829001E+00  0.53665297E+00  0.77336305E+00
  0.85800000E+03  0.65818315E+00  0.53660534E+00  0.77306887E+00
  0.85900000E+03  0.65875892E+00  0.53706652E+00  0.77328314E+00
  0.86000000E+03  0.65865213E+00  0.53701890E+00  0.77298971E+00
  0.86100000E+03  0.65882218E+00  0.53710234E+00  0.77318810E+00
  0.86200000E+03  0.65871558E+00  0.53705481E+00  0.77289541E+00
  0.86300000E+03  0.65888678E+00  0.53713970E+00  0.77307793E+00
  0.86400000E+03  0.65878087E+00  0.53709226E+00  0.77278599E+00
  0.86500000E+03  0.65895935E+00  0.53718001E+00  0.77295264E+00
  0.86600000E+03  0.65889061E+00  0.53714589E+00  0.77284005E+00
  0.86700000E+03  0.65906499E+00  0.53723242E+00  0.77281222E+00
  0.86800000E+03  0.65895525E+00  0.53718198E+00  0.77283795E+00
  0.86900000E+03  0.65912923E+00  0.53726832E+00  0.77265668E+00
  0.87000000E+03  0.65897508E+00  0.53719771E+00  0.77282074E+00
  0.87100000E+03  0.65914804E+00  0.53728388E+00  0.77253104E+00
  0.87200000E+03  0.65902737E+00  0.53722586E+00  0.77278840E+00
  0.87300000E+03  0.65920013E+00  0.53731184E+00  0.77249943E+00
  0.87400000E+03  0.65908335E+00  0.53725519E+00  0.77274094E+00
  0.87500000E+03  0.65889297E+00  0.53700372E+00  0.77246148E+00
  0.87600000E+03  0.65878692E+00  0.53695656E+00  0.77267836E+00
  0.87700000E+03  0.65936154E+00  0.53741756E+00  0.77238425E+00
  0.87800000E+03  0.65925599E+00  0.53737080E+00  0.77260063E+00
  0.87900000E+03  0.65942312E+00  0.53745244E+00  0.77229189E+00
  0.88000000E+03  0.65931752E+00  0.53740577E+00  0.77250778E+00
  0.88100000E+03  0.65948789E+00  0.53748888E+00  0.77218440E+00
  0.88200000E+03  0.65938244E+00  0.53744229E+00  0.77239979E+00
  0.88300000E+03  0.65955886E+00  0.53752825E+00  0.77214440E+00
  0.88400000E+03  0.65949274E+00  0.53749516E+00  0.77220860E+00
  0.88500000E+03  0.65966261E+00  0.53757976E+00  0.77215959E+00
  0.88600000E+03  0.65955451E+00  0.53753032E+00  0.77205499E+00
  0.88700000E+03  0.65972352E+00  0.53761474E+00  0.77215967E+00
  0.88800000E+03  0.65957170E+00  0.53754519E+00  0.77193118E+00
  0.88900000E+03  0.65974031E+00  0.53762942E+00  0.77214463E+00
  0.89000000E+03  0.65962132E+00  0.53757244E+00  0.77190149E+00
  0.89100000E+03  0.65978981E+00  0.53765648E+00  0.77211445E+00
  0.89200000E+03  0.65967544E+00  0.53760088E+00  0.77185666E+00
  0.89300000E+03  0.65947819E+00  0.53734543E+00  0.77207845E+00
  0.89400000E+03  0.65937466E+00  0.53729924E+00  0.77179669E+00
  0.89500000E+03  0.65994687E+00  0.53775995E+00  0.77200263E+00
  0.89600000E+03  0.65984345E+00  0.53771377E+00  0.77172157E+00
  0.89700000E+03  0.66000816E+00  0.53779394E+00  0.77191168E+00
  0.89800000E+03  0.65990537E+00  0.53774786E+00  0.77163132E+00
  0.89900000E+03  0.66007111E+00  0.53782949E+00  0.77180558E+00
  0.90000000E+03  0.65996851E+00  0.53778350E+00  0.77152591E+00
  0.90100000E+03  0.66014152E+00  0.53786799E+00  0.77168434E+00
  0.90200000E+03  0.66007739E+00  0.53783545E+00  0.77156341E+00
  0.90300000E+03  0.66024445E+00  0.53791862E+00  0.77154796E+00
  0.90400000E+03  0.66013652E+00  0.53786973E+00  0.77156538E+00
  0.90500000E+03  0.66030320E+00  0.53795272E+00  0.77139643E+00
  0.90600000E+03  0.66015081E+00  0.53788376E+00  0.77155221E+00
  0.90700000E+03  0.66031740E+00  0.53796659E+00  0.77127462E+00
  0.90800000E+03  0.66019781E+00  0.53791016E+00  0.77152391E+00
  0.90900000E+03  0.66036416E+00  0.53799281E+00  0.77124700E+00
  0.91000000E+03  0.66025015E+00  0.53793775E+00  0.77148046E+00
  0.91100000E+03  0.66004816E+00  0.53767913E+00  0.77121408E+00
  0.91200000E+03  0.65994541E+00  0.53763343E+00  0.77142187E+00
  0.91300000E+03  0.66051839E+00  0.53809393E+00  0.77114080E+00
  0.91400000E+03  0.66041586E+00  0.53804863E+00  0.77134813E+00
  0.91500000E+03  0.66057838E+00  0.53812709E+00  0.77105237E+00
  0.91600000E+03  0.66047604E+00  0.53808187E+00  0.77125924E+00
  0.91700000E+03  0.66063957E+00  0.53816181E+00  0.77094878E+00
  0.91800000E+03  0.66053791E+00  0.53811667E+00  0.77115519E+00
  0.91900000E+03  0.66070854E+00  0.53819948E+00  0.77089176E+00
  0.92000000E+03  0.66064710E+00  0.53816796E+00  0.77096899E+00
  0.92100000E+03  0.66081018E+00  0.53824930E+00  0.77091091E+00
  0.92200000E+03  0.66070450E+00  0.53820141E+00  0.77081928E+00
  0.92300000E+03  0.66086720E+00  0.53828258E+00  0.77091494E+00
  0.92400000E+03  0.66071654E+00  0.53821467E+00  0.77069919E+00
  0.92500000E+03  0.66087872E+00  0.53829565E+00  0.77090381E+00
  0.92600000E+03  0.66076187E+00  0.53824027E+00  0.77067337E+00
  0.92700000E+03  0.66092321E+00  0.53832107E+00  0.77087755E+00
  0.92800000E+03  0.66081043E+00  0.53826706E+00  0.77063240E+00
  0.92900000E+03  0.66060302E+00  0.53800464E+00  0.77084647E+00
  0.93000000E+03  0.66050324E+00  0.53795992E+00  0.77057627E+00
  0.93100000E+03  0.66107375E+00  0.53842009E+00  0.77077453E+00
  0.93200000E+03  0.66097405E+00  0.53837539E+00  0.77050499E+00
  0.93300000E+03  0.66113206E+00  0.53845245E+00  0.77068743E+00
  0.93400000E+03  0.66103254E+00  0.53840784E+00  0.77041854E+00
  0.93500000E+03  0.66119278E+00  0.53848637E+00  0.77058518E+00
  0.93600000E+03  0.66109304E+00  0.53844186E+00  0.77031693E+00
  0.93700000E+03  0.66126100E+00  0.53852326E+00  0.77046776E+00
  0.93800000E+03  0.66120060E+00  0.53849232E+00  0.77033910E+00
  0.93900000E+03  0.66136101E+00  0.53857229E+00  0.77033519E+00
  0.94000000E+03  0.66125634E+00  0.53852498E+00  0.77034490E+00
  0.94100000E+03  0.66141638E+00  0.53860479E+00  0.77018745E+00
  0.94200000E+03  0.66126713E+00  0.53853749E+00  0.77033556E+00
  0.94300000E+03  0.66142703E+00  0.53861713E+00  0.77006923E+00
  0.94400000E+03  0.66130945E+00  0.53856231E+00  0.77031106E+00
  0.94500000E+03  0.66146899E+00  0.53864179E+00  0.77004537E+00
  0.94600000E+03  0.66135609E+00  0.53858834E+00  0.77027141E+00
  0.94700000E+03  0.66114505E+00  0.53832290E+00  0.77001720E+00
  0.94800000E+03  0.66104533E+00  0.53827868E+00  0.77021659E+00
  0.94900000E+03  0.66161553E+00  0.53873863E+00  0.76994764E+00
  0.95000000E+03  0.66151627E+00  0.53869479E+00  0.77014660E+00
  0.95100000E+03  0.66167222E+00  0.53877024E+00  0.76986292E+00
  0.95200000E+03  0.66157315E+00  0.53872648E+00  0.77006146E+00
  0.95300000E+03  0.66173164E+00  0.53880341E+00  0.76976304E+00
  0.95400000E+03  0.66163324E+00  0.53875974E+00  0.76996114E+00
  0.95500000E+03  0.66179863E+00  0.53883955E+00  0.76969024E+00
  0.95600000E+03  0.66174044E+00  0.53880963E+00  0.76977963E+00
  0.95700000E+03  0.66189705E+00  0.53888786E+00  0.76971314E+00
  0.95800000E+03  0.66179459E+00  0.53884155E+00  0.76963362E+00
  0.95900000E+03  0.66195083E+00  0.53891961E+00  0.76972089E+00
  0.96000000E+03  0.66180458E+00  0.53885336E+00  0.76951701E+00
  0.96100000E+03  0.66196031E+00  0.53893124E+00  0.76971347E+00
  0.96200000E+03  0.66184632E+00  0.53887746E+00  0.76949486E+00
  0.96300000E+03  0.66200146E+00  0.53895517E+00  0.76969090E+00
  0.96400000E+03  0.66189147E+00  0.53890276E+00  0.76945753E+00
  0.96500000E+03  0.66167136E+00  0.53863369E+00  0.76966447E+00
  0.96600000E+03  0.66157482E+00  0.53859045E+00  0.76940504E+00
  0.96700000E+03  0.66214198E+00  0.53905005E+00  0.76959619E+00
  0.96800000E+03  0.66204551E+00  0.53900683E+00  0.76933737E+00
  0.96900000E+03  0.66219713E+00  0.53908094E+00  0.76951274E+00
  0.97000000E+03  0.66210084E+00  0.53903781E+00  0.76925453E+00
  0.97100000E+03  0.66225619E+00  0.53911339E+00  0.76941411E+00
  0.97200000E+03  0.66215969E+00  0.53907035E+00  0.76915651E+00
  0.97300000E+03  0.66232253E+00  0.53914882E+00  0.76930031E+00
  0.97400000E+03  0.66226534E+00  0.53911949E+00  0.76916447E+00
  0.97500000E+03  0.66241941E+00  0.53919642E+00  0.76917134E+00
  0.97600000E+03  0.66231796E+00  0.53915070E+00  0.76917390E+00
  0.97700000E+03  0.66247168E+00  0.53922746E+00  0.76902720E+00
  0.97800000E+03  0.66232718E+00  0.53916182E+00  0.76916817E+00
  0.97900000E+03  0.66248122E+00  0.53923843E+00  0.76891234E+00
  0.98000000E+03  0.66236863E+00  0.53918523E+00  0.76914727E+00
  0.98100000E+03  0.66252232E+00  0.53926169E+00  0.76889204E+00
  0.98200000E+03  0.66241217E+00  0.53920984E+00  0.76911120E+00
  0.98300000E+03  0.66218669E+00  0.53893788E+00  0.76886834E+00
  0.98400000E+03  0.66208984E+00  0.53889514E+00  0.76905995E+00
  0.98500000E+03  0.66265600E+00  0.53935451E+00  0.76880231E+00
  0.98600000E+03  0.66255997E+00  0.53931213E+00  0.76899353E+00
  0.98700000E+03  0.66270967E+00  0.53938471E+00  0.76872111E+00
  0.98800000E+03  0.66261397E+00  0.53934242E+00  0.76891192E+00
  0.98900000E+03  0.66276755E+00  0.53941649E+00  0.76862471E+00
  0.99000000E+03  0.66267235E+00  0.53937429E+00  0.76881513E+00
  0.99100000E+03  0.66283274E+00  0.53945125E+00  0.76853729E+00
  0.99200000E+03  0.66277771E+00  0.53942294E+00  0.76863805E+00
  0.99300000E+03  0.66292814E+00  0.53949820E+00  0.76856373E+00
  0.99400000E+03  0.66282917E+00  0.53945346E+00  0.76849553E+00
  0.99500000E+03  0.66297905E+00  0.53952856E+00  0.76857500E+00
  0.99600000E+03  0.66283965E+00  0.53946395E+00  0.76838219E+00
  0.99700000E+03  0.66298901E+00  0.53953889E+00  0.76857110E+00
  0.99800000E+03  0.66287963E+00  0.53948671E+00  0.76836351E+00
  0.99900000E+03  0.66302866E+00  0.53956148E+00  0.76855202E+00
  0.10000000E+04  0.66294768E+00  0.53954031E+00  0.76836047E+00
