 # t   L1   L2   Linf
  0.10000000E+01  0.30087357E+00  0.29100850E+00  0.61405437E+00
  0.20000000E+01  0.40942480E+00  0.36467287E+00  0.72552802E+00
  0.30000000E+01  0.47986592E+00  0.41346988E+00  0.73798943E+00
  0.40000000E+01  0.51826947E+00  0.44392915E+00  0.78717259E+00
  0.50000000E+01  0.55552258E+00  0.46888952E+00  0.77164263E+00
  0.60000000E+01  0.56702890E+00  0.48023901E+00  0.79446842E+00
  0.70000000E+01  0.58719223E+00  0.49129415E+00  0.77114211E+00
  0.80000000E+01  0.58867345E+00  0.49508722E+00  0.80608262E+00
  0.90000000E+01  0.60626802E+00  0.50353919E+00  0.78076560E+00
  0.10000000E+02  0.60269999E+00  0.50452237E+00  0.79418760E+00
  0.11000000E+02  0.61573679E+00  0.51011120E+00  0.76865109E+00
  0.12000000E+02  0.61229225E+00  0.50956885E+00  0.80300185E+00
  0.13000000E+02  0.62468591E+00  0.51519818E+00  0.77669205E+00
  0.14000000E+02  0.61963491E+00  0.51421400E+00  0.78971085E+00
  0.15000000E+02  0.62951649E+00  0.51869948E+00  0.76368100E+00
  0.16000000E+02  0.62597904E+00  0.51720509E+00  0.79798856E+00
  0.17000000E+02  0.63547626E+00  0.52189700E+00  0.77113141E+00
  0.18000000E+02  0.63081720E+00  0.52033712E+00  0.78546519E+00
  0.19000000E+02  0.63897719E+00  0.52430848E+00  0.75878525E+00
  0.20000000E+02  0.63548180E+00  0.52251413E+00  0.79289097E+00
  0.21000000E+02  0.64327772E+00  0.52664165E+00  0.76543724E+00
  0.22000000E+02  0.63898497E+00  0.52485636E+00  0.78141772E+00
  0.23000000E+02  0.64610133E+00  0.52845495E+00  0.75408033E+00
  0.24000000E+02  0.64261821E+00  0.52655683E+00  0.78792772E+00
  0.25000000E+02  0.64948407E+00  0.53027084E+00  0.75993579E+00
  0.26000000E+02  0.64528355E+00  0.52839561E+00  0.77753075E+00
  0.27000000E+02  0.65175173E+00  0.53169921E+00  0.74963563E+00
  0.28000000E+02  0.64821252E+00  0.52977690E+00  0.78322007E+00
  0.29000000E+02  0.65450165E+00  0.53317213E+00  0.75478879E+00
  0.30000000E+02  0.65031515E+00  0.53127013E+00  0.77384941E+00
  0.31000000E+02  0.65644615E+00  0.53433656E+00  0.74550945E+00
  0.32000000E+02  0.65273717E+00  0.53242554E+00  0.77884319E+00
  0.33000000E+02  0.65867663E+00  0.53556949E+00  0.75006510E+00
  0.34000000E+02  0.65448002E+00  0.53367169E+00  0.77041320E+00
  0.35000000E+02  0.66043437E+00  0.53654571E+00  0.74172370E+00
  0.36000000E+02  0.65648868E+00  0.53466166E+00  0.77482610E+00
  0.37000000E+02  0.66228108E+00  0.53760410E+00  0.74577541E+00
  0.38000000E+02  0.65801378E+00  0.53572558E+00  0.76723763E+00
  0.39000000E+02  0.66384372E+00  0.53844184E+00  0.74044641E+00
  0.40000000E+02  0.65966266E+00  0.53659101E+00  0.77116652E+00
  0.41000000E+02  0.66543033E+00  0.53936914E+00  0.74425695E+00
  0.42000000E+02  0.66104127E+00  0.53751682E+00  0.76431966E+00
  0.43000000E+02  0.66680369E+00  0.54010205E+00  0.74120438E+00
  0.44000000E+02  0.66239719E+00  0.53828602E+00  0.76784489E+00
  0.45000000E+02  0.66818336E+00  0.54092792E+00  0.74432081E+00
  0.46000000E+02  0.66367201E+00  0.53910438E+00  0.76164568E+00
  0.47000000E+02  0.66148578E+00  0.53404717E+00  0.75019059E+00
  0.48000000E+02  0.66602886E+00  0.54000758E+00  0.75203061E+00
  0.49000000E+02  0.66263153E+00  0.53474703E+00  0.75318806E+00
  0.50000000E+02  0.66739053E+00  0.54077311E+00  0.74640976E+00
  0.51000000E+02  0.66359301E+00  0.53521364E+00  0.74763412E+00
  0.52000000E+02  0.66844374E+00  0.54137681E+00  0.74934066E+00
  0.53000000E+02  0.66460390E+00  0.53585579E+00  0.75037597E+00
  0.54000000E+02  0.66965140E+00  0.54207120E+00  0.74420465E+00
  0.55000000E+02  0.66547454E+00  0.53627649E+00  0.74530107E+00
  0.56000000E+02  0.67061351E+00  0.54262410E+00  0.74689731E+00
  0.57000000E+02  0.66637243E+00  0.53687056E+00  0.74782851E+00
  0.58000000E+02  0.67169065E+00  0.54325863E+00  0.74280021E+00
  0.59000000E+02  0.66716563E+00  0.53725273E+00  0.74316815E+00
  0.60000000E+02  0.67257297E+00  0.54376780E+00  0.74467475E+00
  0.61000000E+02  0.66796747E+00  0.53780562E+00  0.74551582E+00
  0.62000000E+02  0.67353811E+00  0.54435088E+00  0.74241907E+00
  0.63000000E+02  0.66869352E+00  0.53815459E+00  0.74121474E+00
  0.64000000E+02  0.67434955E+00  0.54482157E+00  0.74264966E+00
  0.65000000E+02  0.66941266E+00  0.53867132E+00  0.74341164E+00
  0.66000000E+02  0.67521758E+00  0.54535955E+00  0.74202829E+00
  0.67000000E+02  0.67007962E+00  0.53899102E+00  0.73968573E+00
  0.68000000E+02  0.67596538E+00  0.54579571E+00  0.74080126E+00
  0.69000000E+02  0.67072680E+00  0.53947534E+00  0.74149313E+00
  0.70000000E+02  0.67674843E+00  0.54629354E+00  0.74164428E+00
  0.71000000E+02  0.67134116E+00  0.53976873E+00  0.73933637E+00
  0.72000000E+02  0.67743861E+00  0.54669824E+00  0.74009524E+00
  0.73000000E+02  0.67192514E+00  0.54022354E+00  0.74047731E+00
  0.74000000E+02  0.67814672E+00  0.54715986E+00  0.74127703E+00
  0.75000000E+02  0.67249220E+00  0.54049293E+00  0.73899108E+00
  0.76000000E+02  0.67878437E+00  0.54753560E+00  0.73984318E+00
  0.77000000E+02  0.67302025E+00  0.54092053E+00  0.74003506E+00
  0.78000000E+02  0.67942600E+00  0.54796423E+00  0.74093224E+00
  0.79000000E+02  0.67354447E+00  0.54116780E+00  0.73865841E+00
  0.80000000E+02  0.68001554E+00  0.54831308E+00  0.73959910E+00
  0.81000000E+02  0.67402272E+00  0.54157012E+00  0.73962424E+00
  0.82000000E+02  0.68059784E+00  0.54871141E+00  0.74061276E+00
  0.83000000E+02  0.67450790E+00  0.54179684E+00  0.73834350E+00
  0.84000000E+02  0.68114316E+00  0.54903518E+00  0.73936770E+00
  0.85000000E+02  0.67494156E+00  0.54217550E+00  0.73924587E+00
  0.86000000E+02  0.68167230E+00  0.54940555E+00  0.74031953E+00
  0.87000000E+02  0.67539100E+00  0.54238306E+00  0.73804919E+00
  0.88000000E+02  0.68217686E+00  0.54970584E+00  0.73915165E+00
  0.89000000E+02  0.67578459E+00  0.54273951E+00  0.73889960E+00
  0.90000000E+02  0.68265818E+00  0.55005031E+00  0.74005230E+00
  0.91000000E+02  0.67620120E+00  0.54292915E+00  0.73777671E+00
  0.92000000E+02  0.68312513E+00  0.55032859E+00  0.73895220E+00
  0.93000000E+02  0.67655862E+00  0.54326470E+00  0.73858422E+00
  0.94000000E+02  0.68356328E+00  0.55064899E+00  0.73981007E+00
  0.95000000E+02  0.67694502E+00  0.54343755E+00  0.73752630E+00
  0.96000000E+02  0.68399548E+00  0.55090662E+00  0.73876968E+00
  0.97000000E+02  0.67726973E+00  0.54375343E+00  0.73829802E+00
  0.98000000E+02  0.68439459E+00  0.55120464E+00  0.73959141E+00
  0.99000000E+02  0.67762826E+00  0.54391057E+00  0.73729746E+00
  0.10000000E+03  0.68479464E+00  0.55144290E+00  0.73860382E+00
  0.10100000E+03  0.67792330E+00  0.54420791E+00  0.73803900E+00
  0.10200000E+03  0.68515835E+00  0.55172007E+00  0.73939466E+00
  0.10300000E+03  0.67825609E+00  0.54435033E+00  0.73708931E+00
  0.10400000E+03  0.68552867E+00  0.55194019E+00  0.73845396E+00
  0.10500000E+03  0.67852418E+00  0.54463023E+00  0.73780510E+00
  0.10600000E+03  0.68586023E+00  0.55219793E+00  0.73921808E+00
  0.10700000E+03  0.67883319E+00  0.54475889E+00  0.73690070E+00
  0.10800000E+03  0.68620304E+00  0.55240106E+00  0.73831920E+00
  0.10900000E+03  0.67907676E+00  0.54502236E+00  0.73759423E+00
  0.11000000E+03  0.68650535E+00  0.55264070E+00  0.73905992E+00
  0.11100000E+03  0.67936377E+00  0.54513817E+00  0.73673032E+00
  0.11200000E+03  0.68682270E+00  0.55282795E+00  0.73819854E+00
  0.11300000E+03  0.67958500E+00  0.54538620E+00  0.73740438E+00
  0.11400000E+03  0.68709838E+00  0.55305074E+00  0.73891850E+00
  0.11500000E+03  0.67985166E+00  0.54549004E+00  0.73657686E+00
  0.11600000E+03  0.68739218E+00  0.55322315E+00  0.73809091E+00
  0.11700000E+03  0.68005253E+00  0.54572355E+00  0.73723362E+00
  0.11800000E+03  0.68764358E+00  0.55343025E+00  0.73879223E+00
  0.11900000E+03  0.68030036E+00  0.54581625E+00  0.73643898E+00
  0.12000000E+03  0.68791559E+00  0.55358882E+00  0.73799526E+00
  0.12100000E+03  0.68048266E+00  0.54603613E+00  0.73708017E+00
  0.12200000E+03  0.68814483E+00  0.55378131E+00  0.73867962E+00
  0.12300000E+03  0.68071305E+00  0.54611848E+00  0.73631537E+00
  0.12400000E+03  0.68839670E+00  0.55392700E+00  0.73791054E+00
  0.12500000E+03  0.68087839E+00  0.54632557E+00  0.73694236E+00
  0.12600000E+03  0.68860572E+00  0.55410591E+00  0.73857929E+00
  0.12700000E+03  0.68109266E+00  0.54639832E+00  0.73620479E+00
  0.12800000E+03  0.68883896E+00  0.55423960E+00  0.73783576E+00
  0.12900000E+03  0.68124250E+00  0.54659344E+00  0.73681867E+00
  0.13000000E+03  0.68902949E+00  0.55440588E+00  0.73848999E+00
  0.13100000E+03  0.68144184E+00  0.54665730E+00  0.73610608E+00
  0.13200000E+03  0.68924552E+00  0.55452843E+00  0.73776998E+00
  0.13300000E+03  0.68157753E+00  0.54684119E+00  0.73670771E+00
  0.13400000E+03  0.68941915E+00  0.55468297E+00  0.73841057E+00
  0.13500000E+03  0.68176305E+00  0.54689683E+00  0.73601815E+00
  0.13600000E+03  0.68961927E+00  0.55479519E+00  0.73771233E+00
  0.13700000E+03  0.68188581E+00  0.54707022E+00  0.73660821E+00
  0.13800000E+03  0.68977745E+00  0.55493883E+00  0.73833999E+00
  0.13900000E+03  0.68205854E+00  0.54711829E+00  0.73593997E+00
  0.14000000E+03  0.68996286E+00  0.55504146E+00  0.73766201E+00
  0.14100000E+03  0.68216947E+00  0.54728185E+00  0.73651902E+00
  0.14200000E+03  0.69010692E+00  0.55517499E+00  0.73827732E+00
  0.14300000E+03  0.68233037E+00  0.54732293E+00  0.73587062E+00
  0.14400000E+03  0.68807898E+00  0.55496826E+00  0.73674547E+00
  0.14500000E+03  0.69242396E+00  0.55658822E+00  0.73761659E+00
  0.14600000E+03  0.68822618E+00  0.55507408E+00  0.73735646E+00
  0.14700000E+03  0.69259251E+00  0.55666160E+00  0.73698348E+00
  0.14800000E+03  0.68838181E+00  0.55517667E+00  0.73671195E+00
  0.14900000E+03  0.69268754E+00  0.55678574E+00  0.73754910E+00
  0.15000000E+03  0.68851673E+00  0.55527417E+00  0.73731120E+00
  0.15100000E+03  0.69284476E+00  0.55685193E+00  0.73693332E+00
  0.15200000E+03  0.68866036E+00  0.55536888E+00  0.73668336E+00
  0.15300000E+03  0.69293002E+00  0.55696791E+00  0.73748875E+00
  0.15400000E+03  0.68878400E+00  0.55545870E+00  0.73727123E+00
  0.15500000E+03  0.69307676E+00  0.55702747E+00  0.73688931E+00
  0.15600000E+03  0.68891657E+00  0.55554609E+00  0.73665917E+00
  0.15700000E+03  0.69315307E+00  0.55713587E+00  0.73743480E+00
  0.15800000E+03  0.68902985E+00  0.55562881E+00  0.73723596E+00
  0.15900000E+03  0.69329012E+00  0.55718932E+00  0.73685081E+00
  0.16000000E+03  0.68915222E+00  0.55570944E+00  0.73663889E+00
  0.16100000E+03  0.69335826E+00  0.55729070E+00  0.73738657E+00
  0.16200000E+03  0.68925599E+00  0.55578560E+00  0.73720486E+00
  0.16300000E+03  0.69348634E+00  0.55733853E+00  0.73681725E+00
  0.16400000E+03  0.68936898E+00  0.55585997E+00  0.73670583E+00
  0.16500000E+03  0.69354702E+00  0.55743338E+00  0.73734348E+00
  0.16600000E+03  0.68946400E+00  0.55593008E+00  0.73717746E+00
  0.16700000E+03  0.69366680E+00  0.55747604E+00  0.73678813E+00
  0.16800000E+03  0.68956834E+00  0.55599866E+00  0.73688526E+00
  0.16900000E+03  0.69372065E+00  0.55756483E+00  0.73730498E+00
  0.17000000E+03  0.68965534E+00  0.55606317E+00  0.73725152E+00
  0.17100000E+03  0.69383276E+00  0.55760274E+00  0.73687284E+00
  0.17200000E+03  0.68975172E+00  0.55612641E+00  0.73704803E+00
  0.17300000E+03  0.69388039E+00  0.55768592E+00  0.73727058E+00
  0.17400000E+03  0.68983134E+00  0.55618576E+00  0.73738375E+00
  0.17500000E+03  0.69398539E+00  0.55771946E+00  0.73703497E+00
  0.17600000E+03  0.68992037E+00  0.55624405E+00  0.73719558E+00
  0.17700000E+03  0.69402732E+00  0.55779742E+00  0.73735170E+00
  0.17800000E+03  0.68999322E+00  0.55629865E+00  0.73750326E+00
  0.17900000E+03  0.69412574E+00  0.55782697E+00  0.73718204E+00
  0.18000000E+03  0.69007550E+00  0.55635238E+00  0.73732926E+00
  0.18100000E+03  0.69416249E+00  0.55790009E+00  0.73747233E+00
  0.18200000E+03  0.69014212E+00  0.55640259E+00  0.73761120E+00
  0.18300000E+03  0.69425482E+00  0.55792597E+00  0.73731535E+00
  0.18400000E+03  0.69021817E+00  0.55645211E+00  0.73745029E+00
  0.18500000E+03  0.69428683E+00  0.55799460E+00  0.73758138E+00
  0.18600000E+03  0.69027908E+00  0.55649827E+00  0.73770858E+00
  0.18700000E+03  0.69437351E+00  0.55801713E+00  0.73743612E+00
  0.18800000E+03  0.69034940E+00  0.55654390E+00  0.73755976E+00
  0.18900000E+03  0.69440121E+00  0.55808160E+00  0.73767986E+00
  0.19000000E+03  0.69040506E+00  0.55658634E+00  0.73779636E+00
  0.19100000E+03  0.69448266E+00  0.55810106E+00  0.73754544E+00
  0.19200000E+03  0.69047008E+00  0.55662839E+00  0.73765872E+00
  0.19300000E+03  0.69450643E+00  0.55816165E+00  0.73776871E+00
  0.19400000E+03  0.69052093E+00  0.55666740E+00  0.73787539E+00
  0.19500000E+03  0.69458303E+00  0.55817831E+00  0.73764431E+00
  0.19600000E+03  0.69058108E+00  0.55670613E+00  0.73774807E+00
  0.19700000E+03  0.69460323E+00  0.55823532E+00  0.73784880E+00
  0.19800000E+03  0.69062750E+00  0.55674198E+00  0.73794645E+00
  0.19900000E+03  0.69467532E+00  0.55824942E+00  0.73773366E+00
  0.20000000E+03  0.69068317E+00  0.55677767E+00  0.73782868E+00
  0.20100000E+03  0.69469226E+00  0.55830309E+00  0.73792089E+00
  0.20200000E+03  0.69072553E+00  0.55681061E+00  0.73801026E+00
  0.20300000E+03  0.69476018E+00  0.55831486E+00  0.73781432E+00
  0.20400000E+03  0.69077706E+00  0.55684348E+00  0.73790132E+00
  0.20500000E+03  0.69477417E+00  0.55836544E+00  0.73798572E+00
  0.20600000E+03  0.69081569E+00  0.55687374E+00  0.73806749E+00
  0.20700000E+03  0.69483822E+00  0.55837508E+00  0.73788707E+00
  0.20800000E+03  0.69086340E+00  0.55690402E+00  0.73796669E+00
  0.20900000E+03  0.69484952E+00  0.55842278E+00  0.73804392E+00
  0.21000000E+03  0.69089861E+00  0.55693182E+00  0.73811871E+00
  0.21100000E+03  0.69490997E+00  0.55843049E+00  0.73795259E+00
  0.21200000E+03  0.69094281E+00  0.55695971E+00  0.73802545E+00
  0.21300000E+03  0.69491883E+00  0.55847552E+00  0.73809609E+00
  0.21400000E+03  0.69097488E+00  0.55698524E+00  0.73816448E+00
  0.21500000E+03  0.69497594E+00  0.55848147E+00  0.73801154E+00
  0.21600000E+03  0.69101584E+00  0.55701093E+00  0.73807819E+00
  0.21700000E+03  0.69498259E+00  0.55852402E+00  0.73814278E+00
  0.21800000E+03  0.69104503E+00  0.55703437E+00  0.73820530E+00
  0.21900000E+03  0.69503660E+00  0.55852837E+00  0.73806449E+00
  0.22000000E+03  0.69108300E+00  0.55705804E+00  0.73812544E+00
  0.22100000E+03  0.69504124E+00  0.55856862E+00  0.73818449E+00
  0.22200000E+03  0.69110955E+00  0.55707955E+00  0.73824161E+00
  0.22300000E+03  0.69509236E+00  0.55857152E+00  0.73811198E+00
  0.22400000E+03  0.69114477E+00  0.55710135E+00  0.73816771E+00
  0.22500000E+03  0.69509519E+00  0.55860962E+00  0.73822166E+00
  0.22600000E+03  0.69116888E+00  0.55712110E+00  0.73827384E+00
  0.22700000E+03  0.69514363E+00  0.55861122E+00  0.73815451E+00
  0.22800000E+03  0.69120156E+00  0.55714119E+00  0.73820543E+00
  0.22900000E+03  0.69514483E+00  0.55864732E+00  0.73825472E+00
  0.23000000E+03  0.69122346E+00  0.55715931E+00  0.73830235E+00
  0.23100000E+03  0.69519077E+00  0.55864773E+00  0.73819251E+00
  0.23200000E+03  0.69125380E+00  0.55717781E+00  0.73823902E+00
  0.23300000E+03  0.69519049E+00  0.55868197E+00  0.73828402E+00
  0.23400000E+03  0.69127365E+00  0.55719444E+00  0.73832750E+00
  0.23500000E+03  0.69523411E+00  0.55868131E+00  0.73822640E+00
  0.23600000E+03  0.69130183E+00  0.55721148E+00  0.73826887E+00
  0.23700000E+03  0.69523250E+00  0.55871382E+00  0.73830993E+00
  0.23800000E+03  0.69131982E+00  0.55722674E+00  0.73834959E+00
  0.23900000E+03  0.69527394E+00  0.55871220E+00  0.73825654E+00
  0.24000000E+03  0.69134600E+00  0.55724244E+00  0.73829530E+00
  0.24100000E+03  0.69527114E+00  0.55874309E+00  0.73833276E+00
  0.24200000E+03  0.69136228E+00  0.55725644E+00  0.73836891E+00
  0.24300000E+03  0.69531057E+00  0.55874061E+00  0.73828328E+00
  0.24400000E+03  0.69138661E+00  0.55727090E+00  0.73831863E+00
  0.24500000E+03  0.69530669E+00  0.55877000E+00  0.73835278E+00
  0.24600000E+03  0.69140132E+00  0.55728374E+00  0.73838572E+00
  0.24700000E+03  0.69534423E+00  0.55876674E+00  0.73830692E+00
  0.24800000E+03  0.69142396E+00  0.55729706E+00  0.73833916E+00
  0.24900000E+03  0.69533940E+00  0.55879472E+00  0.73837027E+00
  0.25000000E+03  0.69143723E+00  0.55730883E+00  0.73840026E+00
  0.25100000E+03  0.69537517E+00  0.55879077E+00  0.73832776E+00
  0.25200000E+03  0.69145831E+00  0.55732111E+00  0.73835713E+00
  0.25300000E+03  0.69536948E+00  0.55881744E+00  0.73838546E+00
  0.25400000E+03  0.69147026E+00  0.55733190E+00  0.73841275E+00
  0.25500000E+03  0.69540362E+00  0.55881287E+00  0.73834604E+00
  0.25600000E+03  0.69148989E+00  0.55734322E+00  0.73837279E+00
  0.25700000E+03  0.69539717E+00  0.55883831E+00  0.73839857E+00
  0.25800000E+03  0.69150064E+00  0.55735311E+00  0.73842338E+00
  0.25900000E+03  0.69542976E+00  0.55883320E+00  0.73836201E+00
  0.26000000E+03  0.69151892E+00  0.55736354E+00  0.73838635E+00
  0.26100000E+03  0.69542263E+00  0.55885749E+00  0.73840979E+00
  0.26200000E+03  0.69152857E+00  0.55737260E+00  0.73843233E+00
  0.26300000E+03  0.69545379E+00  0.55885189E+00  0.73837588E+00
  0.26400000E+03  0.69154562E+00  0.55738221E+00  0.73839801E+00
  0.26500000E+03  0.69544607E+00  0.55887511E+00  0.73841931E+00
  0.26600000E+03  0.69155426E+00  0.55739051E+00  0.73843977E+00
  0.26700000E+03  0.69547587E+00  0.55886908E+00  0.73838785E+00
  0.26800000E+03  0.69157017E+00  0.55739937E+00  0.73840795E+00
  0.26900000E+03  0.69546762E+00  0.55889130E+00  0.73842728E+00
  0.27000000E+03  0.69157789E+00  0.55740698E+00  0.73844584E+00
  0.27100000E+03  0.69549616E+00  0.55888489E+00  0.73839809E+00
  0.27200000E+03  0.69159275E+00  0.55741514E+00  0.73841634E+00
  0.27300000E+03  0.69548746E+00  0.55890616E+00  0.73843387E+00
  0.27400000E+03  0.69159962E+00  0.55742211E+00  0.73845068E+00
  0.27500000E+03  0.69551481E+00  0.55889943E+00  0.73840678E+00
  0.27600000E+03  0.69161350E+00  0.55742964E+00  0.73842332E+00
  0.27700000E+03  0.69550571E+00  0.55891982E+00  0.73843921E+00
  0.27800000E+03  0.69161961E+00  0.55743602E+00  0.73845442E+00
  0.27900000E+03  0.69553195E+00  0.55891280E+00  0.73841405E+00
  0.28000000E+03  0.69163258E+00  0.55744296E+00  0.73842904E+00
  0.28100000E+03  0.69552250E+00  0.55893236E+00  0.73844341E+00
  0.28200000E+03  0.69163798E+00  0.55744880E+00  0.73845716E+00
  0.28300000E+03  0.69554770E+00  0.55892509E+00  0.73842005E+00
  0.28400000E+03  0.69165013E+00  0.55745520E+00  0.73843361E+00
  0.28500000E+03  0.69553796E+00  0.55894387E+00  0.73844660E+00
  0.28600000E+03  0.69165489E+00  0.55746054E+00  0.73845901E+00
  0.28700000E+03  0.69556217E+00  0.55893640E+00  0.73842490E+00
  0.28800000E+03  0.69166626E+00  0.55746645E+00  0.73843715E+00
  0.28900000E+03  0.69555218E+00  0.55895445E+00  0.73844887E+00
  0.29000000E+03  0.69167043E+00  0.55747134E+00  0.73846005E+00
  0.29100000E+03  0.69557546E+00  0.55894680E+00  0.73842871E+00
  0.29200000E+03  0.69168109E+00  0.55747678E+00  0.73843977E+00
  0.29300000E+03  0.69556526E+00  0.55896416E+00  0.73845033E+00
  0.29400000E+03  0.69168473E+00  0.55748125E+00  0.73846038E+00
  0.29500000E+03  0.69558767E+00  0.55895637E+00  0.73843159E+00
  0.29600000E+03  0.69169472E+00  0.55748628E+00  0.73844155E+00
  0.29700000E+03  0.69557731E+00  0.55897308E+00  0.73845105E+00
  0.29800000E+03  0.69169787E+00  0.55749037E+00  0.73846008E+00
  0.29900000E+03  0.69559889E+00  0.55896516E+00  0.73843362E+00
  0.30000000E+03  0.69170726E+00  0.55749501E+00  0.73844258E+00
  0.30100000E+03  0.69558839E+00  0.55898126E+00  0.73845111E+00
  0.30200000E+03  0.69170996E+00  0.55749874E+00  0.73845920E+00
  0.30300000E+03  0.69560920E+00  0.55897326E+00  0.73843490E+00
  0.30400000E+03  0.69171878E+00  0.55750303E+00  0.73844295E+00
  0.30500000E+03  0.69559859E+00  0.55898877E+00  0.73845058E+00
  0.30600000E+03  0.69172108E+00  0.55750644E+00  0.73845782E+00
  0.30700000E+03  0.69561866E+00  0.55898070E+00  0.73843551E+00
  0.30800000E+03  0.69172937E+00  0.55751039E+00  0.73844271E+00
  0.30900000E+03  0.69560798E+00  0.55899567E+00  0.73844954E+00
  0.31000000E+03  0.69173131E+00  0.55751351E+00  0.73845598E+00
  0.31100000E+03  0.69562736E+00  0.55898755E+00  0.73843550E+00
  0.31200000E+03  0.69173911E+00  0.55751716E+00  0.73844194E+00
  0.31300000E+03  0.69561662E+00  0.55900200E+00  0.73844802E+00
  0.31400000E+03  0.69174071E+00  0.55752000E+00  0.73845376E+00
  0.31500000E+03  0.69563534E+00  0.55899385E+00  0.73843496E+00
  0.31600000E+03  0.69174806E+00  0.55752338E+00  0.73844069E+00
  0.31700000E+03  0.69562457E+00  0.55900781E+00  0.73844610E+00
  0.31800000E+03  0.69174936E+00  0.55752597E+00  0.73845118E+00
  0.31900000E+03  0.69564267E+00  0.55899964E+00  0.73843393E+00
  0.32000000E+03  0.69175629E+00  0.55752909E+00  0.73843902E+00
  0.32100000E+03  0.69563190E+00  0.55901314E+00  0.73844381E+00
  0.32200000E+03  0.69175732E+00  0.55753146E+00  0.73844829E+00
  0.32300000E+03  0.69564941E+00  0.55900497E+00  0.73843247E+00
  0.32400000E+03  0.69176385E+00  0.55753434E+00  0.73843698E+00
  0.32500000E+03  0.69563864E+00  0.55901803E+00  0.73844120E+00
  0.32600000E+03  0.69176463E+00  0.55753650E+00  0.73844514E+00
  0.32700000E+03  0.69565559E+00  0.55900987E+00  0.73843063E+00
  0.32800000E+03  0.69177081E+00  0.55753916E+00  0.73843460E+00
  0.32900000E+03  0.69564485E+00  0.55902252E+00  0.73843831E+00
  0.33000000E+03  0.69177136E+00  0.55754113E+00  0.73844175E+00
  0.33100000E+03  0.69566126E+00  0.55901439E+00  0.73842845E+00
  0.33200000E+03  0.69177720E+00  0.55754359E+00  0.73843194E+00
  0.33300000E+03  0.69565056E+00  0.55902663E+00  0.73843517E+00
  0.33400000E+03  0.69177755E+00  0.55754538E+00  0.73843816E+00
  0.33500000E+03  0.69566647E+00  0.55901854E+00  0.73842597E+00
  0.33600000E+03  0.69178307E+00  0.55754766E+00  0.73842901E+00
  0.33700000E+03  0.68538351E+00  0.54971353E+00  0.73843110E+00
  0.33800000E+03  0.69384387E+00  0.55787482E+00  0.73843369E+00
  0.33900000E+03  0.68539661E+00  0.54969418E+00  0.73842252E+00
  0.34000000E+03  0.69383307E+00  0.55787055E+00  0.73842519E+00
  0.34100000E+03  0.68538797E+00  0.54971662E+00  0.73842763E+00
  0.34200000E+03  0.69384904E+00  0.55787835E+00  0.73842985E+00
  0.34300000E+03  0.68540067E+00  0.54969757E+00  0.73841962E+00
  0.34400000E+03  0.69383829E+00  0.55787407E+00  0.73842191E+00
  0.34500000E+03  0.68539208E+00  0.54971945E+00  0.73842400E+00
  0.34600000E+03  0.69385378E+00  0.55788160E+00  0.73842588E+00
  0.34700000E+03  0.68540440E+00  0.54970071E+00  0.73841651E+00
  0.34800000E+03  0.69384310E+00  0.55787730E+00  0.73841847E+00
  0.34900000E+03  0.68539587E+00  0.54972204E+00  0.73842023E+00
  0.35000000E+03  0.69385813E+00  0.55788458E+00  0.73842180E+00
  0.35100000E+03  0.68540783E+00  0.54970360E+00  0.73841323E+00
  0.35200000E+03  0.69384753E+00  0.55788027E+00  0.73841488E+00
  0.35300000E+03  0.68539936E+00  0.54972441E+00  0.73841634E+00
  0.35400000E+03  0.69386212E+00  0.55788731E+00  0.73841763E+00
  0.35500000E+03  0.68541097E+00  0.54970627E+00  0.73840979E+00
  0.35600000E+03  0.69385161E+00  0.55788301E+00  0.73841116E+00
  0.35700000E+03  0.68540257E+00  0.54972657E+00  0.73841236E+00
  0.35800000E+03  0.69386578E+00  0.55788982E+00  0.73841339E+00
  0.35900000E+03  0.68541386E+00  0.54970874E+00  0.73840622E+00
  0.36000000E+03  0.69385536E+00  0.55788553E+00  0.73840734E+00
  0.36100000E+03  0.68540553E+00  0.54972855E+00  0.73840830E+00
  0.36200000E+03  0.69386913E+00  0.55789211E+00  0.73840910E+00
  0.36300000E+03  0.68541650E+00  0.54971102E+00  0.73840255E+00
  0.36400000E+03  0.69385883E+00  0.55788784E+00  0.73840344E+00
  0.36500000E+03  0.68540826E+00  0.54973035E+00  0.73840417E+00
  0.36600000E+03  0.69387221E+00  0.55789422E+00  0.73840476E+00
  0.36700000E+03  0.68541893E+00  0.54971312E+00  0.73839878E+00
  0.36800000E+03  0.69386201E+00  0.55788997E+00  0.73839946E+00
  0.36900000E+03  0.68541078E+00  0.54973199E+00  0.73840000E+00
  0.37000000E+03  0.69387503E+00  0.55789615E+00  0.73840040E+00
  0.37100000E+03  0.68542115E+00  0.54971507E+00  0.73839494E+00
  0.37200000E+03  0.69386495E+00  0.55789193E+00  0.73839544E+00
  0.37300000E+03  0.68541310E+00  0.54973349E+00  0.73839579E+00
  0.37400000E+03  0.69387761E+00  0.55789792E+00  0.73839602E+00
  0.37500000E+03  0.68542320E+00  0.54971687E+00  0.73839104E+00
  0.37600000E+03  0.69386766E+00  0.55789374E+00  0.73839137E+00
  0.37700000E+03  0.68541523E+00  0.54973486E+00  0.73839156E+00
  0.37800000E+03  0.69387998E+00  0.55789955E+00  0.73839163E+00
  0.37900000E+03  0.68542507E+00  0.54971853E+00  0.73838710E+00
  0.38000000E+03  0.69387015E+00  0.55789540E+00  0.73838727E+00
  0.38100000E+03  0.68541720E+00  0.54973610E+00  0.73838732E+00
  0.38200000E+03  0.69388215E+00  0.55790104E+00  0.73838724E+00
  0.38300000E+03  0.68542678E+00  0.54972007E+00  0.73838312E+00
  0.38400000E+03  0.69387245E+00  0.55789693E+00  0.73838315E+00
  0.38500000E+03  0.68541902E+00  0.54973724E+00  0.73838307E+00
  0.38600000E+03  0.69388413E+00  0.55790240E+00  0.73838287E+00
  0.38700000E+03  0.68542835E+00  0.54972150E+00  0.73837912E+00
  0.38800000E+03  0.69387457E+00  0.55789833E+00  0.73837903E+00
  0.38900000E+03  0.68542070E+00  0.54973827E+00  0.73837882E+00
  0.39000000E+03  0.69388595E+00  0.55790365E+00  0.73837851E+00
  0.39100000E+03  0.68542979E+00  0.54972282E+00  0.73837511E+00
  0.39200000E+03  0.69387653E+00  0.55789963E+00  0.73837490E+00
  0.39300000E+03  0.68542225E+00  0.54973920E+00  0.73837459E+00
  0.39400000E+03  0.69388762E+00  0.55790480E+00  0.73837418E+00
  0.39500000E+03  0.68543111E+00  0.54972404E+00  0.73837109E+00
  0.39600000E+03  0.69387833E+00  0.55790082E+00  0.73837078E+00
  0.39700000E+03  0.68542368E+00  0.54974005E+00  0.73837038E+00
  0.39800000E+03  0.69388914E+00  0.55790584E+00  0.73836988E+00
  0.39900000E+03  0.68543232E+00  0.54972518E+00  0.73836708E+00
  0.40000000E+03  0.69388000E+00  0.55790192E+00  0.73836668E+00
  0.40100000E+03  0.68542499E+00  0.54974082E+00  0.73836619E+00
  0.40200000E+03  0.69389054E+00  0.55790680E+00  0.73836561E+00
  0.40300000E+03  0.68543343E+00  0.54972623E+00  0.73836307E+00
  0.40400000E+03  0.69388153E+00  0.55790293E+00  0.73836260E+00
  0.40500000E+03  0.68542621E+00  0.54974152E+00  0.73836203E+00
  0.40600000E+03  0.69389181E+00  0.55790768E+00  0.73836138E+00
  0.40700000E+03  0.68543444E+00  0.54972720E+00  0.73835909E+00
  0.40800000E+03  0.69388295E+00  0.55790386E+00  0.73835854E+00
  0.40900000E+03  0.68542733E+00  0.54974215E+00  0.73835791E+00
  0.41000000E+03  0.69389298E+00  0.55790849E+00  0.73835719E+00
  0.41100000E+03  0.68543536E+00  0.54972811E+00  0.73835513E+00
  0.41200000E+03  0.69388426E+00  0.55790472E+00  0.73835451E+00
  0.41300000E+03  0.68542837E+00  0.54974272E+00  0.73835382E+00
  0.41400000E+03  0.69389404E+00  0.55790922E+00  0.73835305E+00
  0.41500000E+03  0.68543621E+00  0.54972895E+00  0.73835119E+00
  0.41600000E+03  0.69388547E+00  0.55790551E+00  0.73835052E+00
  0.41700000E+03  0.68542933E+00  0.54974324E+00  0.73834978E+00
  0.41800000E+03  0.69389502E+00  0.55790990E+00  0.73834895E+00
  0.41900000E+03  0.68543698E+00  0.54972973E+00  0.73834729E+00
  0.42000000E+03  0.69388658E+00  0.55790624E+00  0.73834657E+00
  0.42100000E+03  0.68543022E+00  0.54974370E+00  0.73834578E+00
  0.42200000E+03  0.69389591E+00  0.55791051E+00  0.73834491E+00
  0.42300000E+03  0.68543769E+00  0.54973046E+00  0.73834342E+00
  0.42400000E+03  0.69388761E+00  0.55790691E+00  0.73834266E+00
  0.42500000E+03  0.68543104E+00  0.54974412E+00  0.73834183E+00
  0.42600000E+03  0.69389672E+00  0.55791107E+00  0.73834093E+00
  0.42700000E+03  0.68543834E+00  0.54973113E+00  0.73833959E+00
  0.42800000E+03  0.69388857E+00  0.55790753E+00  0.73833879E+00
  0.42900000E+03  0.68543179E+00  0.54974450E+00  0.73833792E+00
  0.43000000E+03  0.69389746E+00  0.55791159E+00  0.73833699E+00
  0.43100000E+03  0.68543892E+00  0.54973176E+00  0.73833580E+00
  0.43200000E+03  0.69388945E+00  0.55790810E+00  0.73833497E+00
  0.43300000E+03  0.68543249E+00  0.54974483E+00  0.73833407E+00
  0.43400000E+03  0.69389813E+00  0.55791206E+00  0.73833312E+00
  0.43500000E+03  0.68543946E+00  0.54973235E+00  0.73833206E+00
  0.43600000E+03  0.69389026E+00  0.55790863E+00  0.73833120E+00
  0.43700000E+03  0.68543314E+00  0.54974514E+00  0.73833028E+00
  0.43800000E+03  0.69389875E+00  0.55791249E+00  0.73832930E+00
  0.43900000E+03  0.68543995E+00  0.54973290E+00  0.73832836E+00
  0.44000000E+03  0.69389102E+00  0.55790912E+00  0.73832748E+00
  0.44100000E+03  0.68543374E+00  0.54974540E+00  0.73832654E+00
  0.44200000E+03  0.69389931E+00  0.55791288E+00  0.73832557E+00
  0.44300000E+03  0.68544040E+00  0.54973341E+00  0.73832472E+00
  0.44400000E+03  0.69389171E+00  0.55790957E+00  0.73832381E+00
  0.44500000E+03  0.68543430E+00  0.54974564E+00  0.73832285E+00
  0.44600000E+03  0.69389982E+00  0.55791324E+00  0.73832199E+00
  0.44700000E+03  0.68544080E+00  0.54973389E+00  0.73832112E+00
  0.44800000E+03  0.69389236E+00  0.55790998E+00  0.73832020E+00
  0.44900000E+03  0.68543481E+00  0.54974585E+00  0.73831929E+00
  0.45000000E+03  0.69390028E+00  0.55791356E+00  0.73831846E+00
  0.45100000E+03  0.68544117E+00  0.54973433E+00  0.73831757E+00
  0.45200000E+03  0.69389296E+00  0.55791036E+00  0.73831664E+00
  0.45300000E+03  0.68543529E+00  0.54974604E+00  0.73831582E+00
  0.45400000E+03  0.69390070E+00  0.55791386E+00  0.73831497E+00
  0.45500000E+03  0.68544151E+00  0.54973475E+00  0.73831408E+00
  0.45600000E+03  0.69389352E+00  0.55791072E+00  0.73831320E+00
  0.45700000E+03  0.68543573E+00  0.54974620E+00  0.73831240E+00
  0.45800000E+03  0.69390108E+00  0.55791413E+00  0.73831154E+00
  0.45900000E+03  0.68544182E+00  0.54973514E+00  0.73831064E+00
  0.46000000E+03  0.69389403E+00  0.55791104E+00  0.73830985E+00
  0.46100000E+03  0.68543614E+00  0.54974635E+00  0.73830903E+00
  0.46200000E+03  0.69390143E+00  0.55791437E+00  0.73830816E+00
  0.46300000E+03  0.68544209E+00  0.54973550E+00  0.73830731E+00
  0.46400000E+03  0.69389451E+00  0.55791135E+00  0.73830653E+00
  0.46500000E+03  0.68543652E+00  0.54974647E+00  0.73830571E+00
  0.46600000E+03  0.69390174E+00  0.55791460E+00  0.73830484E+00
  0.46700000E+03  0.68544234E+00  0.54973585E+00  0.73830406E+00
  0.46800000E+03  0.69389495E+00  0.55791163E+00  0.73830327E+00
  0.46900000E+03  0.68543688E+00  0.54974658E+00  0.73830244E+00
  0.47000000E+03  0.69390203E+00  0.55791480E+00  0.73830160E+00
  0.47100000E+03  0.68544257E+00  0.54973617E+00  0.73830085E+00
  0.47200000E+03  0.69389536E+00  0.55791189E+00  0.73830006E+00
  0.47300000E+03  0.68543721E+00  0.54974667E+00  0.73829922E+00
  0.47400000E+03  0.69390228E+00  0.55791499E+00  0.73829844E+00
  0.47500000E+03  0.68544278E+00  0.54973647E+00  0.73829769E+00
  0.47600000E+03  0.69389575E+00  0.55791212E+00  0.73829689E+00
  0.47700000E+03  0.68543751E+00  0.54974675E+00  0.73829605E+00
  0.47800000E+03  0.69390251E+00  0.55791515E+00  0.73829533E+00
  0.47900000E+03  0.68544296E+00  0.54973676E+00  0.73829457E+00
  0.48000000E+03  0.69389610E+00  0.55791235E+00  0.73829378E+00
  0.48100000E+03  0.68543780E+00  0.54974681E+00  0.73829299E+00
  0.48200000E+03  0.69390272E+00  0.55791531E+00  0.73829227E+00
  0.48300000E+03  0.68544313E+00  0.54973702E+00  0.73829151E+00
  0.48400000E+03  0.69389643E+00  0.55791255E+00  0.73829071E+00
  0.48500000E+03  0.68543806E+00  0.54974687E+00  0.73828998E+00
  0.48600000E+03  0.69390291E+00  0.55791544E+00  0.73828926E+00
  0.48700000E+03  0.68544328E+00  0.54973728E+00  0.73828850E+00
  0.48800000E+03  0.69389674E+00  0.55791274E+00  0.73828770E+00
  0.48900000E+03  0.68543831E+00  0.54974691E+00  0.73828702E+00
  0.49000000E+03  0.69390308E+00  0.55791557E+00  0.73828629E+00
  0.49100000E+03  0.68544341E+00  0.54973751E+00  0.73828553E+00
  0.49200000E+03  0.69389703E+00  0.55791292E+00  0.73828478E+00
  0.49300000E+03  0.68543854E+00  0.54974694E+00  0.73828410E+00
  0.49400000E+03  0.69390323E+00  0.55791568E+00  0.73828338E+00
  0.49500000E+03  0.68544354E+00  0.54973774E+00  0.73828262E+00
  0.49600000E+03  0.69389730E+00  0.55791308E+00  0.73828191E+00
  0.49700000E+03  0.68543875E+00  0.54974697E+00  0.73828123E+00
  0.49800000E+03  0.69390336E+00  0.55791578E+00  0.73828051E+00
  0.49900000E+03  0.68544364E+00  0.54973795E+00  0.73827976E+00
  0.50000000E+03  0.69389755E+00  0.55791324E+00  0.73827909E+00
  0.50100000E+03  0.68543895E+00  0.54974698E+00  0.73827841E+00
  0.50200000E+03  0.69390348E+00  0.55791588E+00  0.73827769E+00
  0.50300000E+03  0.68544374E+00  0.54973815E+00  0.73827696E+00
  0.50400000E+03  0.69389778E+00  0.55791338E+00  0.73827631E+00
  0.50500000E+03  0.68543914E+00  0.54974699E+00  0.73827564E+00
  0.50600000E+03  0.69390359E+00  0.55791596E+00  0.73827492E+00
  0.50700000E+03  0.68544383E+00  0.54973834E+00  0.73827423E+00
  0.50800000E+03  0.69389800E+00  0.55791351E+00  0.73827359E+00
  0.50900000E+03  0.68543931E+00  0.54974699E+00  0.73827291E+00
  0.51000000E+03  0.69390368E+00  0.55791603E+00  0.73827220E+00
  0.51100000E+03  0.68544390E+00  0.54973852E+00  0.73827154E+00
  0.51200000E+03  0.69389820E+00  0.55791363E+00  0.73827090E+00
  0.51300000E+03  0.68543948E+00  0.54974699E+00  0.73827023E+00
  0.51400000E+03  0.69390377E+00  0.55791610E+00  0.73826953E+00
  0.51500000E+03  0.68544397E+00  0.54973869E+00  0.73826890E+00
  0.51600000E+03  0.69389839E+00  0.55791375E+00  0.73826827E+00
  0.51700000E+03  0.68543963E+00  0.54974698E+00  0.73826760E+00
  0.51800000E+03  0.69390384E+00  0.55791616E+00  0.73826691E+00
  0.51900000E+03  0.68544403E+00  0.54973885E+00  0.73826631E+00
  0.52000000E+03  0.69389857E+00  0.55791385E+00  0.73826568E+00
  0.52100000E+03  0.68543977E+00  0.54974697E+00  0.73826502E+00
  0.52200000E+03  0.69390390E+00  0.55791621E+00  0.73826436E+00
  0.52300000E+03  0.68544408E+00  0.54973901E+00  0.73826376E+00
  0.52400000E+03  0.69389874E+00  0.55791395E+00  0.73826314E+00
  0.52500000E+03  0.68543991E+00  0.54974695E+00  0.73826248E+00
  0.52600000E+03  0.69390396E+00  0.55791626E+00  0.73826185E+00
  0.52700000E+03  0.68544412E+00  0.54973915E+00  0.73826126E+00
  0.52800000E+03  0.69389890E+00  0.55791404E+00  0.73826064E+00
  0.52900000E+03  0.68544003E+00  0.54974693E+00  0.73825999E+00
  0.53000000E+03  0.69390400E+00  0.55791630E+00  0.73825939E+00
  0.53100000E+03  0.68544416E+00  0.54973929E+00  0.73825880E+00
  0.53200000E+03  0.69389904E+00  0.55791413E+00  0.73825819E+00
  0.53300000E+03  0.68544015E+00  0.54974691E+00  0.73825755E+00
  0.53400000E+03  0.69390404E+00  0.55791634E+00  0.73825697E+00
  0.53500000E+03  0.68544420E+00  0.54973943E+00  0.73825639E+00
  0.53600000E+03  0.69389918E+00  0.55791421E+00  0.73825579E+00
  0.53700000E+03  0.68544026E+00  0.54974688E+00  0.73825515E+00
  0.53800000E+03  0.69390408E+00  0.55791637E+00  0.73825460E+00
  0.53900000E+03  0.68544422E+00  0.54973955E+00  0.73825402E+00
  0.54000000E+03  0.69389931E+00  0.55791429E+00  0.73825342E+00
  0.54100000E+03  0.68544037E+00  0.54974685E+00  0.73825281E+00
  0.54200000E+03  0.69390411E+00  0.55791640E+00  0.73825227E+00
  0.54300000E+03  0.68544425E+00  0.54973967E+00  0.73825170E+00
  0.54400000E+03  0.69389944E+00  0.55791436E+00  0.73825111E+00
  0.54500000E+03  0.68544047E+00  0.54974682E+00  0.73825051E+00
  0.54600000E+03  0.69390413E+00  0.55791642E+00  0.73824998E+00
  0.54700000E+03  0.68544427E+00  0.54973979E+00  0.73824942E+00
  0.54800000E+03  0.69389955E+00  0.55791442E+00  0.73824884E+00
  0.54900000E+03  0.68544056E+00  0.54974679E+00  0.73824826E+00
  0.55000000E+03  0.69390415E+00  0.55791644E+00  0.73824774E+00
  0.55100000E+03  0.68544428E+00  0.54973990E+00  0.73824719E+00
  0.55200000E+03  0.69389966E+00  0.55791448E+00  0.73824661E+00
  0.55300000E+03  0.68544065E+00  0.54974675E+00  0.73824606E+00
  0.55400000E+03  0.69390416E+00  0.55791646E+00  0.73824554E+00
  0.55500000E+03  0.68544429E+00  0.54974001E+00  0.73824499E+00
  0.55600000E+03  0.69389976E+00  0.55791454E+00  0.73824442E+00
  0.55700000E+03  0.68544073E+00  0.54974671E+00  0.73824389E+00
  0.55800000E+03  0.69390417E+00  0.55791648E+00  0.73824338E+00
  0.55900000E+03  0.68544430E+00  0.54974011E+00  0.73824284E+00
  0.56000000E+03  0.69389986E+00  0.55791460E+00  0.73824228E+00
  0.56100000E+03  0.68544081E+00  0.54974668E+00  0.73824177E+00
  0.56200000E+03  0.69390418E+00  0.55791649E+00  0.73824126E+00
  0.56300000E+03  0.68544431E+00  0.54974021E+00  0.73824073E+00
  0.56400000E+03  0.69389996E+00  0.55791465E+00  0.73824017E+00
  0.56500000E+03  0.68544089E+00  0.54974664E+00  0.73823968E+00
  0.56600000E+03  0.69390418E+00  0.55791650E+00  0.73823918E+00
  0.56700000E+03  0.68544431E+00  0.54974030E+00  0.73823866E+00
  0.56800000E+03  0.69390004E+00  0.55791470E+00  0.73823811E+00
  0.56900000E+03  0.68544096E+00  0.54974660E+00  0.73823764E+00
  0.57000000E+03  0.69390418E+00  0.55791651E+00  0.73823715E+00
  0.57100000E+03  0.68544431E+00  0.54974039E+00  0.73823663E+00
  0.57200000E+03  0.69390013E+00  0.55791474E+00  0.73823610E+00
  0.57300000E+03  0.68544102E+00  0.54974655E+00  0.73823563E+00
  0.57400000E+03  0.69390418E+00  0.55791651E+00  0.73823515E+00
  0.57500000E+03  0.68544431E+00  0.54974048E+00  0.73823464E+00
  0.57600000E+03  0.69390021E+00  0.55791479E+00  0.73823413E+00
  0.57700000E+03  0.68544109E+00  0.54974651E+00  0.73823367E+00
  0.57800000E+03  0.69390417E+00  0.55791652E+00  0.73823319E+00
  0.57900000E+03  0.68544430E+00  0.54974056E+00  0.73823269E+00
  0.58000000E+03  0.69390028E+00  0.55791483E+00  0.73823219E+00
  0.58100000E+03  0.68544115E+00  0.54974647E+00  0.73823174E+00
  0.58200000E+03  0.69390416E+00  0.55791652E+00  0.73823127E+00
  0.58300000E+03  0.68544430E+00  0.54974065E+00  0.73823078E+00
  0.58400000E+03  0.69390035E+00  0.55791486E+00  0.73823030E+00
  0.58500000E+03  0.68544120E+00  0.54974643E+00  0.73822985E+00
  0.58600000E+03  0.69390415E+00  0.55791653E+00  0.73822939E+00
  0.58700000E+03  0.68544429E+00  0.54974072E+00  0.73822890E+00
  0.58800000E+03  0.69390042E+00  0.55791490E+00  0.73822844E+00
  0.58900000E+03  0.68544126E+00  0.54974638E+00  0.73822800E+00
  0.59000000E+03  0.69390414E+00  0.55791653E+00  0.73822754E+00
  0.59100000E+03  0.68544428E+00  0.54974080E+00  0.73822707E+00
  0.59200000E+03  0.69390049E+00  0.55791493E+00  0.73822662E+00
  0.59300000E+03  0.68544131E+00  0.54974634E+00  0.73822619E+00
  0.59400000E+03  0.69390413E+00  0.55791653E+00  0.73822574E+00
  0.59500000E+03  0.68544427E+00  0.54974087E+00  0.73822527E+00
  0.59600000E+03  0.69390055E+00  0.55791497E+00  0.73822483E+00
  0.59700000E+03  0.68544136E+00  0.54974630E+00  0.73822441E+00
  0.59800000E+03  0.69390412E+00  0.55791652E+00  0.73822396E+00
  0.59900000E+03  0.68544426E+00  0.54974094E+00  0.73822350E+00
  0.60000000E+03  0.69390061E+00  0.55791500E+00  0.73822308E+00
  0.60100000E+03  0.68544141E+00  0.54974626E+00  0.73822266E+00
  0.60200000E+03  0.69390410E+00  0.55791652E+00  0.73822223E+00
  0.60300000E+03  0.68544425E+00  0.54974101E+00  0.73822177E+00
  0.60400000E+03  0.69390066E+00  0.55791503E+00  0.73822136E+00
  0.60500000E+03  0.68544146E+00  0.54974621E+00  0.73822095E+00
  0.60600000E+03  0.69390409E+00  0.55791652E+00  0.73822053E+00
  0.60700000E+03  0.68544424E+00  0.54974108E+00  0.73822008E+00
  0.60800000E+03  0.69390072E+00  0.55791506E+00  0.73821968E+00
  0.60900000E+03  0.68544150E+00  0.54974617E+00  0.73821928E+00
  0.61000000E+03  0.69390407E+00  0.55791651E+00  0.73821886E+00
  0.61100000E+03  0.68544423E+00  0.54974114E+00  0.73821842E+00
  0.61200000E+03  0.69390077E+00  0.55791508E+00  0.73821803E+00
  0.61300000E+03  0.68544154E+00  0.54974613E+00  0.73821764E+00
  0.61400000E+03  0.69390405E+00  0.55791651E+00  0.73821722E+00
  0.61500000E+03  0.68544421E+00  0.54974120E+00  0.73821679E+00
  0.61600000E+03  0.69390082E+00  0.55791511E+00  0.73821642E+00
  0.61700000E+03  0.68544158E+00  0.54974608E+00  0.73821603E+00
  0.61800000E+03  0.69390404E+00  0.55791651E+00  0.73821562E+00
  0.61900000E+03  0.68544420E+00  0.54974126E+00  0.73821520E+00
  0.62000000E+03  0.69390087E+00  0.55791513E+00  0.73821484E+00
  0.62100000E+03  0.68544162E+00  0.54974604E+00  0.73821445E+00
  0.62200000E+03  0.69390402E+00  0.55791650E+00  0.73821406E+00
  0.62300000E+03  0.68544418E+00  0.54974132E+00  0.73821364E+00
  0.62400000E+03  0.69390091E+00  0.55791515E+00  0.73821329E+00
  0.62500000E+03  0.68544166E+00  0.54974600E+00  0.73821291E+00
  0.62600000E+03  0.69390400E+00  0.55791649E+00  0.73821252E+00
  0.62700000E+03  0.68544417E+00  0.54974138E+00  0.73821212E+00
  0.62800000E+03  0.69390096E+00  0.55791518E+00  0.73821177E+00
  0.62900000E+03  0.68544169E+00  0.54974596E+00  0.73821140E+00
  0.63000000E+03  0.69390398E+00  0.55791649E+00  0.73821101E+00
  0.63100000E+03  0.68544415E+00  0.54974143E+00  0.73821062E+00
  0.63200000E+03  0.69390100E+00  0.55791520E+00  0.73821028E+00
  0.63300000E+03  0.68544173E+00  0.54974592E+00  0.73820992E+00
  0.63400000E+03  0.69390396E+00  0.55791648E+00  0.73820954E+00
  0.63500000E+03  0.68544414E+00  0.54974148E+00  0.73820916E+00
  0.63600000E+03  0.69390104E+00  0.55791522E+00  0.73820882E+00
  0.63700000E+03  0.68544176E+00  0.54974588E+00  0.73820846E+00
  0.63800000E+03  0.69390394E+00  0.55791647E+00  0.73820809E+00
  0.63900000E+03  0.68544412E+00  0.54974154E+00  0.73820773E+00
  0.64000000E+03  0.69390108E+00  0.55791524E+00  0.73820739E+00
  0.64100000E+03  0.68544179E+00  0.54974584E+00  0.73820704E+00
  0.64200000E+03  0.69390392E+00  0.55791647E+00  0.73820668E+00
  0.64300000E+03  0.68544410E+00  0.54974159E+00  0.73820632E+00
  0.64400000E+03  0.69390112E+00  0.55791526E+00  0.73820599E+00
  0.64500000E+03  0.68544182E+00  0.54974580E+00  0.73820565E+00
  0.64600000E+03  0.69390390E+00  0.55791646E+00  0.73820529E+00
  0.64700000E+03  0.68544409E+00  0.54974163E+00  0.73820494E+00
  0.64800000E+03  0.69390115E+00  0.55791527E+00  0.73820462E+00
  0.64900000E+03  0.68544185E+00  0.54974576E+00  0.73820429E+00
  0.65000000E+03  0.69390388E+00  0.55791645E+00  0.73820393E+00
  0.65100000E+03  0.68544407E+00  0.54974168E+00  0.73820360E+00
  0.65200000E+03  0.69390119E+00  0.55791529E+00  0.73820328E+00
  0.65300000E+03  0.68544188E+00  0.54974572E+00  0.73820295E+00
  0.65400000E+03  0.69390386E+00  0.55791644E+00  0.73820260E+00
  0.65500000E+03  0.68544406E+00  0.54974173E+00  0.73820227E+00
  0.65600000E+03  0.69390122E+00  0.55791531E+00  0.73820196E+00
  0.65700000E+03  0.68544191E+00  0.54974568E+00  0.73820164E+00
  0.65800000E+03  0.69390384E+00  0.55791644E+00  0.73820130E+00
  0.65900000E+03  0.68544404E+00  0.54974177E+00  0.73820098E+00
  0.66000000E+03  0.69390126E+00  0.55791532E+00  0.73820068E+00
  0.66100000E+03  0.68544193E+00  0.54974565E+00  0.73820036E+00
  0.66200000E+03  0.69390382E+00  0.55791643E+00  0.73820002E+00
  0.66300000E+03  0.68544402E+00  0.54974182E+00  0.73819971E+00
  0.66400000E+03  0.69390129E+00  0.55791534E+00  0.73819941E+00
  0.66500000E+03  0.68544196E+00  0.54974561E+00  0.73819910E+00
  0.66600000E+03  0.69390380E+00  0.55791642E+00  0.73819877E+00
  0.66700000E+03  0.68544401E+00  0.54974186E+00  0.73819847E+00
  0.66800000E+03  0.69390132E+00  0.55791535E+00  0.73819818E+00
  0.66900000E+03  0.68544199E+00  0.54974557E+00  0.73819787E+00
  0.67000000E+03  0.69390378E+00  0.55791641E+00  0.73819755E+00
  0.67100000E+03  0.68544399E+00  0.54974190E+00  0.73819726E+00
  0.67200000E+03  0.69390135E+00  0.55791537E+00  0.73819697E+00
  0.67300000E+03  0.68544201E+00  0.54974554E+00  0.73819667E+00
  0.67400000E+03  0.69390376E+00  0.55791640E+00  0.73819635E+00
  0.67500000E+03  0.68544397E+00  0.54974194E+00  0.73819606E+00
  0.67600000E+03  0.69390138E+00  0.55791538E+00  0.73819578E+00
  0.67700000E+03  0.68544203E+00  0.54974550E+00  0.73819549E+00
  0.67800000E+03  0.69390374E+00  0.55791639E+00  0.73819518E+00
  0.67900000E+03  0.68544396E+00  0.54974198E+00  0.73819490E+00
  0.68000000E+03  0.69390141E+00  0.55791539E+00  0.73819462E+00
  0.68100000E+03  0.68544206E+00  0.54974547E+00  0.73819433E+00
  0.68200000E+03  0.69390372E+00  0.55791639E+00  0.73819403E+00
  0.68300000E+03  0.68544394E+00  0.54974202E+00  0.73819375E+00
  0.68400000E+03  0.69390144E+00  0.55791541E+00  0.73819348E+00
  0.68500000E+03  0.68544208E+00  0.54974543E+00  0.73819320E+00
  0.68600000E+03  0.69390370E+00  0.55791638E+00  0.73819290E+00
  0.68700000E+03  0.68544393E+00  0.54974206E+00  0.73819264E+00
  0.68800000E+03  0.69390146E+00  0.55791542E+00  0.73819237E+00
  0.68900000E+03  0.68544210E+00  0.54974540E+00  0.73819209E+00
  0.69000000E+03  0.69390368E+00  0.55791637E+00  0.73819180E+00
  0.69100000E+03  0.68544391E+00  0.54974210E+00  0.73819154E+00
  0.69200000E+03  0.69390149E+00  0.55791543E+00  0.73819128E+00
  0.69300000E+03  0.68544212E+00  0.54974537E+00  0.73819100E+00
  0.69400000E+03  0.69390366E+00  0.55791636E+00  0.73819072E+00
  0.69500000E+03  0.68544389E+00  0.54974213E+00  0.73819047E+00
  0.69600000E+03  0.69390151E+00  0.55791544E+00  0.73819021E+00
  0.69700000E+03  0.68544214E+00  0.54974534E+00  0.73818994E+00
  0.69800000E+03  0.69390364E+00  0.55791635E+00  0.73818966E+00
  0.69900000E+03  0.68544388E+00  0.54974217E+00  0.73818941E+00
  0.70000000E+03  0.69390154E+00  0.55791545E+00  0.73818916E+00
  0.70100000E+03  0.68544216E+00  0.54974530E+00  0.73818890E+00
  0.70200000E+03  0.69390362E+00  0.55791635E+00  0.73818862E+00
  0.70300000E+03  0.68544386E+00  0.54974220E+00  0.73818838E+00
  0.70400000E+03  0.69390156E+00  0.55791547E+00  0.73818814E+00
  0.70500000E+03  0.68544218E+00  0.54974527E+00  0.73818788E+00
  0.70600000E+03  0.69390360E+00  0.55791634E+00  0.73818761E+00
  0.70700000E+03  0.68544385E+00  0.54974223E+00  0.73818738E+00
  0.70800000E+03  0.69390159E+00  0.55791548E+00  0.73818713E+00
  0.70900000E+03  0.68544220E+00  0.54974524E+00  0.73818688E+00
  0.71000000E+03  0.69390358E+00  0.55791633E+00  0.73818662E+00
  0.71100000E+03  0.68544383E+00  0.54974227E+00  0.73818639E+00
  0.71200000E+03  0.69390161E+00  0.55791549E+00  0.73818615E+00
  0.71300000E+03  0.68544222E+00  0.54974521E+00  0.73818590E+00
  0.71400000E+03  0.69390356E+00  0.55791632E+00  0.73818564E+00
  0.71500000E+03  0.68544382E+00  0.54974230E+00  0.73818542E+00
  0.71600000E+03  0.69390163E+00  0.55791550E+00  0.73818519E+00
  0.71700000E+03  0.68544224E+00  0.54974518E+00  0.73818494E+00
  0.71800000E+03  0.69390354E+00  0.55791632E+00  0.73818469E+00
  0.71900000E+03  0.68544380E+00  0.54974233E+00  0.73818447E+00
  0.72000000E+03  0.69390165E+00  0.55791551E+00  0.73818424E+00
  0.72100000E+03  0.68544225E+00  0.54974515E+00  0.73818400E+00
  0.72200000E+03  0.69390353E+00  0.55791631E+00  0.73818376E+00
  0.72300000E+03  0.68544379E+00  0.54974236E+00  0.73818355E+00
  0.72400000E+03  0.69390167E+00  0.55791552E+00  0.73818332E+00
  0.72500000E+03  0.68544227E+00  0.54974512E+00  0.73818309E+00
  0.72600000E+03  0.69390351E+00  0.55791630E+00  0.73818285E+00
  0.72700000E+03  0.68544378E+00  0.54974239E+00  0.73818264E+00
  0.72800000E+03  0.69390169E+00  0.55791552E+00  0.73818242E+00
  0.72900000E+03  0.68544229E+00  0.54974510E+00  0.73818219E+00
  0.73000000E+03  0.69390349E+00  0.55791629E+00  0.73818196E+00
  0.73100000E+03  0.68544376E+00  0.54974242E+00  0.73818175E+00
  0.73200000E+03  0.69390171E+00  0.55791553E+00  0.73818153E+00
  0.73300000E+03  0.68544230E+00  0.54974507E+00  0.73818131E+00
  0.73400000E+03  0.69390347E+00  0.55791629E+00  0.73818108E+00
  0.73500000E+03  0.68544375E+00  0.54974245E+00  0.73818088E+00
  0.73600000E+03  0.69390173E+00  0.55791554E+00  0.73818066E+00
  0.73700000E+03  0.68544232E+00  0.54974504E+00  0.73818044E+00
  0.73800000E+03  0.69390346E+00  0.55791628E+00  0.73818022E+00
  0.73900000E+03  0.68544373E+00  0.54974248E+00  0.73818002E+00
  0.74000000E+03  0.69390175E+00  0.55791555E+00  0.73817982E+00
  0.74100000E+03  0.68544233E+00  0.54974502E+00  0.73817960E+00
  0.74200000E+03  0.69390344E+00  0.55791627E+00  0.73817938E+00
  0.74300000E+03  0.68544372E+00  0.54974250E+00  0.73817919E+00
  0.74400000E+03  0.69390177E+00  0.55791556E+00  0.73817898E+00
  0.74500000E+03  0.68544235E+00  0.54974499E+00  0.73817877E+00
  0.74600000E+03  0.69390342E+00  0.55791626E+00  0.73817856E+00
  0.74700000E+03  0.68544371E+00  0.54974253E+00  0.73817837E+00
  0.74800000E+03  0.69390179E+00  0.55791557E+00  0.73817817E+00
  0.74900000E+03  0.68544236E+00  0.54974497E+00  0.73817796E+00
  0.75000000E+03  0.69390341E+00  0.55791626E+00  0.73817776E+00
  0.75100000E+03  0.68544369E+00  0.54974255E+00  0.73817757E+00
  0.75200000E+03  0.69390181E+00  0.55791557E+00  0.73817737E+00
  0.75300000E+03  0.68544238E+00  0.54974494E+00  0.73817717E+00
  0.75400000E+03  0.69390339E+00  0.55791625E+00  0.73817697E+00
  0.75500000E+03  0.68544368E+00  0.54974258E+00  0.73817678E+00
  0.75600000E+03  0.69390182E+00  0.55791558E+00  0.73817659E+00
  0.75700000E+03  0.68544239E+00  0.54974492E+00  0.73817639E+00
  0.75800000E+03  0.69390338E+00  0.55791624E+00  0.73817620E+00
  0.75900000E+03  0.68544367E+00  0.54974261E+00  0.73817602E+00
  0.76000000E+03  0.69390184E+00  0.55791559E+00  0.73817583E+00
  0.76100000E+03  0.68544240E+00  0.54974489E+00  0.73817563E+00
  0.76200000E+03  0.69390336E+00  0.55791624E+00  0.73817544E+00
  0.76300000E+03  0.68544366E+00  0.54974263E+00  0.73817526E+00
  0.76400000E+03  0.69390186E+00  0.55791560E+00  0.73817508E+00
  0.76500000E+03  0.68544242E+00  0.54974487E+00  0.73817489E+00
  0.76600000E+03  0.69390335E+00  0.55791623E+00  0.73817470E+00
  0.76700000E+03  0.68544365E+00  0.54974265E+00  0.73817453E+00
  0.76800000E+03  0.69390187E+00  0.55791560E+00  0.73817435E+00
  0.76900000E+03  0.68544243E+00  0.54974485E+00  0.73817416E+00
  0.77000000E+03  0.69390333E+00  0.55791622E+00  0.73817398E+00
  0.77100000E+03  0.68544363E+00  0.54974268E+00  0.73817381E+00
  0.77200000E+03  0.69390189E+00  0.55791561E+00  0.73817363E+00
  0.77300000E+03  0.68544244E+00  0.54974482E+00  0.73817344E+00
  0.77400000E+03  0.69390332E+00  0.55791622E+00  0.73817327E+00
  0.77500000E+03  0.68544362E+00  0.54974270E+00  0.73817310E+00
  0.77600000E+03  0.69390190E+00  0.55791562E+00  0.73817292E+00
  0.77700000E+03  0.68544246E+00  0.54974480E+00  0.73817274E+00
  0.77800000E+03  0.69390330E+00  0.55791621E+00  0.73817257E+00
  0.77900000E+03  0.68544361E+00  0.54974272E+00  0.73817241E+00
  0.78000000E+03  0.69390192E+00  0.55791562E+00  0.73817224E+00
  0.78100000E+03  0.68544247E+00  0.54974478E+00  0.73817206E+00
  0.78200000E+03  0.69390329E+00  0.55791621E+00  0.73817189E+00
  0.78300000E+03  0.68544360E+00  0.54974274E+00  0.73817173E+00
  0.78400000E+03  0.69390193E+00  0.55791563E+00  0.73817156E+00
  0.78500000E+03  0.68544248E+00  0.54974476E+00  0.73817139E+00
  0.78600000E+03  0.69390328E+00  0.55791620E+00  0.73817122E+00
  0.78700000E+03  0.68544359E+00  0.54974276E+00  0.73817107E+00
  0.78800000E+03  0.69390195E+00  0.55791564E+00  0.73817090E+00
  0.78900000E+03  0.68544249E+00  0.54974474E+00  0.73817073E+00
  0.79000000E+03  0.69390326E+00  0.55791620E+00  0.73817057E+00
  0.79100000E+03  0.68544358E+00  0.54974279E+00  0.73817042E+00
  0.79200000E+03  0.69390196E+00  0.55791564E+00  0.73817026E+00
  0.79300000E+03  0.68544250E+00  0.54974472E+00  0.73817009E+00
  0.79400000E+03  0.69390325E+00  0.55791619E+00  0.73816993E+00
  0.79500000E+03  0.68544357E+00  0.54974281E+00  0.73816978E+00
  0.79600000E+03  0.69390197E+00  0.55791565E+00  0.73816962E+00
  0.79700000E+03  0.68544251E+00  0.54974470E+00  0.73816946E+00
  0.79800000E+03  0.69390324E+00  0.55791618E+00  0.73816931E+00
  0.79900000E+03  0.68544356E+00  0.54974283E+00  0.73816916E+00
  0.80000000E+03  0.69390199E+00  0.55791565E+00  0.73816900E+00
  0.80100000E+03  0.68544253E+00  0.54974468E+00  0.73816884E+00
  0.80200000E+03  0.69390323E+00  0.55791618E+00  0.73816869E+00
  0.80300000E+03  0.68544355E+00  0.54974285E+00  0.73816855E+00
  0.80400000E+03  0.69390200E+00  0.55791566E+00  0.73816840E+00
  0.80500000E+03  0.68544254E+00  0.54974466E+00  0.73816824E+00
  0.80600000E+03  0.69390321E+00  0.55791617E+00  0.73816809E+00
  0.80700000E+03  0.68544354E+00  0.54974286E+00  0.73816795E+00
  0.80800000E+03  0.69390201E+00  0.55791567E+00  0.73816780E+00
  0.80900000E+03  0.68544255E+00  0.54974464E+00  0.73816765E+00
  0.81000000E+03  0.69390320E+00  0.55791617E+00  0.73816751E+00
  0.81100000E+03  0.68544353E+00  0.54974288E+00  0.73816737E+00
  0.81200000E+03  0.69390203E+00  0.55791567E+00  0.73816722E+00
  0.81300000E+03  0.68544256E+00  0.54974462E+00  0.73816707E+00
  0.81400000E+03  0.69390319E+00  0.55791616E+00  0.73816693E+00
  0.81500000E+03  0.68544352E+00  0.54974290E+00  0.73816679E+00
  0.81600000E+03  0.69390204E+00  0.55791568E+00  0.73816665E+00
  0.81700000E+03  0.68544257E+00  0.54974461E+00  0.73816650E+00
  0.81800000E+03  0.69390318E+00  0.55791616E+00  0.73816637E+00
  0.81900000E+03  0.68544351E+00  0.54974292E+00  0.73816623E+00
  0.82000000E+03  0.69390205E+00  0.55791568E+00  0.73816609E+00
  0.82100000E+03  0.68544258E+00  0.54974459E+00  0.73816595E+00
  0.82200000E+03  0.69390317E+00  0.55791615E+00  0.73816582E+00
  0.82300000E+03  0.68544350E+00  0.54974294E+00  0.73816568E+00
  0.82400000E+03  0.69390206E+00  0.55791569E+00  0.73816555E+00
  0.82500000E+03  0.68544259E+00  0.54974457E+00  0.73816540E+00
  0.82600000E+03  0.69390316E+00  0.55791615E+00  0.73816528E+00
  0.82700000E+03  0.68544349E+00  0.54974295E+00  0.73816515E+00
  0.82800000E+03  0.69390207E+00  0.55791569E+00  0.73816501E+00
  0.82900000E+03  0.68544259E+00  0.54974455E+00  0.73816487E+00
  0.83000000E+03  0.69390314E+00  0.55791614E+00  0.73816475E+00
  0.83100000E+03  0.68544348E+00  0.54974297E+00  0.73816462E+00
  0.83200000E+03  0.69390208E+00  0.55791570E+00  0.73816449E+00
  0.83300000E+03  0.68544260E+00  0.54974454E+00  0.73816435E+00
  0.83400000E+03  0.69390313E+00  0.55791614E+00  0.73816423E+00
  0.83500000E+03  0.68544347E+00  0.54974299E+00  0.73816410E+00
  0.83600000E+03  0.69390210E+00  0.55791570E+00  0.73816397E+00
  0.83700000E+03  0.68544261E+00  0.54974452E+00  0.73816384E+00
  0.83800000E+03  0.69390312E+00  0.55791613E+00  0.73816372E+00
  0.83900000E+03  0.68544346E+00  0.54974300E+00  0.73816360E+00
  0.84000000E+03  0.69390211E+00  0.55791571E+00  0.73816347E+00
  0.84100000E+03  0.68544262E+00  0.54974451E+00  0.73816334E+00
  0.84200000E+03  0.69390311E+00  0.55791613E+00  0.73816322E+00
  0.84300000E+03  0.68544345E+00  0.54974302E+00  0.73816311E+00
  0.84400000E+03  0.69390212E+00  0.55791571E+00  0.73816298E+00
  0.84500000E+03  0.68544263E+00  0.54974449E+00  0.73816285E+00
  0.84600000E+03  0.69390310E+00  0.55791613E+00  0.73816274E+00
  0.84700000E+03  0.68544345E+00  0.54974303E+00  0.73816262E+00
  0.84800000E+03  0.69390213E+00  0.55791572E+00  0.73816250E+00
  0.84900000E+03  0.68544264E+00  0.54974447E+00  0.73816237E+00
  0.85000000E+03  0.69390309E+00  0.55791612E+00  0.73816226E+00
  0.85100000E+03  0.68544344E+00  0.54974305E+00  0.73816215E+00
  0.85200000E+03  0.69390214E+00  0.55791572E+00  0.73816203E+00
  0.85300000E+03  0.68544265E+00  0.54974446E+00  0.73816190E+00
  0.85400000E+03  0.69390308E+00  0.55791612E+00  0.73816180E+00
  0.85500000E+03  0.68544343E+00  0.54974306E+00  0.73816168E+00
  0.85600000E+03  0.69390215E+00  0.55791572E+00  0.73816157E+00
  0.85700000E+03  0.68544265E+00  0.54974445E+00  0.73816144E+00
  0.85800000E+03  0.69390307E+00  0.55791611E+00  0.73816134E+00
  0.85900000E+03  0.68544342E+00  0.54974308E+00  0.73816123E+00
  0.86000000E+03  0.69390216E+00  0.55791573E+00  0.73816111E+00
  0.86100000E+03  0.68544266E+00  0.54974443E+00  0.73816100E+00
  0.86200000E+03  0.69390306E+00  0.55791611E+00  0.73816089E+00
  0.86300000E+03  0.68544341E+00  0.54974309E+00  0.73816078E+00
  0.86400000E+03  0.69390217E+00  0.55791573E+00  0.73816067E+00
  0.86500000E+03  0.68544267E+00  0.54974442E+00  0.73816056E+00
  0.86600000E+03  0.69390305E+00  0.55791610E+00  0.73816045E+00
  0.86700000E+03  0.68544341E+00  0.54974311E+00  0.73816035E+00
  0.86800000E+03  0.69390217E+00  0.55791574E+00  0.73816024E+00
  0.86900000E+03  0.68544268E+00  0.54974440E+00  0.73816012E+00
  0.87000000E+03  0.69390305E+00  0.55791610E+00  0.73816003E+00
  0.87100000E+03  0.68544340E+00  0.54974312E+00  0.73815992E+00
  0.87200000E+03  0.69390218E+00  0.55791574E+00  0.73815981E+00
  0.87300000E+03  0.68544269E+00  0.54974439E+00  0.73815970E+00
  0.87400000E+03  0.69390304E+00  0.55791610E+00  0.73815961E+00
  0.87500000E+03  0.68544339E+00  0.54974313E+00  0.73815950E+00
  0.87600000E+03  0.69390219E+00  0.55791574E+00  0.73815940E+00
  0.87700000E+03  0.68544269E+00  0.54974438E+00  0.73815929E+00
  0.87800000E+03  0.69390303E+00  0.55791609E+00  0.73815919E+00
  0.87900000E+03  0.68544338E+00  0.54974315E+00  0.73815909E+00
  0.88000000E+03  0.69390220E+00  0.55791575E+00  0.73815899E+00
  0.88100000E+03  0.68544270E+00  0.54974436E+00  0.73815889E+00
  0.88200000E+03  0.69390302E+00  0.55791609E+00  0.73815879E+00
  0.88300000E+03  0.68544338E+00  0.54974316E+00  0.73815869E+00
  0.88400000E+03  0.69390221E+00  0.55791575E+00  0.73815859E+00
  0.88500000E+03  0.68544271E+00  0.54974435E+00  0.73815849E+00
  0.88600000E+03  0.69390301E+00  0.55791609E+00  0.73815840E+00
  0.88700000E+03  0.68544337E+00  0.54974317E+00  0.73815830E+00
  0.88800000E+03  0.69390222E+00  0.55791575E+00  0.73815820E+00
  0.88900000E+03  0.68544271E+00  0.54974434E+00  0.73815810E+00
  0.89000000E+03  0.69390300E+00  0.55791608E+00  0.73815801E+00
  0.89100000E+03  0.68544336E+00  0.54974318E+00  0.73815792E+00
  0.89200000E+03  0.69390223E+00  0.55791576E+00  0.73815782E+00
  0.89300000E+03  0.68544272E+00  0.54974433E+00  0.73815772E+00
  0.89400000E+03  0.69390300E+00  0.55791608E+00  0.73815763E+00
  0.89500000E+03  0.68544336E+00  0.54974320E+00  0.73815754E+00
  0.89600000E+03  0.69390223E+00  0.55791576E+00  0.73815744E+00
  0.89700000E+03  0.68544273E+00  0.54974432E+00  0.73815735E+00
  0.89800000E+03  0.69390299E+00  0.55791608E+00  0.73815726E+00
  0.89900000E+03  0.68544335E+00  0.54974321E+00  0.73815717E+00
  0.90000000E+03  0.69390224E+00  0.55791577E+00  0.73815708E+00
  0.90100000E+03  0.68544273E+00  0.54974430E+00  0.73815699E+00
  0.90200000E+03  0.69390298E+00  0.55791607E+00  0.73815690E+00
  0.90300000E+03  0.68544335E+00  0.54974322E+00  0.73815681E+00
  0.90400000E+03  0.69390225E+00  0.55791577E+00  0.73815672E+00
  0.90500000E+03  0.68544274E+00  0.54974429E+00  0.73815663E+00
  0.90600000E+03  0.69390297E+00  0.55791607E+00  0.73815655E+00
  0.90700000E+03  0.68544334E+00  0.54974323E+00  0.73815646E+00
  0.90800000E+03  0.69390226E+00  0.55791577E+00  0.73815637E+00
  0.90900000E+03  0.68544275E+00  0.54974428E+00  0.73815628E+00
  0.91000000E+03  0.69390297E+00  0.55791607E+00  0.73815620E+00
  0.91100000E+03  0.68544333E+00  0.54974324E+00  0.73815611E+00
  0.91200000E+03  0.69390226E+00  0.55791577E+00  0.73815602E+00
  0.91300000E+03  0.68544275E+00  0.54974427E+00  0.73815594E+00
  0.91400000E+03  0.69390296E+00  0.55791606E+00  0.73815586E+00
  0.91500000E+03  0.68544333E+00  0.54974325E+00  0.73815577E+00
  0.91600000E+03  0.69390227E+00  0.55791578E+00  0.73815569E+00
  0.91700000E+03  0.68544276E+00  0.54974426E+00  0.73815560E+00
  0.91800000E+03  0.69390295E+00  0.55791606E+00  0.73815553E+00
  0.91900000E+03  0.68544332E+00  0.54974326E+00  0.73815544E+00
  0.92000000E+03  0.69390228E+00  0.55791578E+00  0.73815536E+00
  0.92100000E+03  0.68544276E+00  0.54974425E+00  0.73815528E+00
  0.92200000E+03  0.69390294E+00  0.55791606E+00  0.73815520E+00
  0.92300000E+03  0.68544332E+00  0.54974327E+00  0.73815512E+00
  0.92400000E+03  0.69390229E+00  0.55791578E+00  0.73815503E+00
  0.92500000E+03  0.68544277E+00  0.54974424E+00  0.73815496E+00
  0.92600000E+03  0.69390294E+00  0.55791605E+00  0.73815488E+00
  0.92700000E+03  0.68544331E+00  0.54974328E+00  0.73815480E+00
  0.92800000E+03  0.69390229E+00  0.55791579E+00  0.73815472E+00
  0.92900000E+03  0.68544277E+00  0.54974423E+00  0.73815464E+00
  0.93000000E+03  0.69390293E+00  0.55791605E+00  0.73815457E+00
  0.93100000E+03  0.68544330E+00  0.54974329E+00  0.73815449E+00
  0.93200000E+03  0.69390230E+00  0.55791579E+00  0.73815441E+00
  0.93300000E+03  0.68544278E+00  0.54974422E+00  0.73815433E+00
  0.93400000E+03  0.69390292E+00  0.55791605E+00  0.73815426E+00
  0.93500000E+03  0.68544330E+00  0.54974330E+00  0.73815418E+00
  0.93600000E+03  0.69390231E+00  0.55791579E+00  0.73815411E+00
  0.93700000E+03  0.68544278E+00  0.54974421E+00  0.73815403E+00
  0.93800000E+03  0.69390292E+00  0.55791605E+00  0.73815396E+00
  0.93900000E+03  0.68544329E+00  0.54974331E+00  0.73815389E+00
  0.94000000E+03  0.69390231E+00  0.55791579E+00  0.73815381E+00
  0.94100000E+03  0.68544279E+00  0.54974420E+00  0.73815374E+00
  0.94200000E+03  0.69390291E+00  0.55791604E+00  0.73815367E+00
  0.94300000E+03  0.68544329E+00  0.54974332E+00  0.73815359E+00
  0.94400000E+03  0.69390232E+00  0.55791580E+00  0.73815352E+00
  0.94500000E+03  0.68544280E+00  0.54974419E+00  0.73815345E+00
  0.94600000E+03  0.69390291E+00  0.55791604E+00  0.73815338E+00
  0.94700000E+03  0.68544328E+00  0.54974333E+00  0.73815331E+00
  0.94800000E+03  0.69390232E+00  0.55791580E+00  0.73815323E+00
  0.94900000E+03  0.68544280E+00  0.54974418E+00  0.73815316E+00
  0.95000000E+03  0.69390290E+00  0.55791604E+00  0.73815310E+00
  0.95100000E+03  0.68544328E+00  0.54974334E+00  0.73815303E+00
  0.95200000E+03  0.69390233E+00  0.55791580E+00  0.73815295E+00
  0.95300000E+03  0.68544281E+00  0.54974417E+00  0.73815289E+00
  0.95400000E+03  0.69390289E+00  0.55791604E+00  0.73815282E+00
  0.95500000E+03  0.68544327E+00  0.54974335E+00  0.73815275E+00
  0.95600000E+03  0.69390234E+00  0.55791580E+00  0.73815268E+00
  0.95700000E+03  0.68544281E+00  0.54974416E+00  0.73815262E+00
  0.95800000E+03  0.69390289E+00  0.55791603E+00  0.73815255E+00
  0.95900000E+03  0.68544327E+00  0.54974336E+00  0.73815248E+00
  0.96000000E+03  0.69390234E+00  0.55791581E+00  0.73815241E+00
  0.96100000E+03  0.68544281E+00  0.54974416E+00  0.73815235E+00
  0.96200000E+03  0.69390288E+00  0.55791603E+00  0.73815229E+00
  0.96300000E+03  0.68544327E+00  0.54974337E+00  0.73815222E+00
  0.96400000E+03  0.69390235E+00  0.55791581E+00  0.73815215E+00
  0.96500000E+03  0.68544282E+00  0.54974415E+00  0.73815209E+00
  0.96600000E+03  0.69390288E+00  0.55791603E+00  0.73815203E+00
  0.96700000E+03  0.68544326E+00  0.54974337E+00  0.73815196E+00
  0.96800000E+03  0.69390235E+00  0.55791581E+00  0.73815190E+00
  0.96900000E+03  0.68544282E+00  0.54974414E+00  0.73815184E+00
  0.97000000E+03  0.69390287E+00  0.55791603E+00  0.73815178E+00
  0.97100000E+03  0.68544326E+00  0.54974338E+00  0.73815171E+00
  0.97200000E+03  0.69390236E+00  0.55791581E+00  0.73815165E+00
  0.97300000E+03  0.68544283E+00  0.54974413E+00  0.73815159E+00
  0.97400000E+03  0.69390287E+00  0.55791602E+00  0.73815153E+00
  0.97500000E+03  0.68544325E+00  0.54974339E+00  0.73815147E+00
  0.97600000E+03  0.69390236E+00  0.55791582E+00  0.73815140E+00
  0.97700000E+03  0.68544283E+00  0.54974412E+00  0.73815134E+00
  0.97800000E+03  0.69390286E+00  0.55791602E+00  0.73815128E+00
  0.97900000E+03  0.68544325E+00  0.54974340E+00  0.73815122E+00
  0.98000000E+03  0.69390237E+00  0.55791582E+00  0.73815116E+00
  0.98100000E+03  0.68544284E+00  0.54974412E+00  0.73815110E+00
  0.98200000E+03  0.69390286E+00  0.55791602E+00  0.73815105E+00
  0.98300000E+03  0.68544324E+00  0.54974341E+00  0.73815099E+00
  0.98400000E+03  0.69390237E+00  0.55791582E+00  0.73815092E+00
  0.98500000E+03  0.68544284E+00  0.54974411E+00  0.73815087E+00
  0.98600000E+03  0.69390285E+00  0.55791602E+00  0.73815081E+00
  0.98700000E+03  0.68544324E+00  0.54974341E+00  0.73815075E+00
  0.98800000E+03  0.69390238E+00  0.55791582E+00  0.73815069E+00
  0.98900000E+03  0.68544284E+00  0.54974410E+00  0.73815064E+00
  0.99000000E+03  0.69390285E+00  0.55791602E+00  0.73815059E+00
  0.99100000E+03  0.68544324E+00  0.54974342E+00  0.73815053E+00
  0.99200000E+03  0.69390238E+00  0.55791582E+00  0.73815047E+00
  0.99300000E+03  0.68544285E+00  0.54974409E+00  0.73815042E+00
  0.99400000E+03  0.69390284E+00  0.55791601E+00  0.73815036E+00
  0.99500000E+03  0.68544323E+00  0.54974343E+00  0.73815031E+00
  0.99600000E+03  0.69390239E+00  0.55791583E+00  0.73815025E+00
  0.99700000E+03  0.68544285E+00  0.54974409E+00  0.73815020E+00
  0.99800000E+03  0.69390284E+00  0.55791601E+00  0.73815014E+00
  0.99900000E+03  0.68544323E+00  0.54974343E+00  0.73815009E+00
  0.10000000E+04  0.69184899E+00  0.55759342E+00  0.73815003E+00
