 # t   L1   L2   Linf
  0.10000000E+01  0.19816374E+00  0.21584918E+00  0.48385467E+00
  0.20000000E+01  0.28479146E+00  0.27389880E+00  0.62117546E+00
  0.30000000E+01  0.35524959E+00  0.32286890E+00  0.65553996E+00
  0.40000000E+01  0.39703863E+00  0.35364899E+00  0.71927712E+00
  0.50000000E+01  0.44295998E+00  0.38530744E+00  0.71661154E+00
  0.60000000E+01  0.46569651E+00  0.40450887E+00  0.76206106E+00
  0.70000000E+01  0.49810434E+00  0.42603049E+00  0.74698585E+00
  0.80000000E+01  0.51014408E+00  0.43770448E+00  0.78365011E+00
  0.90000000E+01  0.53423041E+00  0.45282269E+00  0.76307693E+00
  0.10000000E+02  0.53947299E+00  0.45960869E+00  0.79466217E+00
  0.11000000E+02  0.55889722E+00  0.47071107E+00  0.77146460E+00
  0.12000000E+02  0.55947665E+00  0.47435689E+00  0.79994913E+00
  0.13000000E+02  0.57613644E+00  0.48294460E+00  0.77549168E+00
  0.14000000E+02  0.57362097E+00  0.48457218E+00  0.80206028E+00
  0.15000000E+02  0.58855857E+00  0.49157534E+00  0.77701781E+00
  0.16000000E+02  0.58404964E+00  0.49189540E+00  0.80241241E+00
  0.17000000E+02  0.59783852E+00  0.49788678E+00  0.77711555E+00
  0.18000000E+02  0.59223865E+00  0.49734886E+00  0.80180995E+00
  0.19000000E+02  0.60502694E+00  0.50268072E+00  0.77641075E+00
  0.20000000E+02  0.59877314E+00  0.50157085E+00  0.80071081E+00
  0.21000000E+02  0.61079016E+00  0.50646024E+00  0.77526821E+00
  0.22000000E+02  0.60420577E+00  0.50496245E+00  0.79937302E+00
  0.23000000E+02  0.61555609E+00  0.50954368E+00  0.77389877E+00
  0.24000000E+02  0.60902894E+00  0.50777820E+00  0.79793885E+00
  0.25000000E+02  0.61960355E+00  0.51213496E+00  0.77242254E+00
  0.26000000E+02  0.61321279E+00  0.51018185E+00  0.79648403E+00
  0.27000000E+02  0.62311744E+00  0.51436684E+00  0.77090665E+00
  0.28000000E+02  0.61690699E+00  0.51228057E+00  0.79504666E+00
  0.29000000E+02  0.62622287E+00  0.51632747E+00  0.76938770E+00
  0.30000000E+02  0.62021465E+00  0.51414596E+00  0.79364403E+00
  0.31000000E+02  0.62900648E+00  0.51807676E+00  0.76788491E+00
  0.32000000E+02  0.62320872E+00  0.51582709E+00  0.79228239E+00
  0.33000000E+02  0.63152983E+00  0.51965654E+00  0.76640789E+00
  0.34000000E+02  0.62594225E+00  0.51735848E+00  0.79096241E+00
  0.35000000E+02  0.63385302E+00  0.52109686E+00  0.76496104E+00
  0.36000000E+02  0.62845499E+00  0.51876514E+00  0.78968225E+00
  0.37000000E+02  0.63606076E+00  0.52241995E+00  0.76354602E+00
  0.38000000E+02  0.63077753E+00  0.52006579E+00  0.78843916E+00
  0.39000000E+02  0.63811180E+00  0.52364276E+00  0.76216314E+00
  0.40000000E+02  0.63293406E+00  0.52127480E+00  0.78723028E+00
  0.41000000E+02  0.64002616E+00  0.52477855E+00  0.76081210E+00
  0.42000000E+02  0.63494410E+00  0.52240353E+00  0.78605300E+00
  0.43000000E+02  0.64182000E+00  0.52583795E+00  0.75949234E+00
  0.44000000E+02  0.63682379E+00  0.52346117E+00  0.78490510E+00
  0.45000000E+02  0.64350657E+00  0.52682969E+00  0.75820324E+00
  0.46000000E+02  0.63858665E+00  0.52445534E+00  0.78378476E+00
  0.47000000E+02  0.63917541E+00  0.52178588E+00  0.77437033E+00
  0.48000000E+02  0.64121479E+00  0.52564091E+00  0.76939550E+00
  0.49000000E+02  0.64056677E+00  0.52257516E+00  0.77317041E+00
  0.50000000E+02  0.64275414E+00  0.52652129E+00  0.76835560E+00
  0.51000000E+02  0.64188073E+00  0.52331949E+00  0.77199844E+00
  0.52000000E+02  0.64421225E+00  0.52735534E+00  0.76733862E+00
  0.53000000E+02  0.64312435E+00  0.52402306E+00  0.77085381E+00
  0.54000000E+02  0.64559619E+00  0.52814715E+00  0.76634373E+00
  0.55000000E+02  0.64430377E+00  0.52468954E+00  0.76973594E+00
  0.56000000E+02  0.64691214E+00  0.52890033E+00  0.76537022E+00
  0.57000000E+02  0.64542442E+00  0.52532216E+00  0.76864427E+00
  0.58000000E+02  0.64816558E+00  0.52961805E+00  0.76441751E+00
  0.59000000E+02  0.64649106E+00  0.52592378E+00  0.76757825E+00
  0.60000000E+02  0.64936137E+00  0.53030317E+00  0.76348507E+00
  0.61000000E+02  0.64750796E+00  0.52649698E+00  0.76653735E+00
  0.62000000E+02  0.65050385E+00  0.53095822E+00  0.76257246E+00
  0.63000000E+02  0.64847890E+00  0.52704402E+00  0.76552103E+00
  0.64000000E+02  0.65159691E+00  0.53158550E+00  0.76167926E+00
  0.65000000E+02  0.64940727E+00  0.52756699E+00  0.76452874E+00
  0.66000000E+02  0.65264405E+00  0.53218707E+00  0.76080507E+00
  0.67000000E+02  0.65034203E+00  0.52806772E+00  0.76355995E+00
  0.68000000E+02  0.65364842E+00  0.53276478E+00  0.75994952E+00
  0.69000000E+02  0.65124783E+00  0.52854789E+00  0.76261411E+00
  0.70000000E+02  0.65461288E+00  0.53332032E+00  0.75911224E+00
  0.71000000E+02  0.65211778E+00  0.52900903E+00  0.76169067E+00
  0.72000000E+02  0.65554002E+00  0.53385524E+00  0.75829287E+00
  0.73000000E+02  0.65295419E+00  0.52945251E+00  0.76078909E+00
  0.74000000E+02  0.65643221E+00  0.53437093E+00  0.75749106E+00
  0.75000000E+02  0.65375916E+00  0.52987959E+00  0.75990881E+00
  0.76000000E+02  0.65729159E+00  0.53486866E+00  0.75670645E+00
  0.77000000E+02  0.65453463E+00  0.53029140E+00  0.75904930E+00
  0.78000000E+02  0.65812012E+00  0.53534960E+00  0.75593869E+00
  0.79000000E+02  0.65528235E+00  0.53068899E+00  0.75821001E+00
  0.80000000E+02  0.65891963E+00  0.53581480E+00  0.75518743E+00
  0.81000000E+02  0.65600394E+00  0.53107331E+00  0.75739043E+00
  0.82000000E+02  0.65969174E+00  0.53626526E+00  0.75445231E+00
  0.83000000E+02  0.65670088E+00  0.53144522E+00  0.75659002E+00
  0.84000000E+02  0.66043800E+00  0.53670185E+00  0.75373300E+00
  0.85000000E+02  0.65737454E+00  0.53180552E+00  0.75580827E+00
  0.86000000E+02  0.66115980E+00  0.53712540E+00  0.75302915E+00
  0.87000000E+02  0.65802618E+00  0.53215493E+00  0.75504468E+00
  0.88000000E+02  0.66185843E+00  0.53753666E+00  0.75234042E+00
  0.89000000E+02  0.65865696E+00  0.53249411E+00  0.75429875E+00
  0.90000000E+02  0.66253509E+00  0.53793632E+00  0.75166646E+00
  0.91000000E+02  0.65926795E+00  0.53282368E+00  0.75357000E+00
  0.92000000E+02  0.66319089E+00  0.53832502E+00  0.75100694E+00
  0.93000000E+02  0.65986016E+00  0.53314420E+00  0.75285796E+00
  0.94000000E+02  0.66382686E+00  0.53870334E+00  0.75036154E+00
  0.95000000E+02  0.66043451E+00  0.53345617E+00  0.75216218E+00
  0.96000000E+02  0.66444394E+00  0.53907183E+00  0.74972993E+00
  0.97000000E+02  0.66099185E+00  0.53376007E+00  0.75148220E+00
  0.98000000E+02  0.66508353E+00  0.53943098E+00  0.74911179E+00
  0.99000000E+02  0.66153299E+00  0.53405633E+00  0.75081759E+00
  0.10000000E+03  0.66570598E+00  0.53978125E+00  0.74850680E+00
  0.10100000E+03  0.66205867E+00  0.53434534E+00  0.75016794E+00
  0.10200000E+03  0.66631181E+00  0.54012306E+00  0.74791466E+00
  0.10300000E+03  0.66256957E+00  0.53462748E+00  0.74953284E+00
  0.10400000E+03  0.66690170E+00  0.54045682E+00  0.74733507E+00
  0.10500000E+03  0.66306636E+00  0.53490307E+00  0.74891189E+00
  0.10600000E+03  0.66747628E+00  0.54078287E+00  0.74676773E+00
  0.10700000E+03  0.66354963E+00  0.53517243E+00  0.74830470E+00
  0.10800000E+03  0.66803615E+00  0.54110156E+00  0.74621235E+00
  0.10900000E+03  0.66401995E+00  0.53543585E+00  0.74771091E+00
  0.11000000E+03  0.66858187E+00  0.54141319E+00  0.74566866E+00
  0.11100000E+03  0.66447784E+00  0.53569358E+00  0.74713016E+00
  0.11200000E+03  0.66911396E+00  0.54171806E+00  0.74513637E+00
  0.11300000E+03  0.66492382E+00  0.53594587E+00  0.74656211E+00
  0.11400000E+03  0.66963293E+00  0.54201643E+00  0.74461522E+00
  0.11500000E+03  0.66535834E+00  0.53619294E+00  0.74600640E+00
  0.11600000E+03  0.67013923E+00  0.54230855E+00  0.74410494E+00
  0.11700000E+03  0.66578184E+00  0.53643500E+00  0.74546274E+00
  0.11800000E+03  0.67063332E+00  0.54259464E+00  0.74360529E+00
  0.11900000E+03  0.66619474E+00  0.53667224E+00  0.74493078E+00
  0.12000000E+03  0.67111560E+00  0.54287494E+00  0.74311600E+00
  0.12100000E+03  0.66659742E+00  0.53690484E+00  0.74441025E+00
  0.12200000E+03  0.67158648E+00  0.54314963E+00  0.74301721E+00
  0.12300000E+03  0.66699026E+00  0.53713297E+00  0.74390083E+00
  0.12400000E+03  0.67204633E+00  0.54341889E+00  0.74295821E+00
  0.12500000E+03  0.66737359E+00  0.53735676E+00  0.74340225E+00
  0.12600000E+03  0.67249550E+00  0.54368292E+00  0.74289575E+00
  0.12700000E+03  0.66774775E+00  0.53757638E+00  0.74291423E+00
  0.12800000E+03  0.67293433E+00  0.54394186E+00  0.74283026E+00
  0.12900000E+03  0.66811305E+00  0.53779194E+00  0.74243651E+00
  0.13000000E+03  0.67336314E+00  0.54419588E+00  0.74276218E+00
  0.13100000E+03  0.66846977E+00  0.53800358E+00  0.74213324E+00
  0.13200000E+03  0.67378224E+00  0.54444511E+00  0.74269186E+00
  0.13300000E+03  0.66881821E+00  0.53821140E+00  0.74203497E+00
  0.13400000E+03  0.67419192E+00  0.54468969E+00  0.74261967E+00
  0.13500000E+03  0.66915861E+00  0.53841551E+00  0.74193540E+00
  0.13600000E+03  0.67459244E+00  0.54492975E+00  0.74254591E+00
  0.13700000E+03  0.66949124E+00  0.53861602E+00  0.74183483E+00
  0.13800000E+03  0.67498409E+00  0.54516540E+00  0.74247086E+00
  0.13900000E+03  0.66981633E+00  0.53881301E+00  0.74173352E+00
  0.14000000E+03  0.67536710E+00  0.54539676E+00  0.74239479E+00
  0.14100000E+03  0.67013410E+00  0.53900657E+00  0.74163171E+00
  0.14200000E+03  0.67574173E+00  0.54562393E+00  0.74231792E+00
  0.14300000E+03  0.67044478E+00  0.53919679E+00  0.74152964E+00
  0.14400000E+03  0.67390781E+00  0.54559568E+00  0.75061988E+00
  0.14500000E+03  0.67953545E+00  0.54759712E+00  0.74240148E+00
  0.14600000E+03  0.67425388E+00  0.54581347E+00  0.75024039E+00
  0.14700000E+03  0.67986255E+00  0.54780417E+00  0.74230426E+00
  0.14800000E+03  0.67459238E+00  0.54602737E+00  0.74986854E+00
  0.14900000E+03  0.68018254E+00  0.54800759E+00  0.74220724E+00
  0.15000000E+03  0.67492352E+00  0.54623748E+00  0.74950416E+00
  0.15100000E+03  0.68049559E+00  0.54820745E+00  0.74211055E+00
  0.15200000E+03  0.67524751E+00  0.54644386E+00  0.74914709E+00
  0.15300000E+03  0.68080191E+00  0.54840383E+00  0.74201433E+00
  0.15400000E+03  0.67556453E+00  0.54664661E+00  0.74879717E+00
  0.15500000E+03  0.68110167E+00  0.54859681E+00  0.74191870E+00
  0.15600000E+03  0.67587477E+00  0.54684580E+00  0.74845424E+00
  0.15700000E+03  0.68139503E+00  0.54878644E+00  0.74182376E+00
  0.15800000E+03  0.67617840E+00  0.54704150E+00  0.74811815E+00
  0.15900000E+03  0.68168217E+00  0.54897279E+00  0.74172960E+00
  0.16000000E+03  0.67647559E+00  0.54723377E+00  0.74778875E+00
  0.16100000E+03  0.68196324E+00  0.54915593E+00  0.74163632E+00
  0.16200000E+03  0.67676651E+00  0.54742269E+00  0.74746589E+00
  0.16300000E+03  0.68223839E+00  0.54933591E+00  0.74154398E+00
  0.16400000E+03  0.67705131E+00  0.54760832E+00  0.74714944E+00
  0.16500000E+03  0.68250777E+00  0.54951280E+00  0.74145265E+00
  0.16600000E+03  0.67733014E+00  0.54779072E+00  0.74683925E+00
  0.16700000E+03  0.68277153E+00  0.54968664E+00  0.74136239E+00
  0.16800000E+03  0.67760315E+00  0.54796995E+00  0.74653520E+00
  0.16900000E+03  0.68302980E+00  0.54985750E+00  0.74127324E+00
  0.17000000E+03  0.67787048E+00  0.54814607E+00  0.74623715E+00
  0.17100000E+03  0.68328270E+00  0.55002543E+00  0.74118524E+00
  0.17200000E+03  0.67813226E+00  0.54831913E+00  0.74594497E+00
  0.17300000E+03  0.68353037E+00  0.55019047E+00  0.74109845E+00
  0.17400000E+03  0.67838863E+00  0.54848918E+00  0.74565854E+00
  0.17500000E+03  0.68377294E+00  0.55035267E+00  0.74101287E+00
  0.17600000E+03  0.67863971E+00  0.54865628E+00  0.74537775E+00
  0.17700000E+03  0.68401051E+00  0.55051209E+00  0.74092855E+00
  0.17800000E+03  0.67888563E+00  0.54882048E+00  0.74510246E+00
  0.17900000E+03  0.68424321E+00  0.55066877E+00  0.74084550E+00
  0.18000000E+03  0.67912650E+00  0.54898184E+00  0.74483258E+00
  0.18100000E+03  0.68447114E+00  0.55082275E+00  0.74076374E+00
  0.18200000E+03  0.67936245E+00  0.54914038E+00  0.74456798E+00
  0.18300000E+03  0.68469443E+00  0.55097408E+00  0.74068328E+00
  0.18400000E+03  0.67959357E+00  0.54929617E+00  0.74430856E+00
  0.18500000E+03  0.68491316E+00  0.55112281E+00  0.74060414E+00
  0.18600000E+03  0.67981999E+00  0.54944926E+00  0.74405420E+00
  0.18700000E+03  0.68512744E+00  0.55126897E+00  0.74052631E+00
  0.18800000E+03  0.68004272E+00  0.54959967E+00  0.74380482E+00
  0.18900000E+03  0.68533737E+00  0.55141260E+00  0.74044980E+00
  0.19000000E+03  0.68027632E+00  0.54974746E+00  0.74356029E+00
  0.19100000E+03  0.68554306E+00  0.55155375E+00  0.74037462E+00
  0.19200000E+03  0.68050522E+00  0.54989268E+00  0.74332053E+00
  0.19300000E+03  0.68574458E+00  0.55169245E+00  0.74030076E+00
  0.19400000E+03  0.68072952E+00  0.55003535E+00  0.74308544E+00
  0.19500000E+03  0.68594203E+00  0.55182875E+00  0.74022822E+00
  0.19600000E+03  0.68094931E+00  0.55017554E+00  0.74285492E+00
  0.19700000E+03  0.68613550E+00  0.55196268E+00  0.74015699E+00
  0.19800000E+03  0.68116469E+00  0.55031326E+00  0.74262888E+00
  0.19900000E+03  0.68632508E+00  0.55209428E+00  0.74008706E+00
  0.20000000E+03  0.68137576E+00  0.55044857E+00  0.74240722E+00
  0.20100000E+03  0.68651085E+00  0.55222359E+00  0.74001843E+00
  0.20200000E+03  0.68158260E+00  0.55058151E+00  0.74218987E+00
  0.20300000E+03  0.68669289E+00  0.55235064E+00  0.73995110E+00
  0.20400000E+03  0.68178530E+00  0.55071210E+00  0.74197674E+00
  0.20500000E+03  0.68687127E+00  0.55247547E+00  0.73988503E+00
  0.20600000E+03  0.68198396E+00  0.55084039E+00  0.74176773E+00
  0.20700000E+03  0.68704609E+00  0.55259812E+00  0.73982023E+00
  0.20800000E+03  0.68217865E+00  0.55096642E+00  0.74156277E+00
  0.20900000E+03  0.68721740E+00  0.55271861E+00  0.73975668E+00
  0.21000000E+03  0.68236945E+00  0.55109023E+00  0.74136178E+00
  0.21100000E+03  0.68738530E+00  0.55283698E+00  0.73969437E+00
  0.21200000E+03  0.68255646E+00  0.55121184E+00  0.74116467E+00
  0.21300000E+03  0.68754984E+00  0.55295327E+00  0.73963328E+00
  0.21400000E+03  0.68273974E+00  0.55133129E+00  0.74097137E+00
  0.21500000E+03  0.68771109E+00  0.55306751E+00  0.73957340E+00
  0.21600000E+03  0.68291938E+00  0.55144863E+00  0.74078181E+00
  0.21700000E+03  0.68786914E+00  0.55317973E+00  0.73951471E+00
  0.21800000E+03  0.68309545E+00  0.55156387E+00  0.74059591E+00
  0.21900000E+03  0.68802403E+00  0.55328996E+00  0.73945719E+00
  0.22000000E+03  0.68326802E+00  0.55167706E+00  0.74041360E+00
  0.22100000E+03  0.68817585E+00  0.55339824E+00  0.73940083E+00
  0.22200000E+03  0.68343716E+00  0.55178824E+00  0.74023480E+00
  0.22300000E+03  0.68832464E+00  0.55350460E+00  0.73934561E+00
  0.22400000E+03  0.68360295E+00  0.55189742E+00  0.74005945E+00
  0.22500000E+03  0.68847048E+00  0.55360906E+00  0.73929151E+00
  0.22600000E+03  0.68376544E+00  0.55200465E+00  0.73988748E+00
  0.22700000E+03  0.68861342E+00  0.55371166E+00  0.73923852E+00
  0.22800000E+03  0.68392472E+00  0.55210995E+00  0.73971882E+00
  0.22900000E+03  0.68875352E+00  0.55381242E+00  0.73918662E+00
  0.23000000E+03  0.68408084E+00  0.55221337E+00  0.73955341E+00
  0.23100000E+03  0.68889084E+00  0.55391138E+00  0.73913579E+00
  0.23200000E+03  0.68423387E+00  0.55231492E+00  0.73939119E+00
  0.23300000E+03  0.68902544E+00  0.55400857E+00  0.73908601E+00
  0.23400000E+03  0.68438387E+00  0.55241464E+00  0.73923209E+00
  0.23500000E+03  0.68915738E+00  0.55410402E+00  0.73903727E+00
  0.23600000E+03  0.68453091E+00  0.55251256E+00  0.73907605E+00
  0.23700000E+03  0.68928670E+00  0.55419774E+00  0.73898954E+00
  0.23800000E+03  0.68467503E+00  0.55260871E+00  0.73892301E+00
  0.23900000E+03  0.68941345E+00  0.55428978E+00  0.73894281E+00
  0.24000000E+03  0.68481631E+00  0.55270312E+00  0.73877291E+00
  0.24100000E+03  0.68953770E+00  0.55438016E+00  0.73889707E+00
  0.24200000E+03  0.68495479E+00  0.55279582E+00  0.73862570E+00
  0.24300000E+03  0.68965950E+00  0.55446890E+00  0.73885228E+00
  0.24400000E+03  0.68509053E+00  0.55288683E+00  0.73848132E+00
  0.24500000E+03  0.68977888E+00  0.55455604E+00  0.73880844E+00
  0.24600000E+03  0.68522360E+00  0.55297618E+00  0.73833971E+00
  0.24700000E+03  0.68989590E+00  0.55464159E+00  0.73876553E+00
  0.24800000E+03  0.68535404E+00  0.55306391E+00  0.73828229E+00
  0.24900000E+03  0.69001061E+00  0.55472559E+00  0.73872353E+00
  0.25000000E+03  0.68548190E+00  0.55315003E+00  0.73824982E+00
  0.25100000E+03  0.69012305E+00  0.55480806E+00  0.73868243E+00
  0.25200000E+03  0.68560723E+00  0.55323458E+00  0.73821806E+00
  0.25300000E+03  0.69023327E+00  0.55488903E+00  0.73864219E+00
  0.25400000E+03  0.68573010E+00  0.55331758E+00  0.73818700E+00
  0.25500000E+03  0.69034132E+00  0.55496852E+00  0.73860282E+00
  0.25600000E+03  0.68585054E+00  0.55339906E+00  0.73815661E+00
  0.25700000E+03  0.69044723E+00  0.55504656E+00  0.73856430E+00
  0.25800000E+03  0.68596860E+00  0.55347905E+00  0.73812690E+00
  0.25900000E+03  0.69055105E+00  0.55512316E+00  0.73852659E+00
  0.26000000E+03  0.68608434E+00  0.55355756E+00  0.73809783E+00
  0.26100000E+03  0.69065282E+00  0.55519837E+00  0.73848970E+00
  0.26200000E+03  0.68619779E+00  0.55363463E+00  0.73806941E+00
  0.26300000E+03  0.69075259E+00  0.55527219E+00  0.73845360E+00
  0.26400000E+03  0.68630901E+00  0.55371028E+00  0.73804161E+00
  0.26500000E+03  0.69085038E+00  0.55534465E+00  0.73841828E+00
  0.26600000E+03  0.68641803E+00  0.55378453E+00  0.73801443E+00
  0.26700000E+03  0.69094625E+00  0.55541578E+00  0.73838373E+00
  0.26800000E+03  0.68652491E+00  0.55385740E+00  0.73798786E+00
  0.26900000E+03  0.69104023E+00  0.55548560E+00  0.73834991E+00
  0.27000000E+03  0.68662968E+00  0.55392893E+00  0.73796187E+00
  0.27100000E+03  0.69113235E+00  0.55555413E+00  0.73831684E+00
  0.27200000E+03  0.68673239E+00  0.55399914E+00  0.73793646E+00
  0.27300000E+03  0.69122266E+00  0.55562139E+00  0.73828447E+00
  0.27400000E+03  0.68683307E+00  0.55406804E+00  0.73791162E+00
  0.27500000E+03  0.69131119E+00  0.55568741E+00  0.73825282E+00
  0.27600000E+03  0.68693177E+00  0.55413566E+00  0.73788733E+00
  0.27700000E+03  0.69139797E+00  0.55575220E+00  0.73822184E+00
  0.27800000E+03  0.68702852E+00  0.55420202E+00  0.73786358E+00
  0.27900000E+03  0.69148304E+00  0.55581579E+00  0.73819155E+00
  0.28000000E+03  0.68712337E+00  0.55426714E+00  0.73784037E+00
  0.28100000E+03  0.69156644E+00  0.55587820E+00  0.73816191E+00
  0.28200000E+03  0.68721635E+00  0.55433105E+00  0.73781768E+00
  0.28300000E+03  0.69164820E+00  0.55593945E+00  0.73813292E+00
  0.28400000E+03  0.68730750E+00  0.55439377E+00  0.73779549E+00
  0.28500000E+03  0.69172834E+00  0.55599955E+00  0.73810456E+00
  0.28600000E+03  0.68739685E+00  0.55445532E+00  0.73777381E+00
  0.28700000E+03  0.69180690E+00  0.55605854E+00  0.73807682E+00
  0.28800000E+03  0.68748445E+00  0.55451571E+00  0.73775261E+00
  0.28900000E+03  0.69188392E+00  0.55611642E+00  0.73804969E+00
  0.29000000E+03  0.68757032E+00  0.55457498E+00  0.73773189E+00
  0.29100000E+03  0.69195942E+00  0.55617322E+00  0.73802315E+00
  0.29200000E+03  0.68765450E+00  0.55463313E+00  0.73771164E+00
  0.29300000E+03  0.69203344E+00  0.55622896E+00  0.73799719E+00
  0.29400000E+03  0.68773703E+00  0.55469019E+00  0.73769185E+00
  0.29500000E+03  0.69210599E+00  0.55628365E+00  0.73797180E+00
  0.29600000E+03  0.68781793E+00  0.55474618E+00  0.73767250E+00
  0.29700000E+03  0.69217712E+00  0.55633732E+00  0.73794697E+00
  0.29800000E+03  0.68789723E+00  0.55480111E+00  0.73765359E+00
  0.29900000E+03  0.69224685E+00  0.55638998E+00  0.73792268E+00
  0.30000000E+03  0.68797498E+00  0.55485501E+00  0.73763511E+00
  0.30100000E+03  0.69231521E+00  0.55644165E+00  0.73789893E+00
  0.30200000E+03  0.68805120E+00  0.55490790E+00  0.73761705E+00
  0.30300000E+03  0.69238221E+00  0.55649235E+00  0.73787570E+00
  0.30400000E+03  0.68812591E+00  0.55495979E+00  0.73759939E+00
  0.30500000E+03  0.69244790E+00  0.55654209E+00  0.73785298E+00
  0.30600000E+03  0.68819916E+00  0.55501069E+00  0.73758214E+00
  0.30700000E+03  0.69251230E+00  0.55659089E+00  0.73783076E+00
  0.30800000E+03  0.68827096E+00  0.55506064E+00  0.73756528E+00
  0.30900000E+03  0.69257543E+00  0.55663878E+00  0.73780903E+00
  0.31000000E+03  0.68834135E+00  0.55510964E+00  0.73754881E+00
  0.31100000E+03  0.69263732E+00  0.55668576E+00  0.73778778E+00
  0.31200000E+03  0.68841036E+00  0.55515771E+00  0.73753271E+00
  0.31300000E+03  0.69269799E+00  0.55673185E+00  0.73776700E+00
  0.31400000E+03  0.68847801E+00  0.55520488E+00  0.73751697E+00
  0.31500000E+03  0.69275746E+00  0.55677707E+00  0.73774667E+00
  0.31600000E+03  0.68854433E+00  0.55525114E+00  0.73750160E+00
  0.31700000E+03  0.69281577E+00  0.55682143E+00  0.73772680E+00
  0.31800000E+03  0.68860934E+00  0.55529653E+00  0.73748657E+00
  0.31900000E+03  0.69287293E+00  0.55686496E+00  0.73770736E+00
  0.32000000E+03  0.68867307E+00  0.55534106E+00  0.73747189E+00
  0.32100000E+03  0.69292896E+00  0.55690766E+00  0.73768835E+00
  0.32200000E+03  0.68873555E+00  0.55538474E+00  0.73745755E+00
  0.32300000E+03  0.69298389E+00  0.55694954E+00  0.73766977E+00
  0.32400000E+03  0.68879680E+00  0.55542759E+00  0.73744353E+00
  0.32500000E+03  0.69303774E+00  0.55699063E+00  0.73765159E+00
  0.32600000E+03  0.68885685E+00  0.55546963E+00  0.73742983E+00
  0.32700000E+03  0.69309053E+00  0.55703094E+00  0.73763382E+00
  0.32800000E+03  0.68891572E+00  0.55551086E+00  0.73741645E+00
  0.32900000E+03  0.69314228E+00  0.55707049E+00  0.73761644E+00
  0.33000000E+03  0.68897342E+00  0.55555131E+00  0.73740338E+00
  0.33100000E+03  0.69319301E+00  0.55710927E+00  0.73759944E+00
  0.33200000E+03  0.68902999E+00  0.55559098E+00  0.73739060E+00
  0.33300000E+03  0.69324275E+00  0.55714732E+00  0.73758283E+00
  0.33400000E+03  0.68908545E+00  0.55562990E+00  0.73737812E+00
  0.33500000E+03  0.69329150E+00  0.55718465E+00  0.73756658E+00
  0.33600000E+03  0.68913982E+00  0.55566807E+00  0.73736592E+00
  0.33700000E+03  0.68327610E+00  0.54804939E+00  0.73636193E+00
  0.33800000E+03  0.69131700E+00  0.55601790E+00  0.73820866E+00
  0.33900000E+03  0.68331868E+00  0.54808221E+00  0.73634565E+00
  0.34000000E+03  0.69136737E+00  0.55605483E+00  0.73819628E+00
  0.34100000E+03  0.68336041E+00  0.54811440E+00  0.73632973E+00
  0.34200000E+03  0.69141674E+00  0.55609105E+00  0.73818418E+00
  0.34300000E+03  0.68340133E+00  0.54814598E+00  0.73631415E+00
  0.34400000E+03  0.69146515E+00  0.55612658E+00  0.73817235E+00
  0.34500000E+03  0.68344144E+00  0.54817697E+00  0.73629893E+00
  0.34600000E+03  0.69151260E+00  0.55616143E+00  0.73816080E+00
  0.34700000E+03  0.68348077E+00  0.54820736E+00  0.73628404E+00
  0.34800000E+03  0.69155911E+00  0.55619561E+00  0.73814951E+00
  0.34900000E+03  0.68351932E+00  0.54823717E+00  0.73626948E+00
  0.35000000E+03  0.69160471E+00  0.55622913E+00  0.73813847E+00
  0.35100000E+03  0.68355712E+00  0.54826641E+00  0.73625524E+00
  0.35200000E+03  0.69164940E+00  0.55626201E+00  0.73812769E+00
  0.35300000E+03  0.68359417E+00  0.54829510E+00  0.73624131E+00
  0.35400000E+03  0.69169322E+00  0.55629426E+00  0.73811716E+00
  0.35500000E+03  0.68363050E+00  0.54832324E+00  0.73622770E+00
  0.35600000E+03  0.69173617E+00  0.55632589E+00  0.73810687E+00
  0.35700000E+03  0.68366611E+00  0.54835084E+00  0.73621439E+00
  0.35800000E+03  0.69177828E+00  0.55635691E+00  0.73809681E+00
  0.35900000E+03  0.68370102E+00  0.54837791E+00  0.73620137E+00
  0.36000000E+03  0.69181956E+00  0.55638733E+00  0.73808699E+00
  0.36100000E+03  0.68373525E+00  0.54840447E+00  0.73618864E+00
  0.36200000E+03  0.69186002E+00  0.55641716E+00  0.73807739E+00
  0.36300000E+03  0.68376880E+00  0.54843051E+00  0.73617619E+00
  0.36400000E+03  0.69189968E+00  0.55644642E+00  0.73806801E+00
  0.36500000E+03  0.68380170E+00  0.54845606E+00  0.73616402E+00
  0.36600000E+03  0.69193856E+00  0.55647512E+00  0.73805884E+00
  0.36700000E+03  0.68383395E+00  0.54848111E+00  0.73615212E+00
  0.36800000E+03  0.69197668E+00  0.55650326E+00  0.73804989E+00
  0.36900000E+03  0.68386556E+00  0.54850569E+00  0.73617491E+00
  0.37000000E+03  0.69201405E+00  0.55653086E+00  0.73804114E+00
  0.37100000E+03  0.68389656E+00  0.54852980E+00  0.73621499E+00
  0.37200000E+03  0.69205067E+00  0.55655793E+00  0.73803259E+00
  0.37300000E+03  0.68392694E+00  0.54855344E+00  0.73625426E+00
  0.37400000E+03  0.69208658E+00  0.55658447E+00  0.73802424E+00
  0.37500000E+03  0.68395673E+00  0.54857662E+00  0.73629273E+00
  0.37600000E+03  0.69212178E+00  0.55661050E+00  0.73801608E+00
  0.37700000E+03  0.68398593E+00  0.54859937E+00  0.73633042E+00
  0.37800000E+03  0.69215628E+00  0.55663603E+00  0.73800811E+00
  0.37900000E+03  0.68401456E+00  0.54862167E+00  0.73636734E+00
  0.38000000E+03  0.69219011E+00  0.55666106E+00  0.73800033E+00
  0.38100000E+03  0.68404263E+00  0.54864355E+00  0.73640350E+00
  0.38200000E+03  0.69222326E+00  0.55668561E+00  0.73799272E+00
  0.38300000E+03  0.68407015E+00  0.54866500E+00  0.73643893E+00
  0.38400000E+03  0.69225577E+00  0.55670969E+00  0.73798529E+00
  0.38500000E+03  0.68409712E+00  0.54868604E+00  0.73647364E+00
  0.38600000E+03  0.69228763E+00  0.55673329E+00  0.73797803E+00
  0.38700000E+03  0.68412357E+00  0.54870667E+00  0.73650764E+00
  0.38800000E+03  0.69231887E+00  0.55675644E+00  0.73797094E+00
  0.38900000E+03  0.68414949E+00  0.54872691E+00  0.73654094E+00
  0.39000000E+03  0.69234948E+00  0.55677914E+00  0.73796401E+00
  0.39100000E+03  0.68417491E+00  0.54874676E+00  0.73657357E+00
  0.39200000E+03  0.69237950E+00  0.55680140E+00  0.73795725E+00
  0.39300000E+03  0.68419983E+00  0.54876622E+00  0.73660553E+00
  0.39400000E+03  0.69240892E+00  0.55682323E+00  0.73795064E+00
  0.39500000E+03  0.68422426E+00  0.54878531E+00  0.73663684E+00
  0.39600000E+03  0.69243777E+00  0.55684464E+00  0.73794418E+00
  0.39700000E+03  0.68424820E+00  0.54880403E+00  0.73666751E+00
  0.39800000E+03  0.69246604E+00  0.55686563E+00  0.73793787E+00
  0.39900000E+03  0.68427168E+00  0.54882239E+00  0.73669756E+00
  0.40000000E+03  0.69249376E+00  0.55688621E+00  0.73793171E+00
  0.40100000E+03  0.68429470E+00  0.54884039E+00  0.73672700E+00
  0.40200000E+03  0.69252093E+00  0.55690639E+00  0.73792569E+00
  0.40300000E+03  0.68431726E+00  0.54885804E+00  0.73675583E+00
  0.40400000E+03  0.69254757E+00  0.55692618E+00  0.73791981E+00
  0.40500000E+03  0.68433938E+00  0.54887535E+00  0.73678408E+00
  0.40600000E+03  0.69257368E+00  0.55694559E+00  0.73791407E+00
  0.40700000E+03  0.68436107E+00  0.54889233E+00  0.73681175E+00
  0.40800000E+03  0.69259927E+00  0.55696462E+00  0.73790846E+00
  0.40900000E+03  0.68438233E+00  0.54890898E+00  0.73683886E+00
  0.41000000E+03  0.69262436E+00  0.55698327E+00  0.73790298E+00
  0.41100000E+03  0.68440317E+00  0.54892531E+00  0.73686541E+00
  0.41200000E+03  0.69264896E+00  0.55700157E+00  0.73789763E+00
  0.41300000E+03  0.68442361E+00  0.54894132E+00  0.73689143E+00
  0.41400000E+03  0.69267307E+00  0.55701951E+00  0.73789241E+00
  0.41500000E+03  0.68444364E+00  0.54895702E+00  0.73691691E+00
  0.41600000E+03  0.69269671E+00  0.55703710E+00  0.73788730E+00
  0.41700000E+03  0.68446328E+00  0.54897241E+00  0.73694187E+00
  0.41800000E+03  0.69271988E+00  0.55705434E+00  0.73788232E+00
  0.41900000E+03  0.68448253E+00  0.54898751E+00  0.73696633E+00
  0.42000000E+03  0.69274259E+00  0.55707125E+00  0.73787745E+00
  0.42100000E+03  0.68450141E+00  0.54900231E+00  0.73699028E+00
  0.42200000E+03  0.69276486E+00  0.55708783E+00  0.73787269E+00
  0.42300000E+03  0.68451991E+00  0.54901682E+00  0.73701375E+00
  0.42400000E+03  0.69278668E+00  0.55710409E+00  0.73786804E+00
  0.42500000E+03  0.68453805E+00  0.54903106E+00  0.73703674E+00
  0.42600000E+03  0.69280808E+00  0.55712003E+00  0.73786351E+00
  0.42700000E+03  0.68455583E+00  0.54904502E+00  0.73705926E+00
  0.42800000E+03  0.69282905E+00  0.55713566E+00  0.73785908E+00
  0.42900000E+03  0.68457327E+00  0.54905870E+00  0.73708132E+00
  0.43000000E+03  0.69284961E+00  0.55715099E+00  0.73785475E+00
  0.43100000E+03  0.68459036E+00  0.54907212E+00  0.73710293E+00
  0.43200000E+03  0.69286977E+00  0.55716601E+00  0.73785053E+00
  0.43300000E+03  0.68460712E+00  0.54908528E+00  0.73712410E+00
  0.43400000E+03  0.69288953E+00  0.55718074E+00  0.73784640E+00
  0.43500000E+03  0.68462354E+00  0.54909818E+00  0.73714484E+00
  0.43600000E+03  0.69290890E+00  0.55719519E+00  0.73784237E+00
  0.43700000E+03  0.68463965E+00  0.54911084E+00  0.73716516E+00
  0.43800000E+03  0.69292788E+00  0.55720935E+00  0.73783843E+00
  0.43900000E+03  0.68465543E+00  0.54912324E+00  0.73718506E+00
  0.44000000E+03  0.69294650E+00  0.55722324E+00  0.73783459E+00
  0.44100000E+03  0.68467091E+00  0.54913541E+00  0.73720456E+00
  0.44200000E+03  0.69296474E+00  0.55723685E+00  0.73783084E+00
  0.44300000E+03  0.68468609E+00  0.54914734E+00  0.73722366E+00
  0.44400000E+03  0.69298263E+00  0.55725020E+00  0.73782717E+00
  0.44500000E+03  0.68470096E+00  0.54915903E+00  0.73724237E+00
  0.44600000E+03  0.69300016E+00  0.55726329E+00  0.73782359E+00
  0.44700000E+03  0.68471555E+00  0.54917050E+00  0.73726069E+00
  0.44800000E+03  0.69301735E+00  0.55727612E+00  0.73782010E+00
  0.44900000E+03  0.68472984E+00  0.54918174E+00  0.73727865E+00
  0.45000000E+03  0.69303420E+00  0.55728870E+00  0.73781669E+00
  0.45100000E+03  0.68474386E+00  0.54919277E+00  0.73729624E+00
  0.45200000E+03  0.69305071E+00  0.55730104E+00  0.73781336E+00
  0.45300000E+03  0.68475760E+00  0.54920358E+00  0.73731347E+00
  0.45400000E+03  0.69306690E+00  0.55731313E+00  0.73781010E+00
  0.45500000E+03  0.68477107E+00  0.54921418E+00  0.73733034E+00
  0.45600000E+03  0.69308277E+00  0.55732499E+00  0.73780692E+00
  0.45700000E+03  0.68478428E+00  0.54922457E+00  0.73734688E+00
  0.45800000E+03  0.69309833E+00  0.55733661E+00  0.73780382E+00
  0.45900000E+03  0.68479722E+00  0.54923476E+00  0.73736307E+00
  0.46000000E+03  0.69311359E+00  0.55734801E+00  0.73780079E+00
  0.46100000E+03  0.68480991E+00  0.54924475E+00  0.73737894E+00
  0.46200000E+03  0.69312854E+00  0.55735918E+00  0.73779784E+00
  0.46300000E+03  0.68482236E+00  0.54925454E+00  0.73739448E+00
  0.46400000E+03  0.69314319E+00  0.55737014E+00  0.73779495E+00
  0.46500000E+03  0.68483456E+00  0.54926415E+00  0.73740971E+00
  0.46600000E+03  0.69315756E+00  0.55738088E+00  0.73779213E+00
  0.46700000E+03  0.68484651E+00  0.54927357E+00  0.73742462E+00
  0.46800000E+03  0.69317164E+00  0.55739141E+00  0.73778938E+00
  0.46900000E+03  0.68485824E+00  0.54928280E+00  0.73743923E+00
  0.47000000E+03  0.69318545E+00  0.55740173E+00  0.73778669E+00
  0.47100000E+03  0.68486973E+00  0.54929185E+00  0.73745354E+00
  0.47200000E+03  0.69319898E+00  0.55741185E+00  0.73778407E+00
  0.47300000E+03  0.68488100E+00  0.54930073E+00  0.73746756E+00
  0.47400000E+03  0.69321225E+00  0.55742178E+00  0.73778151E+00
  0.47500000E+03  0.68489204E+00  0.54930943E+00  0.73748130E+00
  0.47600000E+03  0.69322526E+00  0.55743151E+00  0.73777901E+00
  0.47700000E+03  0.68490287E+00  0.54931796E+00  0.73749475E+00
  0.47800000E+03  0.69323801E+00  0.55744104E+00  0.73777657E+00
  0.47900000E+03  0.68491349E+00  0.54932633E+00  0.73750793E+00
  0.48000000E+03  0.69325050E+00  0.55745040E+00  0.73777418E+00
  0.48100000E+03  0.68492390E+00  0.54933453E+00  0.73752084E+00
  0.48200000E+03  0.69326276E+00  0.55745956E+00  0.73777186E+00
  0.48300000E+03  0.68493410E+00  0.54934257E+00  0.73753349E+00
  0.48400000E+03  0.69327477E+00  0.55746855E+00  0.73776959E+00
  0.48500000E+03  0.68494410E+00  0.54935045E+00  0.73754588E+00
  0.48600000E+03  0.69328654E+00  0.55747736E+00  0.73776737E+00
  0.48700000E+03  0.68495391E+00  0.54935818E+00  0.73755802E+00
  0.48800000E+03  0.69329808E+00  0.55748600E+00  0.73776521E+00
  0.48900000E+03  0.68496352E+00  0.54936576E+00  0.73756991E+00
  0.49000000E+03  0.69330939E+00  0.55749447E+00  0.73776309E+00
  0.49100000E+03  0.68497295E+00  0.54937319E+00  0.73758155E+00
  0.49200000E+03  0.69332048E+00  0.55750277E+00  0.73776103E+00
  0.49300000E+03  0.68498219E+00  0.54938048E+00  0.73759296E+00
  0.49400000E+03  0.69333135E+00  0.55751091E+00  0.73775902E+00
  0.49500000E+03  0.68499125E+00  0.54938762E+00  0.73760414E+00
  0.49600000E+03  0.69334201E+00  0.55751889E+00  0.73775705E+00
  0.49700000E+03  0.68500013E+00  0.54939462E+00  0.73761508E+00
  0.49800000E+03  0.69335246E+00  0.55752671E+00  0.73775514E+00
  0.49900000E+03  0.68500883E+00  0.54940149E+00  0.73762581E+00
  0.50000000E+03  0.69336270E+00  0.55753438E+00  0.73775326E+00
  0.50100000E+03  0.68501737E+00  0.54940822E+00  0.73763631E+00
  0.50200000E+03  0.69337274E+00  0.55754190E+00  0.73775144E+00
  0.50300000E+03  0.68502573E+00  0.54941482E+00  0.73764661E+00
  0.50400000E+03  0.69338258E+00  0.55754927E+00  0.73774966E+00
  0.50500000E+03  0.68503394E+00  0.54942129E+00  0.73765669E+00
  0.50600000E+03  0.69339223E+00  0.55755650E+00  0.73774791E+00
  0.50700000E+03  0.68504198E+00  0.54942763E+00  0.73766656E+00
  0.50800000E+03  0.69340168E+00  0.55756358E+00  0.73774622E+00
  0.50900000E+03  0.68504986E+00  0.54943385E+00  0.73767624E+00
  0.51000000E+03  0.69341095E+00  0.55757053E+00  0.73774456E+00
  0.51100000E+03  0.68505759E+00  0.54943994E+00  0.73768571E+00
  0.51200000E+03  0.69342004E+00  0.55757734E+00  0.73774294E+00
  0.51300000E+03  0.68506516E+00  0.54944592E+00  0.73769500E+00
  0.51400000E+03  0.69342895E+00  0.55758401E+00  0.73774136E+00
  0.51500000E+03  0.68507259E+00  0.54945178E+00  0.73770409E+00
  0.51600000E+03  0.69343768E+00  0.55759056E+00  0.73773982E+00
  0.51700000E+03  0.68507987E+00  0.54945753E+00  0.73771300E+00
  0.51800000E+03  0.69344624E+00  0.55759697E+00  0.73774615E+00
  0.51900000E+03  0.68508701E+00  0.54946316E+00  0.73772172E+00
  0.52000000E+03  0.69345463E+00  0.55760326E+00  0.73775422E+00
  0.52100000E+03  0.68509401E+00  0.54946868E+00  0.73773027E+00
  0.52200000E+03  0.69346286E+00  0.55760943E+00  0.73776213E+00
  0.52300000E+03  0.68510087E+00  0.54947409E+00  0.73773864E+00
  0.52400000E+03  0.69347092E+00  0.55761547E+00  0.73776988E+00
  0.52500000E+03  0.68510760E+00  0.54947940E+00  0.73774685E+00
  0.52600000E+03  0.69347942E+00  0.55762140E+00  0.73777746E+00
  0.52700000E+03  0.68511419E+00  0.54948460E+00  0.73775488E+00
  0.52800000E+03  0.69348777E+00  0.55762720E+00  0.73778490E+00
  0.52900000E+03  0.68512065E+00  0.54948970E+00  0.73776275E+00
  0.53000000E+03  0.69349594E+00  0.55763290E+00  0.73779218E+00
  0.53100000E+03  0.68512699E+00  0.54949471E+00  0.73777046E+00
  0.53200000E+03  0.69350396E+00  0.55763848E+00  0.73779931E+00
  0.53300000E+03  0.68513320E+00  0.54949961E+00  0.73777802E+00
  0.53400000E+03  0.69351182E+00  0.55764395E+00  0.73780629E+00
  0.53500000E+03  0.68513930E+00  0.54950441E+00  0.73778541E+00
  0.53600000E+03  0.69351952E+00  0.55764932E+00  0.73781313E+00
  0.53700000E+03  0.68514527E+00  0.54950913E+00  0.73779266E+00
  0.53800000E+03  0.69352707E+00  0.55765458E+00  0.73781984E+00
  0.53900000E+03  0.68515112E+00  0.54951375E+00  0.73779976E+00
  0.54000000E+03  0.69353447E+00  0.55765973E+00  0.73782640E+00
  0.54100000E+03  0.68515686E+00  0.54951828E+00  0.73780672E+00
  0.54200000E+03  0.69354173E+00  0.55766479E+00  0.73783283E+00
  0.54300000E+03  0.68516248E+00  0.54952272E+00  0.73781353E+00
  0.54400000E+03  0.69354884E+00  0.55766974E+00  0.73783913E+00
  0.54500000E+03  0.68516800E+00  0.54952707E+00  0.73782020E+00
  0.54600000E+03  0.69355582E+00  0.55767460E+00  0.73784530E+00
  0.54700000E+03  0.68517341E+00  0.54953134E+00  0.73782674E+00
  0.54800000E+03  0.69356265E+00  0.55767936E+00  0.73785134E+00
  0.54900000E+03  0.68517871E+00  0.54953552E+00  0.73783314E+00
  0.55000000E+03  0.69356935E+00  0.55768403E+00  0.73785726E+00
  0.55100000E+03  0.68518390E+00  0.54953962E+00  0.73783942E+00
  0.55200000E+03  0.69357592E+00  0.55768860E+00  0.73786306E+00
  0.55300000E+03  0.68518900E+00  0.54954364E+00  0.73784556E+00
  0.55400000E+03  0.69358236E+00  0.55769309E+00  0.73786874E+00
  0.55500000E+03  0.68519399E+00  0.54954758E+00  0.73785158E+00
  0.55600000E+03  0.69358867E+00  0.55769749E+00  0.73787430E+00
  0.55700000E+03  0.68519889E+00  0.54955145E+00  0.73785748E+00
  0.55800000E+03  0.69359486E+00  0.55770180E+00  0.73787975E+00
  0.55900000E+03  0.68520369E+00  0.54955524E+00  0.73786325E+00
  0.56000000E+03  0.69360093E+00  0.55770602E+00  0.73788509E+00
  0.56100000E+03  0.68520839E+00  0.54955895E+00  0.73786891E+00
  0.56200000E+03  0.69360688E+00  0.55771017E+00  0.73789031E+00
  0.56300000E+03  0.68521300E+00  0.54956259E+00  0.73787445E+00
  0.56400000E+03  0.69361271E+00  0.55771423E+00  0.73789543E+00
  0.56500000E+03  0.68521753E+00  0.54956616E+00  0.73787988E+00
  0.56600000E+03  0.69361842E+00  0.55771821E+00  0.73790045E+00
  0.56700000E+03  0.68522196E+00  0.54956966E+00  0.73788520E+00
  0.56800000E+03  0.69362402E+00  0.55772211E+00  0.73790536E+00
  0.56900000E+03  0.68522631E+00  0.54957309E+00  0.73789041E+00
  0.57000000E+03  0.69362951E+00  0.55772594E+00  0.73791018E+00
  0.57100000E+03  0.68523057E+00  0.54957645E+00  0.73789552E+00
  0.57200000E+03  0.69363490E+00  0.55772969E+00  0.73791489E+00
  0.57300000E+03  0.68523474E+00  0.54957975E+00  0.73790051E+00
  0.57400000E+03  0.69364017E+00  0.55773336E+00  0.73791951E+00
  0.57500000E+03  0.68523884E+00  0.54958298E+00  0.73790541E+00
  0.57600000E+03  0.69364535E+00  0.55773697E+00  0.73792403E+00
  0.57700000E+03  0.68524285E+00  0.54958615E+00  0.73791021E+00
  0.57800000E+03  0.69365042E+00  0.55774050E+00  0.73792846E+00
  0.57900000E+03  0.68524679E+00  0.54958925E+00  0.73791491E+00
  0.58000000E+03  0.69365539E+00  0.55774396E+00  0.73793280E+00
  0.58100000E+03  0.68525065E+00  0.54959230E+00  0.73791951E+00
  0.58200000E+03  0.69366027E+00  0.55774736E+00  0.73793705E+00
  0.58300000E+03  0.68525443E+00  0.54959528E+00  0.73792402E+00
  0.58400000E+03  0.69366504E+00  0.55775069E+00  0.73794121E+00
  0.58500000E+03  0.68525814E+00  0.54959821E+00  0.73792844E+00
  0.58600000E+03  0.69366973E+00  0.55775395E+00  0.73794529E+00
  0.58700000E+03  0.68526177E+00  0.54960108E+00  0.73793276E+00
  0.58800000E+03  0.69367432E+00  0.55775715E+00  0.73794929E+00
  0.58900000E+03  0.68526534E+00  0.54960389E+00  0.73793700E+00
  0.59000000E+03  0.69367882E+00  0.55776028E+00  0.73795320E+00
  0.59100000E+03  0.68526883E+00  0.54960665E+00  0.73794115E+00
  0.59200000E+03  0.69368323E+00  0.55776336E+00  0.73795703E+00
  0.59300000E+03  0.68527226E+00  0.54960935E+00  0.73794522E+00
  0.59400000E+03  0.69368755E+00  0.55776637E+00  0.73796078E+00
  0.59500000E+03  0.68527561E+00  0.54961200E+00  0.73794920E+00
  0.59600000E+03  0.69369179E+00  0.55776932E+00  0.73796446E+00
  0.59700000E+03  0.68527891E+00  0.54961460E+00  0.73795310E+00
  0.59800000E+03  0.69369595E+00  0.55777222E+00  0.73796806E+00
  0.59900000E+03  0.68528213E+00  0.54961714E+00  0.73795693E+00
  0.60000000E+03  0.69370002E+00  0.55777506E+00  0.73797159E+00
  0.60100000E+03  0.68528530E+00  0.54961964E+00  0.73796067E+00
  0.60200000E+03  0.69370402E+00  0.55777784E+00  0.73797505E+00
  0.60300000E+03  0.68528840E+00  0.54962209E+00  0.73796434E+00
  0.60400000E+03  0.69370793E+00  0.55778057E+00  0.73797843E+00
  0.60500000E+03  0.68529144E+00  0.54962449E+00  0.73796793E+00
  0.60600000E+03  0.69371177E+00  0.55778324E+00  0.73798175E+00
  0.60700000E+03  0.68529442E+00  0.54962684E+00  0.73797145E+00
  0.60800000E+03  0.69371553E+00  0.55778586E+00  0.73798499E+00
  0.60900000E+03  0.68529734E+00  0.54962914E+00  0.73797490E+00
  0.61000000E+03  0.69371922E+00  0.55778843E+00  0.73798817E+00
  0.61100000E+03  0.68530021E+00  0.54963140E+00  0.73797828E+00
  0.61200000E+03  0.69372284E+00  0.55779095E+00  0.73799129E+00
  0.61300000E+03  0.68530301E+00  0.54963362E+00  0.73798158E+00
  0.61400000E+03  0.69372638E+00  0.55779341E+00  0.73799434E+00
  0.61500000E+03  0.68530577E+00  0.54963579E+00  0.73798482E+00
  0.61600000E+03  0.69372986E+00  0.55779583E+00  0.73799733E+00
  0.61700000E+03  0.68530847E+00  0.54963792E+00  0.73798800E+00
  0.61800000E+03  0.69373326E+00  0.55779821E+00  0.73800026E+00
  0.61900000E+03  0.68531111E+00  0.54964001E+00  0.73799111E+00
  0.62000000E+03  0.69373660E+00  0.55780053E+00  0.73800312E+00
  0.62100000E+03  0.68531371E+00  0.54964205E+00  0.73799415E+00
  0.62200000E+03  0.69373987E+00  0.55780281E+00  0.73800593E+00
  0.62300000E+03  0.68531625E+00  0.54964406E+00  0.73799714E+00
  0.62400000E+03  0.69374308E+00  0.55780505E+00  0.73800868E+00
  0.62500000E+03  0.68531874E+00  0.54964602E+00  0.73800006E+00
  0.62600000E+03  0.69374623E+00  0.55780724E+00  0.73801138E+00
  0.62700000E+03  0.68532119E+00  0.54964795E+00  0.73800292E+00
  0.62800000E+03  0.69374931E+00  0.55780938E+00  0.73801402E+00
  0.62900000E+03  0.68532358E+00  0.54964984E+00  0.73800573E+00
  0.63000000E+03  0.69375233E+00  0.55781149E+00  0.73801660E+00
  0.63100000E+03  0.68532593E+00  0.54965169E+00  0.73800847E+00
  0.63200000E+03  0.69375530E+00  0.55781355E+00  0.73801914E+00
  0.63300000E+03  0.68532823E+00  0.54965351E+00  0.73801116E+00
  0.63400000E+03  0.69375820E+00  0.55781557E+00  0.73802162E+00
  0.63500000E+03  0.68533049E+00  0.54965529E+00  0.73801380E+00
  0.63600000E+03  0.69376105E+00  0.55781756E+00  0.73802405E+00
  0.63700000E+03  0.68533270E+00  0.54965703E+00  0.73801638E+00
  0.63800000E+03  0.69376384E+00  0.55781950E+00  0.73802643E+00
  0.63900000E+03  0.68533487E+00  0.54965875E+00  0.73801891E+00
  0.64000000E+03  0.69376658E+00  0.55782141E+00  0.73802876E+00
  0.64100000E+03  0.68533700E+00  0.54966042E+00  0.73802139E+00
  0.64200000E+03  0.69376926E+00  0.55782327E+00  0.73803104E+00
  0.64300000E+03  0.68533909E+00  0.54966207E+00  0.73802381E+00
  0.64400000E+03  0.69377189E+00  0.55782510E+00  0.73803328E+00
  0.64500000E+03  0.68534113E+00  0.54966368E+00  0.73802619E+00
  0.64600000E+03  0.69377447E+00  0.55782690E+00  0.73803547E+00
  0.64700000E+03  0.68534313E+00  0.54966526E+00  0.73802852E+00
  0.64800000E+03  0.69377699E+00  0.55782866E+00  0.73803761E+00
  0.64900000E+03  0.68534510E+00  0.54966681E+00  0.73803080E+00
  0.65000000E+03  0.69377947E+00  0.55783038E+00  0.73803971E+00
  0.65100000E+03  0.68534703E+00  0.54966832E+00  0.73803303E+00
  0.65200000E+03  0.69378190E+00  0.55783207E+00  0.73804177E+00
  0.65300000E+03  0.68534891E+00  0.54966981E+00  0.73803522E+00
  0.65400000E+03  0.69378428E+00  0.55783373E+00  0.73804379E+00
  0.65500000E+03  0.68535076E+00  0.54967127E+00  0.73803736E+00
  0.65600000E+03  0.69378661E+00  0.55783535E+00  0.73804576E+00
  0.65700000E+03  0.68535258E+00  0.54967270E+00  0.73803946E+00
  0.65800000E+03  0.69378890E+00  0.55783695E+00  0.73804770E+00
  0.65900000E+03  0.68535436E+00  0.54967410E+00  0.73804152E+00
  0.66000000E+03  0.69379114E+00  0.55783851E+00  0.73804959E+00
  0.66100000E+03  0.68535610E+00  0.54967548E+00  0.73804354E+00
  0.66200000E+03  0.69379334E+00  0.55784004E+00  0.73805145E+00
  0.66300000E+03  0.68535781E+00  0.54967682E+00  0.73804551E+00
  0.66400000E+03  0.69379549E+00  0.55784154E+00  0.73805327E+00
  0.66500000E+03  0.68535949E+00  0.54967815E+00  0.73804744E+00
  0.66600000E+03  0.69379760E+00  0.55784301E+00  0.73805505E+00
  0.66700000E+03  0.68536113E+00  0.54967944E+00  0.73804934E+00
  0.66800000E+03  0.69379968E+00  0.55784445E+00  0.73805679E+00
  0.66900000E+03  0.68536274E+00  0.54968071E+00  0.73805119E+00
  0.67000000E+03  0.69380170E+00  0.55784586E+00  0.73805850E+00
  0.67100000E+03  0.68536432E+00  0.54968195E+00  0.73805301E+00
  0.67200000E+03  0.69380369E+00  0.55784724E+00  0.73806017E+00
  0.67300000E+03  0.68536587E+00  0.54968317E+00  0.73805479E+00
  0.67400000E+03  0.69380565E+00  0.55784860E+00  0.73806181E+00
  0.67500000E+03  0.68536739E+00  0.54968437E+00  0.73805653E+00
  0.67600000E+03  0.69380756E+00  0.55784993E+00  0.73806341E+00
  0.67700000E+03  0.68536887E+00  0.54968554E+00  0.73805824E+00
  0.67800000E+03  0.69380943E+00  0.55785124E+00  0.73806499E+00
  0.67900000E+03  0.68537033E+00  0.54968669E+00  0.73805991E+00
  0.68000000E+03  0.69381127E+00  0.55785251E+00  0.73806653E+00
  0.68100000E+03  0.68537176E+00  0.54968781E+00  0.73806155E+00
  0.68200000E+03  0.69381307E+00  0.55785377E+00  0.73806803E+00
  0.68300000E+03  0.68537316E+00  0.54968892E+00  0.73806315E+00
  0.68400000E+03  0.69381484E+00  0.55785500E+00  0.73806951E+00
  0.68500000E+03  0.68537454E+00  0.54969000E+00  0.73806473E+00
  0.68600000E+03  0.69381657E+00  0.55785620E+00  0.73807096E+00
  0.68700000E+03  0.68537589E+00  0.54969106E+00  0.73806627E+00
  0.68800000E+03  0.69381826E+00  0.55785738E+00  0.73807238E+00
  0.68900000E+03  0.68537721E+00  0.54969210E+00  0.73806778E+00
  0.69000000E+03  0.69381993E+00  0.55785854E+00  0.73807376E+00
  0.69100000E+03  0.68537850E+00  0.54969312E+00  0.73806925E+00
  0.69200000E+03  0.69382156E+00  0.55785967E+00  0.73807512E+00
  0.69300000E+03  0.68537977E+00  0.54969412E+00  0.73807070E+00
  0.69400000E+03  0.69382316E+00  0.55786078E+00  0.73807645E+00
  0.69500000E+03  0.68538101E+00  0.54969510E+00  0.73807212E+00
  0.69600000E+03  0.69382472E+00  0.55786187E+00  0.73807776E+00
  0.69700000E+03  0.68538223E+00  0.54969606E+00  0.73807351E+00
  0.69800000E+03  0.69382626E+00  0.55786294E+00  0.73807904E+00
  0.69900000E+03  0.68538343E+00  0.54969700E+00  0.73807487E+00
  0.70000000E+03  0.69382776E+00  0.55786399E+00  0.73808029E+00
  0.70100000E+03  0.68538460E+00  0.54969792E+00  0.73807620E+00
  0.70200000E+03  0.69382924E+00  0.55786502E+00  0.73808151E+00
  0.70300000E+03  0.68538575E+00  0.54969883E+00  0.73807750E+00
  0.70400000E+03  0.69383069E+00  0.55786602E+00  0.73808271E+00
  0.70500000E+03  0.68538688E+00  0.54969972E+00  0.73807878E+00
  0.70600000E+03  0.69383211E+00  0.55786701E+00  0.73808389E+00
  0.70700000E+03  0.68538798E+00  0.54970059E+00  0.73808004E+00
  0.70800000E+03  0.69383350E+00  0.55786798E+00  0.73808504E+00
  0.70900000E+03  0.68538907E+00  0.54970144E+00  0.73808126E+00
  0.71000000E+03  0.69383486E+00  0.55786892E+00  0.73808617E+00
  0.71100000E+03  0.68539013E+00  0.54970227E+00  0.73808246E+00
  0.71200000E+03  0.69383620E+00  0.55786985E+00  0.73808727E+00
  0.71300000E+03  0.68539117E+00  0.54970309E+00  0.73808364E+00
  0.71400000E+03  0.69383751E+00  0.55787076E+00  0.73808836E+00
  0.71500000E+03  0.68539219E+00  0.54970389E+00  0.73808479E+00
  0.71600000E+03  0.69383879E+00  0.55787166E+00  0.73808942E+00
  0.71700000E+03  0.68539319E+00  0.54970468E+00  0.73808592E+00
  0.71800000E+03  0.69384005E+00  0.55787253E+00  0.73809045E+00
  0.71900000E+03  0.68539417E+00  0.54970545E+00  0.73808703E+00
  0.72000000E+03  0.69384128E+00  0.55787339E+00  0.73809147E+00
  0.72100000E+03  0.68539513E+00  0.54970621E+00  0.73808811E+00
  0.72200000E+03  0.69384249E+00  0.55787423E+00  0.73809247E+00
  0.72300000E+03  0.68539607E+00  0.54970695E+00  0.73808917E+00
  0.72400000E+03  0.69384368E+00  0.55787506E+00  0.73809344E+00
  0.72500000E+03  0.68539700E+00  0.54970768E+00  0.73809021E+00
  0.72600000E+03  0.69384484E+00  0.55787586E+00  0.73809440E+00
  0.72700000E+03  0.68539790E+00  0.54970839E+00  0.73809123E+00
  0.72800000E+03  0.69384598E+00  0.55787666E+00  0.73809533E+00
  0.72900000E+03  0.68539879E+00  0.54970909E+00  0.73809223E+00
  0.73000000E+03  0.69384710E+00  0.55787743E+00  0.73809625E+00
  0.73100000E+03  0.68539966E+00  0.54970977E+00  0.73809321E+00
  0.73200000E+03  0.69384819E+00  0.55787819E+00  0.73809715E+00
  0.73300000E+03  0.68540051E+00  0.54971044E+00  0.73809416E+00
  0.73400000E+03  0.69384926E+00  0.55787894E+00  0.73809803E+00
  0.73500000E+03  0.68540135E+00  0.54971110E+00  0.73809510E+00
  0.73600000E+03  0.69385032E+00  0.55787967E+00  0.73809889E+00
  0.73700000E+03  0.68540217E+00  0.54971174E+00  0.73809602E+00
  0.73800000E+03  0.69385135E+00  0.55788039E+00  0.73809973E+00
  0.73900000E+03  0.68540297E+00  0.54971238E+00  0.73809692E+00
  0.74000000E+03  0.69385236E+00  0.55788109E+00  0.73810056E+00
  0.74100000E+03  0.68540376E+00  0.54971300E+00  0.73809780E+00
  0.74200000E+03  0.69385335E+00  0.55788178E+00  0.73810137E+00
  0.74300000E+03  0.68540453E+00  0.54971360E+00  0.73809866E+00
  0.74400000E+03  0.69385432E+00  0.55788245E+00  0.73810216E+00
  0.74500000E+03  0.68540529E+00  0.54971420E+00  0.73809951E+00
  0.74600000E+03  0.69385527E+00  0.55788311E+00  0.73810294E+00
  0.74700000E+03  0.68540603E+00  0.54971478E+00  0.73810033E+00
  0.74800000E+03  0.69385621E+00  0.55788376E+00  0.73810370E+00
  0.74900000E+03  0.68540676E+00  0.54971535E+00  0.73810115E+00
  0.75000000E+03  0.69385712E+00  0.55788440E+00  0.73810444E+00
  0.75100000E+03  0.68540748E+00  0.54971592E+00  0.73810194E+00
  0.75200000E+03  0.69385802E+00  0.55788502E+00  0.73810517E+00
  0.75300000E+03  0.68540818E+00  0.54971646E+00  0.73810272E+00
  0.75400000E+03  0.69385890E+00  0.55788563E+00  0.73810588E+00
  0.75500000E+03  0.68540886E+00  0.54971700E+00  0.73810348E+00
  0.75600000E+03  0.69385976E+00  0.55788623E+00  0.73810658E+00
  0.75700000E+03  0.68540953E+00  0.54971753E+00  0.73810423E+00
  0.75800000E+03  0.69386061E+00  0.55788682E+00  0.73810727E+00
  0.75900000E+03  0.68541019E+00  0.54971805E+00  0.73810496E+00
  0.76000000E+03  0.69386144E+00  0.55788740E+00  0.73810794E+00
  0.76100000E+03  0.68541084E+00  0.54971856E+00  0.73810567E+00
  0.76200000E+03  0.69386225E+00  0.55788796E+00  0.73810860E+00
  0.76300000E+03  0.68541147E+00  0.54971906E+00  0.73810638E+00
  0.76400000E+03  0.69386304E+00  0.55788851E+00  0.73810924E+00
  0.76500000E+03  0.68541209E+00  0.54971954E+00  0.73810706E+00
  0.76600000E+03  0.69386382E+00  0.55788905E+00  0.73810987E+00
  0.76700000E+03  0.68541270E+00  0.54972002E+00  0.73810774E+00
  0.76800000E+03  0.69386459E+00  0.55788959E+00  0.73811049E+00
  0.76900000E+03  0.68541330E+00  0.54972049E+00  0.73810839E+00
  0.77000000E+03  0.69386534E+00  0.55789011E+00  0.73811110E+00
  0.77100000E+03  0.68541388E+00  0.54972095E+00  0.73810904E+00
  0.77200000E+03  0.69386607E+00  0.55789062E+00  0.73811169E+00
  0.77300000E+03  0.68541446E+00  0.54972140E+00  0.73810967E+00
  0.77400000E+03  0.69386679E+00  0.55789112E+00  0.73811227E+00
  0.77500000E+03  0.68541502E+00  0.54972184E+00  0.73811029E+00
  0.77600000E+03  0.69386750E+00  0.55789161E+00  0.73811284E+00
  0.77700000E+03  0.68541557E+00  0.54972227E+00  0.73811090E+00
  0.77800000E+03  0.69386819E+00  0.55789209E+00  0.73811339E+00
  0.77900000E+03  0.68541611E+00  0.54972270E+00  0.73811149E+00
  0.78000000E+03  0.69386887E+00  0.55789256E+00  0.73811394E+00
  0.78100000E+03  0.68541664E+00  0.54972311E+00  0.73811208E+00
  0.78200000E+03  0.69386954E+00  0.55789302E+00  0.73811447E+00
  0.78300000E+03  0.68541716E+00  0.54972352E+00  0.73811265E+00
  0.78400000E+03  0.69387019E+00  0.55789347E+00  0.73811500E+00
  0.78500000E+03  0.68541767E+00  0.54972392E+00  0.73811321E+00
  0.78600000E+03  0.69387083E+00  0.55789392E+00  0.73811551E+00
  0.78700000E+03  0.68541817E+00  0.54972431E+00  0.73811375E+00
  0.78800000E+03  0.69387146E+00  0.55789435E+00  0.73811601E+00
  0.78900000E+03  0.68541866E+00  0.54972470E+00  0.73811429E+00
  0.79000000E+03  0.69387207E+00  0.55789478E+00  0.73811650E+00
  0.79100000E+03  0.68541914E+00  0.54972507E+00  0.73811481E+00
  0.79200000E+03  0.69387267E+00  0.55789520E+00  0.73811698E+00
  0.79300000E+03  0.68541961E+00  0.54972544E+00  0.73811533E+00
  0.79400000E+03  0.69387326E+00  0.55789561E+00  0.73811745E+00
  0.79500000E+03  0.68542007E+00  0.54972580E+00  0.73811583E+00
  0.79600000E+03  0.69387384E+00  0.55789601E+00  0.73811792E+00
  0.79700000E+03  0.68542052E+00  0.54972616E+00  0.73811633E+00
  0.79800000E+03  0.69387441E+00  0.55789640E+00  0.73811837E+00
  0.79900000E+03  0.68542096E+00  0.54972651E+00  0.73811681E+00
  0.80000000E+03  0.69387497E+00  0.55789679E+00  0.73811881E+00
  0.80100000E+03  0.68542140E+00  0.54972685E+00  0.73811728E+00
  0.80200000E+03  0.69387551E+00  0.55789717E+00  0.73811925E+00
  0.80300000E+03  0.68542182E+00  0.54972718E+00  0.73811775E+00
  0.80400000E+03  0.69387605E+00  0.55789754E+00  0.73811967E+00
  0.80500000E+03  0.68542224E+00  0.54972751E+00  0.73811820E+00
  0.80600000E+03  0.69387657E+00  0.55789790E+00  0.73812009E+00
  0.80700000E+03  0.68542265E+00  0.54972783E+00  0.73811864E+00
  0.80800000E+03  0.69387709E+00  0.55789826E+00  0.73812049E+00
  0.80900000E+03  0.68542305E+00  0.54972814E+00  0.73811908E+00
  0.81000000E+03  0.69387759E+00  0.55789861E+00  0.73812089E+00
  0.81100000E+03  0.68542344E+00  0.54972845E+00  0.73811951E+00
  0.81200000E+03  0.69387808E+00  0.55789895E+00  0.73812128E+00
  0.81300000E+03  0.68542383E+00  0.54972875E+00  0.73811992E+00
  0.81400000E+03  0.69387857E+00  0.55789929E+00  0.73812167E+00
  0.81500000E+03  0.68542421E+00  0.54972905E+00  0.73812033E+00
  0.81600000E+03  0.69387904E+00  0.55789962E+00  0.73812204E+00
  0.81700000E+03  0.68542458E+00  0.54972934E+00  0.73812074E+00
  0.81800000E+03  0.69387951E+00  0.55789994E+00  0.73812241E+00
  0.81900000E+03  0.68542494E+00  0.54972963E+00  0.73812113E+00
  0.82000000E+03  0.69387996E+00  0.55790025E+00  0.73812277E+00
  0.82100000E+03  0.68542530E+00  0.54972990E+00  0.73812151E+00
  0.82200000E+03  0.69388041E+00  0.55790056E+00  0.73812312E+00
  0.82300000E+03  0.68542565E+00  0.54973018E+00  0.73812189E+00
  0.82400000E+03  0.69388085E+00  0.55790087E+00  0.73812347E+00
  0.82500000E+03  0.68542599E+00  0.54973045E+00  0.73812226E+00
  0.82600000E+03  0.69388128E+00  0.55790117E+00  0.73812381E+00
  0.82700000E+03  0.68542632E+00  0.54973071E+00  0.73812262E+00
  0.82800000E+03  0.69388170E+00  0.55790146E+00  0.73812414E+00
  0.82900000E+03  0.68542665E+00  0.54973097E+00  0.73812297E+00
  0.83000000E+03  0.69388211E+00  0.55790174E+00  0.73812446E+00
  0.83100000E+03  0.68542698E+00  0.54973122E+00  0.73812332E+00
  0.83200000E+03  0.69388251E+00  0.55790202E+00  0.73812478E+00
  0.83300000E+03  0.68542729E+00  0.54973147E+00  0.73812366E+00
  0.83400000E+03  0.69388291E+00  0.55790230E+00  0.73812509E+00
  0.83500000E+03  0.68542760E+00  0.54973171E+00  0.73812399E+00
  0.83600000E+03  0.69388330E+00  0.55790257E+00  0.73812539E+00
  0.83700000E+03  0.68542791E+00  0.54973195E+00  0.73812432E+00
  0.83800000E+03  0.69388368E+00  0.55790283E+00  0.73812569E+00
  0.83900000E+03  0.68542820E+00  0.54973218E+00  0.73812464E+00
  0.84000000E+03  0.69388405E+00  0.55790309E+00  0.73812598E+00
  0.84100000E+03  0.68542850E+00  0.54973241E+00  0.73812495E+00
  0.84200000E+03  0.69388442E+00  0.55790335E+00  0.73812627E+00
  0.84300000E+03  0.68542878E+00  0.54973263E+00  0.73812526E+00
  0.84400000E+03  0.69388478E+00  0.55790359E+00  0.73812655E+00
  0.84500000E+03  0.68542906E+00  0.54973285E+00  0.73812556E+00
  0.84600000E+03  0.69388513E+00  0.55790384E+00  0.73812683E+00
  0.84700000E+03  0.68542934E+00  0.54973307E+00  0.73812585E+00
  0.84800000E+03  0.69388548E+00  0.55790408E+00  0.73812709E+00
  0.84900000E+03  0.68542961E+00  0.54973328E+00  0.73812614E+00
  0.85000000E+03  0.69388581E+00  0.55790431E+00  0.73812736E+00
  0.85100000E+03  0.68542987E+00  0.54973349E+00  0.73812642E+00
  0.85200000E+03  0.69388614E+00  0.55790454E+00  0.73812762E+00
  0.85300000E+03  0.68543013E+00  0.54973369E+00  0.73812670E+00
  0.85400000E+03  0.69388647E+00  0.55790477E+00  0.73812787E+00
  0.85500000E+03  0.68543038E+00  0.54973389E+00  0.73812697E+00
  0.85600000E+03  0.69388679E+00  0.55790499E+00  0.73812812E+00
  0.85700000E+03  0.68543063E+00  0.54973408E+00  0.73812723E+00
  0.85800000E+03  0.69388710E+00  0.55790520E+00  0.73812836E+00
  0.85900000E+03  0.68543088E+00  0.54973428E+00  0.73812749E+00
  0.86000000E+03  0.69388741E+00  0.55790541E+00  0.73812860E+00
  0.86100000E+03  0.68543112E+00  0.54973446E+00  0.73812775E+00
  0.86200000E+03  0.69388771E+00  0.55790562E+00  0.73812883E+00
  0.86300000E+03  0.68543135E+00  0.54973465E+00  0.73812800E+00
  0.86400000E+03  0.69388800E+00  0.55790583E+00  0.73812906E+00
  0.86500000E+03  0.68543158E+00  0.54973483E+00  0.73812824E+00
  0.86600000E+03  0.69388829E+00  0.55790603E+00  0.73812928E+00
  0.86700000E+03  0.68543181E+00  0.54973500E+00  0.73812848E+00
  0.86800000E+03  0.69388857E+00  0.55790622E+00  0.73812950E+00
  0.86900000E+03  0.68543203E+00  0.54973518E+00  0.73812871E+00
  0.87000000E+03  0.69388885E+00  0.55790641E+00  0.73812971E+00
  0.87100000E+03  0.68543224E+00  0.54973535E+00  0.73812894E+00
  0.87200000E+03  0.69388912E+00  0.55790660E+00  0.73812992E+00
  0.87300000E+03  0.68543246E+00  0.54973551E+00  0.73812917E+00
  0.87400000E+03  0.69388939E+00  0.55790679E+00  0.73813013E+00
  0.87500000E+03  0.68543267E+00  0.54973567E+00  0.73812939E+00
  0.87600000E+03  0.69388965E+00  0.55790697E+00  0.73813033E+00
  0.87700000E+03  0.68543287E+00  0.54973583E+00  0.73812960E+00
  0.87800000E+03  0.69388990E+00  0.55790714E+00  0.73813052E+00
  0.87900000E+03  0.68543307E+00  0.54973599E+00  0.73812981E+00
  0.88000000E+03  0.69389015E+00  0.55790732E+00  0.73813072E+00
  0.88100000E+03  0.68543327E+00  0.54973614E+00  0.73813002E+00
  0.88200000E+03  0.69389040E+00  0.55790749E+00  0.73813090E+00
  0.88300000E+03  0.68543346E+00  0.54973629E+00  0.73813022E+00
  0.88400000E+03  0.69389064E+00  0.55790765E+00  0.73813109E+00
  0.88500000E+03  0.68543365E+00  0.54973644E+00  0.73813042E+00
  0.88600000E+03  0.69389088E+00  0.55790782E+00  0.73813127E+00
  0.88700000E+03  0.68543383E+00  0.54973659E+00  0.73813061E+00
  0.88800000E+03  0.69389111E+00  0.55790798E+00  0.73813145E+00
  0.88900000E+03  0.68543401E+00  0.54973673E+00  0.73813080E+00
  0.89000000E+03  0.69389134E+00  0.55790814E+00  0.73813162E+00
  0.89100000E+03  0.68543419E+00  0.54973687E+00  0.73813099E+00
  0.89200000E+03  0.69389156E+00  0.55790829E+00  0.73813179E+00
  0.89300000E+03  0.68543436E+00  0.54973700E+00  0.73813117E+00
  0.89400000E+03  0.69389178E+00  0.55790844E+00  0.73813196E+00
  0.89500000E+03  0.68543454E+00  0.54973714E+00  0.73813135E+00
  0.89600000E+03  0.69389199E+00  0.55790859E+00  0.73813212E+00
  0.89700000E+03  0.68543470E+00  0.54973727E+00  0.73813153E+00
  0.89800000E+03  0.69389220E+00  0.55790873E+00  0.73813228E+00
  0.89900000E+03  0.68543487E+00  0.54973740E+00  0.73813170E+00
  0.90000000E+03  0.69389241E+00  0.55790888E+00  0.73813244E+00
  0.90100000E+03  0.68543503E+00  0.54973752E+00  0.73813187E+00
  0.90200000E+03  0.69389261E+00  0.55790902E+00  0.73813259E+00
  0.90300000E+03  0.68543519E+00  0.54973764E+00  0.73813203E+00
  0.90400000E+03  0.69389280E+00  0.55790915E+00  0.73813274E+00
  0.90500000E+03  0.68543534E+00  0.54973777E+00  0.73813219E+00
  0.90600000E+03  0.69389300E+00  0.55790929E+00  0.73813289E+00
  0.90700000E+03  0.68543549E+00  0.54973788E+00  0.73813235E+00
  0.90800000E+03  0.69389319E+00  0.55790942E+00  0.73813303E+00
  0.90900000E+03  0.68543564E+00  0.54973800E+00  0.73813250E+00
  0.91000000E+03  0.69389337E+00  0.55790955E+00  0.73813317E+00
  0.91100000E+03  0.68543579E+00  0.54973811E+00  0.73813265E+00
  0.91200000E+03  0.69389356E+00  0.55790967E+00  0.73813331E+00
  0.91300000E+03  0.68543593E+00  0.54973823E+00  0.73813280E+00
  0.91400000E+03  0.69389373E+00  0.55790980E+00  0.73813345E+00
  0.91500000E+03  0.68543607E+00  0.54973833E+00  0.73813295E+00
  0.91600000E+03  0.69389391E+00  0.55790992E+00  0.73813358E+00
  0.91700000E+03  0.68543621E+00  0.54973844E+00  0.73813309E+00
  0.91800000E+03  0.69389408E+00  0.55791004E+00  0.73813371E+00
  0.91900000E+03  0.68543634E+00  0.54973855E+00  0.73813323E+00
  0.92000000E+03  0.69389425E+00  0.55791015E+00  0.73813384E+00
  0.92100000E+03  0.68543647E+00  0.54973865E+00  0.73813337E+00
  0.92200000E+03  0.69389441E+00  0.55791027E+00  0.73813396E+00
  0.92300000E+03  0.68543660E+00  0.54973875E+00  0.73813350E+00
  0.92400000E+03  0.69389458E+00  0.55791038E+00  0.73813408E+00
  0.92500000E+03  0.68543673E+00  0.54973885E+00  0.73813363E+00
  0.92600000E+03  0.69389474E+00  0.55791049E+00  0.73813420E+00
  0.92700000E+03  0.68543685E+00  0.54973895E+00  0.73813376E+00
  0.92800000E+03  0.69389489E+00  0.55791060E+00  0.73813432E+00
  0.92900000E+03  0.68543697E+00  0.54973904E+00  0.73813388E+00
  0.93000000E+03  0.69389504E+00  0.55791070E+00  0.73813443E+00
  0.93100000E+03  0.68543709E+00  0.54973913E+00  0.73813401E+00
  0.93200000E+03  0.69389519E+00  0.55791080E+00  0.73813455E+00
  0.93300000E+03  0.68543721E+00  0.54973923E+00  0.73813413E+00
  0.93400000E+03  0.69389534E+00  0.55791090E+00  0.73813465E+00
  0.93500000E+03  0.68543733E+00  0.54973932E+00  0.73813425E+00
  0.93600000E+03  0.69389548E+00  0.55791100E+00  0.73813476E+00
  0.93700000E+03  0.68543744E+00  0.54973940E+00  0.73813436E+00
  0.93800000E+03  0.69389562E+00  0.55791110E+00  0.73813487E+00
  0.93900000E+03  0.68543755E+00  0.54973949E+00  0.73813447E+00
  0.94000000E+03  0.69389576E+00  0.55791120E+00  0.73813497E+00
  0.94100000E+03  0.68543766E+00  0.54973957E+00  0.73813458E+00
  0.94200000E+03  0.69389590E+00  0.55791129E+00  0.73813507E+00
  0.94300000E+03  0.68543776E+00  0.54973966E+00  0.73813469E+00
  0.94400000E+03  0.69389603E+00  0.55791138E+00  0.73813517E+00
  0.94500000E+03  0.68543787E+00  0.54973974E+00  0.73813480E+00
  0.94600000E+03  0.69389616E+00  0.55791147E+00  0.73813527E+00
  0.94700000E+03  0.68543797E+00  0.54973982E+00  0.73813490E+00
  0.94800000E+03  0.69389629E+00  0.55791156E+00  0.73813536E+00
  0.94900000E+03  0.68543807E+00  0.54973990E+00  0.73813501E+00
  0.95000000E+03  0.69389641E+00  0.55791165E+00  0.73813546E+00
  0.95100000E+03  0.68543817E+00  0.54973997E+00  0.73813511E+00
  0.95200000E+03  0.69389653E+00  0.55791173E+00  0.73813555E+00
  0.95300000E+03  0.68543826E+00  0.54974005E+00  0.73813520E+00
  0.95400000E+03  0.69389665E+00  0.55791181E+00  0.73813564E+00
  0.95500000E+03  0.68543836E+00  0.54974012E+00  0.73813530E+00
  0.95600000E+03  0.69389677E+00  0.55791189E+00  0.73813572E+00
  0.95700000E+03  0.68543845E+00  0.54974019E+00  0.73813539E+00
  0.95800000E+03  0.69389689E+00  0.55791197E+00  0.73813581E+00
  0.95900000E+03  0.68543854E+00  0.54974026E+00  0.73813549E+00
  0.96000000E+03  0.69389700E+00  0.55791205E+00  0.73813589E+00
  0.96100000E+03  0.68543863E+00  0.54974033E+00  0.73813558E+00
  0.96200000E+03  0.69389711E+00  0.55791213E+00  0.73813597E+00
  0.96300000E+03  0.68543871E+00  0.54974040E+00  0.73813566E+00
  0.96400000E+03  0.69389722E+00  0.55791220E+00  0.73813605E+00
  0.96500000E+03  0.68543880E+00  0.54974047E+00  0.73813575E+00
  0.96600000E+03  0.69389733E+00  0.55791228E+00  0.73813613E+00
  0.96700000E+03  0.68543888E+00  0.54974053E+00  0.73813583E+00
  0.96800000E+03  0.69389743E+00  0.55791235E+00  0.73813621E+00
  0.96900000E+03  0.68543896E+00  0.54974059E+00  0.73813592E+00
  0.97000000E+03  0.69389753E+00  0.55791242E+00  0.73813629E+00
  0.97100000E+03  0.68543904E+00  0.54974066E+00  0.73813600E+00
  0.97200000E+03  0.69389763E+00  0.55791249E+00  0.73813636E+00
  0.97300000E+03  0.68543912E+00  0.54974072E+00  0.73813608E+00
  0.97400000E+03  0.69389773E+00  0.55791256E+00  0.73813643E+00
  0.97500000E+03  0.68543920E+00  0.54974078E+00  0.73813616E+00
  0.97600000E+03  0.69389783E+00  0.55791262E+00  0.73813650E+00
  0.97700000E+03  0.68543928E+00  0.54974084E+00  0.73813623E+00
  0.97800000E+03  0.69389792E+00  0.55791269E+00  0.73813657E+00
  0.97900000E+03  0.68543935E+00  0.54974089E+00  0.73813631E+00
  0.98000000E+03  0.69389801E+00  0.55791275E+00  0.73813664E+00
  0.98100000E+03  0.68543942E+00  0.54974095E+00  0.73813638E+00
  0.98200000E+03  0.69389810E+00  0.55791282E+00  0.73813671E+00
  0.98300000E+03  0.68543949E+00  0.54974101E+00  0.73813645E+00
  0.98400000E+03  0.69389819E+00  0.55791288E+00  0.73813677E+00
  0.98500000E+03  0.68543956E+00  0.54974106E+00  0.73813652E+00
  0.98600000E+03  0.69389828E+00  0.55791294E+00  0.73813684E+00
  0.98700000E+03  0.68543963E+00  0.54974111E+00  0.73813659E+00
  0.98800000E+03  0.69389837E+00  0.55791300E+00  0.73813690E+00
  0.98900000E+03  0.68543970E+00  0.54974117E+00  0.73813666E+00
  0.99000000E+03  0.69389845E+00  0.55791305E+00  0.73813696E+00
  0.99100000E+03  0.68543977E+00  0.54974122E+00  0.73813672E+00
  0.99200000E+03  0.69389853E+00  0.55791311E+00  0.73813702E+00
  0.99300000E+03  0.68543983E+00  0.54974127E+00  0.73813679E+00
  0.99400000E+03  0.69389861E+00  0.55791317E+00  0.73813708E+00
  0.99500000E+03  0.68543989E+00  0.54974132E+00  0.73813685E+00
  0.99600000E+03  0.69389869E+00  0.55791322E+00  0.73813714E+00
  0.99700000E+03  0.68543995E+00  0.54974137E+00  0.73813691E+00
  0.99800000E+03  0.69389877E+00  0.55791327E+00  0.73813719E+00
  0.99900000E+03  0.68544002E+00  0.54974141E+00  0.73813697E+00
  0.10000000E+04  0.69184533E+00  0.55759086E+00  0.73813774E+00
