 # t   L1   L2   Linf
  0.10000000E+01  0.27995969E-01  0.72496923E-01  0.48138162E+00
  0.20000000E+01  0.44160089E-01  0.89937368E-01  0.48777777E+00
  0.30000000E+01  0.57870309E-01  0.10310816E+00  0.49001842E+00
  0.40000000E+01  0.69972993E-01  0.11419457E+00  0.49334993E+00
  0.50000000E+01  0.81184570E-01  0.12399582E+00  0.49405159E+00
  0.60000000E+01  0.91368836E-01  0.13270528E+00  0.49619874E+00
  0.70000000E+01  0.10111996E+00  0.14080113E+00  0.49648060E+00
  0.80000000E+01  0.11010309E+00  0.14819653E+00  0.49811869E+00
  0.90000000E+01  0.11883795E+00  0.15517823E+00  0.49822626E+00
  0.10000000E+02  0.12692191E+00  0.16163236E+00  0.50042083E+00
  0.11000000E+02  0.13487424E+00  0.16779707E+00  0.49919809E+00
  0.12000000E+02  0.14224860E+00  0.17353983E+00  0.49923221E+00
  0.13000000E+02  0.14959863E+00  0.17909262E+00  0.49815561E+00
  0.14000000E+02  0.15639419E+00  0.18427589E+00  0.49822271E+00
  0.15000000E+02  0.16324862E+00  0.18934507E+00  0.49725278E+00
  0.16000000E+02  0.16956463E+00  0.19407662E+00  0.49734022E+00
  0.17000000E+02  0.17599419E+00  0.19875402E+00  0.49645232E+00
  0.18000000E+02  0.18192345E+00  0.20313798E+00  0.49561263E+00
  0.19000000E+02  0.18798097E+00  0.20746960E+00  0.49573100E+00
  0.20000000E+02  0.19358463E+00  0.21158674E+00  0.50497327E+00
  0.21000000E+02  0.19932765E+00  0.21563891E+00  0.51405488E+00
  0.22000000E+02  0.20457597E+00  0.21942729E+00  0.52260168E+00
  0.23000000E+02  0.21003649E+00  0.22324208E+00  0.53075957E+00
  0.24000000E+02  0.21497430E+00  0.22674273E+00  0.53856267E+00
  0.25000000E+02  0.22019858E+00  0.23035373E+00  0.54594192E+00
  0.26000000E+02  0.22491406E+00  0.23369984E+00  0.55303595E+00
  0.27000000E+02  0.22991419E+00  0.23713332E+00  0.55975479E+00
  0.28000000E+02  0.23441631E+00  0.24031548E+00  0.56622348E+00
  0.29000000E+02  0.23921401E+00  0.24358718E+00  0.57240473E+00
  0.30000000E+02  0.24351639E+00  0.24662873E+00  0.57830157E+00
  0.31000000E+02  0.24813302E+00  0.24976364E+00  0.58397662E+00
  0.32000000E+02  0.25226129E+00  0.25267144E+00  0.58941409E+00
  0.33000000E+02  0.25672346E+00  0.25569093E+00  0.59464497E+00
  0.34000000E+02  0.26068003E+00  0.25847888E+00  0.59967970E+00
  0.35000000E+02  0.26498757E+00  0.26139396E+00  0.60451797E+00
  0.36000000E+02  0.26879008E+00  0.26407386E+00  0.60919729E+00
  0.37000000E+02  0.27296875E+00  0.26689803E+00  0.61368621E+00
  0.38000000E+02  0.27667186E+00  0.26953924E+00  0.61800722E+00
  0.39000000E+02  0.28069505E+00  0.27225120E+00  0.62222615E+00
  0.40000000E+02  0.28422173E+00  0.27474732E+00  0.62625058E+00
  0.41000000E+02  0.28812939E+00  0.27737564E+00  0.63020282E+00
  0.42000000E+02  0.29149047E+00  0.27973600E+00  0.63405916E+00
  0.43000000E+02  0.29527877E+00  0.28228744E+00  0.63777099E+00
  0.44000000E+02  0.29854544E+00  0.28460743E+00  0.64143141E+00
  0.45000000E+02  0.30220977E+00  0.28707384E+00  0.64497166E+00
  0.46000000E+02  0.30538354E+00  0.28933920E+00  0.64836655E+00
  0.47000000E+02  0.30896000E+00  0.29175004E+00  0.65169572E+00
  0.48000000E+02  0.31202765E+00  0.29394977E+00  0.65490329E+00
  0.49000000E+02  0.31550719E+00  0.29629697E+00  0.65803881E+00
  0.50000000E+02  0.31847429E+00  0.29843455E+00  0.66107545E+00
  0.51000000E+02  0.32186519E+00  0.30072712E+00  0.66403260E+00
  0.52000000E+02  0.32473893E+00  0.30280603E+00  0.66691270E+00
  0.53000000E+02  0.32805071E+00  0.30504828E+00  0.66970494E+00
  0.54000000E+02  0.33085508E+00  0.30708965E+00  0.67241180E+00
  0.55000000E+02  0.33407004E+00  0.30926825E+00  0.67508042E+00
  0.56000000E+02  0.33681436E+00  0.31129122E+00  0.67763967E+00
  0.57000000E+02  0.33995024E+00  0.31341855E+00  0.68018085E+00
  0.58000000E+02  0.34257352E+00  0.31534143E+00  0.68260245E+00
  0.59000000E+02  0.34563597E+00  0.31741997E+00  0.68502564E+00
  0.60000000E+02  0.34813792E+00  0.31924650E+00  0.68741329E+00
  0.61000000E+02  0.35112514E+00  0.32127846E+00  0.68972700E+00
  0.62000000E+02  0.35357519E+00  0.32309041E+00  0.69204879E+00
  0.63000000E+02  0.35646856E+00  0.32505515E+00  0.69430559E+00
  0.64000000E+02  0.35886494E+00  0.32683708E+00  0.69646917E+00
  0.65000000E+02  0.36172223E+00  0.32879193E+00  0.69861590E+00
  0.66000000E+02  0.36404975E+00  0.33053167E+00  0.70068762E+00
  0.67000000E+02  0.36683335E+00  0.33243094E+00  0.70273037E+00
  0.68000000E+02  0.36909264E+00  0.33412910E+00  0.70471604E+00
  0.69000000E+02  0.37181417E+00  0.33599188E+00  0.70666031E+00
  0.70000000E+02  0.37401059E+00  0.33764977E+00  0.70856523E+00
  0.71000000E+02  0.37668069E+00  0.33947844E+00  0.71041599E+00
  0.72000000E+02  0.37883500E+00  0.34111319E+00  0.71221416E+00
  0.73000000E+02  0.38143647E+00  0.34289481E+00  0.71400676E+00
  0.74000000E+02  0.38355673E+00  0.34452295E+00  0.71571807E+00
  0.75000000E+02  0.38610052E+00  0.34626718E+00  0.71744111E+00
  0.76000000E+02  0.38811856E+00  0.34781356E+00  0.71906952E+00
  0.77000000E+02  0.39060802E+00  0.34952165E+00  0.72072683E+00
  0.78000000E+02  0.39252845E+00  0.35098818E+00  0.72237841E+00
  0.79000000E+02  0.39496696E+00  0.35266128E+00  0.72397432E+00
  0.80000000E+02  0.39686582E+00  0.35412183E+00  0.72559940E+00
  0.81000000E+02  0.39925212E+00  0.35576070E+00  0.72713643E+00
  0.82000000E+02  0.40110083E+00  0.35719200E+00  0.72868886E+00
  0.83000000E+02  0.40341401E+00  0.35876580E+00  0.73019840E+00
  0.84000000E+02  0.40521864E+00  0.36017284E+00  0.73165253E+00
  0.85000000E+02  0.40753137E+00  0.36177867E+00  0.73309351E+00
  0.86000000E+02  0.40928722E+00  0.36315436E+00  0.73449573E+00
  0.87000000E+02  0.41153518E+00  0.36469745E+00  0.73587065E+00
  0.88000000E+02  0.41324392E+00  0.36604159E+00  0.73722339E+00
  0.89000000E+02  0.41544815E+00  0.36755787E+00  0.73853454E+00
  0.90000000E+02  0.41710976E+00  0.36887120E+00  0.73984007E+00
  0.91000000E+02  0.41927492E+00  0.37036387E+00  0.74108960E+00
  0.92000000E+02  0.42093824E+00  0.37168988E+00  0.74230141E+00
  0.93000000E+02  0.42304678E+00  0.37313866E+00  0.74353992E+00
  0.94000000E+02  0.42462494E+00  0.37439418E+00  0.74469305E+00
  0.95000000E+02  0.42669310E+00  0.37581402E+00  0.74588931E+00
  0.96000000E+02  0.42818747E+00  0.37699987E+00  0.74710949E+00
  0.97000000E+02  0.43021468E+00  0.37839159E+00  0.74826686E+00
  0.98000000E+02  0.43169205E+00  0.37957603E+00  0.74946142E+00
  0.99000000E+02  0.43367990E+00  0.38094014E+00  0.75058009E+00
  0.10000000E+03  0.43511948E+00  0.38210138E+00  0.75172121E+00
  0.10100000E+03  0.43703266E+00  0.38339423E+00  0.75282849E+00
  0.10200000E+03  0.43844448E+00  0.38453733E+00  0.75389188E+00
  0.10300000E+03  0.44039387E+00  0.38589781E+00  0.75494788E+00
  0.10400000E+03  0.44176997E+00  0.38701562E+00  0.75597628E+00
  0.10500000E+03  0.44364821E+00  0.38830214E+00  0.75698235E+00
  0.10600000E+03  0.44498777E+00  0.38939428E+00  0.75797707E+00
  0.10700000E+03  0.44683810E+00  0.39065946E+00  0.75893448E+00
  0.10800000E+03  0.44814004E+00  0.39172649E+00  0.75989679E+00
  0.10900000E+03  0.44996240E+00  0.39297322E+00  0.76080674E+00
  0.11000000E+03  0.45127432E+00  0.39405484E+00  0.76168567E+00
  0.11100000E+03  0.45304626E+00  0.39526474E+00  0.76260146E+00
  0.11200000E+03  0.45428282E+00  0.39628432E+00  0.76343538E+00
  0.11300000E+03  0.45602322E+00  0.39747060E+00  0.76432366E+00
  0.11400000E+03  0.45718426E+00  0.39842814E+00  0.76526658E+00
  0.11500000E+03  0.45889242E+00  0.39959147E+00  0.76612642E+00
  0.11600000E+03  0.46004575E+00  0.40055098E+00  0.76702573E+00
  0.11700000E+03  0.46172244E+00  0.40169176E+00  0.76785811E+00
  0.11800000E+03  0.46284714E+00  0.40263266E+00  0.76871475E+00
  0.11900000E+03  0.46444678E+00  0.40369504E+00  0.76954266E+00
  0.12000000E+03  0.46555161E+00  0.40462263E+00  0.77033549E+00
  0.12100000E+03  0.46722346E+00  0.40578542E+00  0.77112204E+00
  0.12200000E+03  0.46830069E+00  0.40669238E+00  0.77188967E+00
  0.12300000E+03  0.46989617E+00  0.40776963E+00  0.77263571E+00
  0.12400000E+03  0.47094388E+00  0.40865556E+00  0.77337898E+00
  0.12500000E+03  0.47251334E+00  0.40971582E+00  0.77408529E+00
  0.12600000E+03  0.47353230E+00  0.41058115E+00  0.77480498E+00
  0.12700000E+03  0.47507972E+00  0.41162709E+00  0.77547234E+00
  0.12800000E+03  0.47611157E+00  0.41250844E+00  0.77611272E+00
  0.12900000E+03  0.47761804E+00  0.41352328E+00  0.77679835E+00
  0.13000000E+03  0.47857861E+00  0.41434942E+00  0.77744213E+00
  0.13100000E+03  0.48005888E+00  0.41534497E+00  0.77810845E+00
  0.13200000E+03  0.48095142E+00  0.41611520E+00  0.77882906E+00
  0.13300000E+03  0.48240726E+00  0.41709198E+00  0.77947438E+00
  0.13400000E+03  0.48330590E+00  0.41786696E+00  0.78015854E+00
  0.13500000E+03  0.48473782E+00  0.41882532E+00  0.78078351E+00
  0.13600000E+03  0.48561529E+00  0.41958545E+00  0.78143186E+00
  0.13700000E+03  0.48696475E+00  0.42045817E+00  0.78205474E+00
  0.13800000E+03  0.48782724E+00  0.42120899E+00  0.78265022E+00
  0.13900000E+03  0.48927715E+00  0.42221200E+00  0.78323816E+00
  0.14000000E+03  0.49011639E+00  0.42294601E+00  0.78381482E+00
  0.14100000E+03  0.49147813E+00  0.42385230E+00  0.78436839E+00
  0.14200000E+03  0.49229281E+00  0.42456906E+00  0.78492678E+00
  0.14300000E+03  0.49363923E+00  0.42546195E+00  0.78544653E+00
  0.14400000E+03  0.49443200E+00  0.42616184E+00  0.78598720E+00
  0.14500000E+03  0.49576189E+00  0.42704379E+00  0.78647366E+00
  0.14600000E+03  0.49657383E+00  0.42776083E+00  0.78693586E+00
  0.14700000E+03  0.49786766E+00  0.42861646E+00  0.78745081E+00
  0.14800000E+03  0.49862050E+00  0.42928394E+00  0.78796723E+00
  0.14900000E+03  0.49989401E+00  0.43012383E+00  0.78846835E+00
  0.15000000E+03  0.50058175E+00  0.43074040E+00  0.78902175E+00
  0.15100000E+03  0.50183475E+00  0.43156497E+00  0.78950694E+00
  0.15200000E+03  0.50252657E+00  0.43218864E+00  0.79002881E+00
  0.15300000E+03  0.50375956E+00  0.43299820E+00  0.79049854E+00
  0.15400000E+03  0.50443737E+00  0.43361012E+00  0.79098932E+00
  0.15500000E+03  0.50558213E+00  0.43432688E+00  0.79145692E+00
  0.15600000E+03  0.50624978E+00  0.43493284E+00  0.79190415E+00
  0.15700000E+03  0.50752537E+00  0.43580711E+00  0.79234130E+00
  0.15800000E+03  0.50817451E+00  0.43639940E+00  0.79277416E+00
  0.15900000E+03  0.50935024E+00  0.43716630E+00  0.79318127E+00
  0.16000000E+03  0.50998056E+00  0.43774447E+00  0.79360016E+00
  0.16100000E+03  0.51114039E+00  0.43850092E+00  0.79397763E+00
  0.16200000E+03  0.51175223E+00  0.43906529E+00  0.79438295E+00
  0.16300000E+03  0.51290749E+00  0.43981360E+00  0.79473117E+00
  0.16400000E+03  0.51354587E+00  0.44039603E+00  0.79505710E+00
  0.16500000E+03  0.51467006E+00  0.44112196E+00  0.79544265E+00
  0.16600000E+03  0.51524923E+00  0.44165953E+00  0.79587388E+00
  0.16700000E+03  0.51635648E+00  0.44237264E+00  0.79624943E+00
  0.16800000E+03  0.51687423E+00  0.44286340E+00  0.79667437E+00
  0.16900000E+03  0.51796495E+00  0.44356405E+00  0.79703766E+00
  0.17000000E+03  0.51849078E+00  0.44406386E+00  0.79743465E+00
  0.17100000E+03  0.51956534E+00  0.44475229E+00  0.79778601E+00
  0.17200000E+03  0.52008032E+00  0.44524292E+00  0.79815537E+00
  0.17300000E+03  0.52105752E+00  0.44583148E+00  0.79850324E+00
  0.17400000E+03  0.52156777E+00  0.44631892E+00  0.79883720E+00
  0.17500000E+03  0.52270246E+00  0.44708990E+00  0.79915792E+00
  0.17600000E+03  0.52319792E+00  0.44756624E+00  0.79948077E+00
  0.17700000E+03  0.52422805E+00  0.44821972E+00  0.79977466E+00
  0.17800000E+03  0.52470953E+00  0.44868453E+00  0.80008671E+00
  0.17900000E+03  0.52573102E+00  0.44932997E+00  0.80035405E+00
  0.18000000E+03  0.52619756E+00  0.44978351E+00  0.80065560E+00
  0.18100000E+03  0.52721289E+00  0.45042309E+00  0.80089670E+00
  0.18200000E+03  0.52770839E+00  0.45089537E+00  0.80113896E+00
  0.18300000E+03  0.52869369E+00  0.45151584E+00  0.80142771E+00
  0.18400000E+03  0.52913286E+00  0.45194717E+00  0.80177830E+00
  0.18500000E+03  0.53010446E+00  0.45255722E+00  0.80205725E+00
  0.18600000E+03  0.53048549E+00  0.45294512E+00  0.80238232E+00
  0.18700000E+03  0.53144370E+00  0.45354505E+00  0.80265174E+00
  0.18800000E+03  0.53183603E+00  0.45394359E+00  0.80295155E+00
  0.18900000E+03  0.53278115E+00  0.45453357E+00  0.80321171E+00
  0.19000000E+03  0.53316602E+00  0.45492504E+00  0.80348651E+00
  0.19100000E+03  0.53400641E+00  0.45540819E+00  0.80374110E+00
  0.19200000E+03  0.53439147E+00  0.45579874E+00  0.80398770E+00
  0.19300000E+03  0.53541954E+00  0.45648720E+00  0.80421765E+00
  0.19400000E+03  0.53579274E+00  0.45686879E+00  0.80445561E+00
  0.19500000E+03  0.53670101E+00  0.45743008E+00  0.80466116E+00
  0.19600000E+03  0.53706197E+00  0.45780225E+00  0.80489070E+00
  0.19700000E+03  0.53796031E+00  0.45835748E+00  0.80507209E+00
  0.19800000E+03  0.53830931E+00  0.45872044E+00  0.80529345E+00
  0.19900000E+03  0.53920574E+00  0.45927167E+00  0.80545090E+00
  0.20000000E+03  0.53958440E+00  0.45965385E+00  0.80565525E+00
  0.20100000E+03  0.54045729E+00  0.46018867E+00  0.80586704E+00
  0.20200000E+03  0.54078368E+00  0.46053317E+00  0.80613732E+00
  0.20300000E+03  0.54164584E+00  0.46105952E+00  0.80634146E+00
  0.20400000E+03  0.54191931E+00  0.46136337E+00  0.80658836E+00
  0.20500000E+03  0.54277057E+00  0.46188149E+00  0.80678506E+00
  0.20600000E+03  0.54305788E+00  0.46219727E+00  0.80700878E+00
  0.20700000E+03  0.54389848E+00  0.46270732E+00  0.80719825E+00
  0.20800000E+03  0.54418172E+00  0.46301774E+00  0.80739899E+00
  0.20900000E+03  0.54491471E+00  0.46341406E+00  0.80758050E+00
  0.21000000E+03  0.54519670E+00  0.46372544E+00  0.80775937E+00
  0.21100000E+03  0.54613633E+00  0.46434825E+00  0.80791819E+00
  0.21200000E+03  0.54640881E+00  0.46465238E+00  0.80809031E+00
  0.21300000E+03  0.54721890E+00  0.46513881E+00  0.80822663E+00
  0.21400000E+03  0.54748146E+00  0.46543525E+00  0.80839218E+00
  0.21500000E+03  0.54828381E+00  0.46591721E+00  0.80850617E+00
  0.21600000E+03  0.54853684E+00  0.46620612E+00  0.80866534E+00
  0.21700000E+03  0.54933806E+00  0.46668558E+00  0.80875718E+00
  0.21800000E+03  0.54962114E+00  0.46699405E+00  0.80893838E+00
  0.21900000E+03  0.55040370E+00  0.46745932E+00  0.80909038E+00
  0.22000000E+03  0.55063489E+00  0.46773281E+00  0.80929759E+00
  0.22100000E+03  0.55140835E+00  0.46819120E+00  0.80944362E+00
  0.22200000E+03  0.55158780E+00  0.46842637E+00  0.80962912E+00
  0.22300000E+03  0.55235277E+00  0.46887806E+00  0.80976933E+00
  0.22400000E+03  0.55255534E+00  0.46912618E+00  0.80993328E+00
  0.22500000E+03  0.55331080E+00  0.46957131E+00  0.81006783E+00
  0.22600000E+03  0.55350992E+00  0.46981546E+00  0.81021038E+00
  0.22700000E+03  0.55415016E+00  0.47014007E+00  0.81033449E+00
  0.22800000E+03  0.55434847E+00  0.47038671E+00  0.81046074E+00
  0.22900000E+03  0.55521752E+00  0.47095750E+00  0.81056368E+00
  0.23000000E+03  0.55540852E+00  0.47119828E+00  0.81068466E+00
  0.23100000E+03  0.55614124E+00  0.47162389E+00  0.81076658E+00
  0.23200000E+03  0.55632419E+00  0.47185839E+00  0.81088242E+00
  0.23300000E+03  0.55705092E+00  0.47228081E+00  0.81094346E+00
  0.23400000E+03  0.55722599E+00  0.47250915E+00  0.81105431E+00
  0.23500000E+03  0.55795149E+00  0.47293028E+00  0.81109463E+00
  0.23600000E+03  0.55815625E+00  0.47317836E+00  0.81126293E+00
  0.23700000E+03  0.55886410E+00  0.47358713E+00  0.81136844E+00
  0.23800000E+03  0.55902208E+00  0.47380252E+00  0.81152605E+00
  0.23900000E+03  0.55972274E+00  0.47420569E+00  0.81162688E+00
  0.24000000E+03  0.55983420E+00  0.47438467E+00  0.81176410E+00
  0.24100000E+03  0.56052755E+00  0.47478240E+00  0.81186039E+00
  0.24200000E+03  0.56065644E+00  0.47497513E+00  0.81197734E+00
  0.24300000E+03  0.56134262E+00  0.47536752E+00  0.81206921E+00
  0.24400000E+03  0.56146726E+00  0.47555740E+00  0.81216601E+00
  0.24500000E+03  0.56202781E+00  0.47582260E+00  0.81224500E+00
  0.24600000E+03  0.56215899E+00  0.47601622E+00  0.81233036E+00
  0.24700000E+03  0.56297069E+00  0.47654596E+00  0.81238939E+00
  0.24800000E+03  0.56309499E+00  0.47673486E+00  0.81247063E+00
  0.24900000E+03  0.56376204E+00  0.47711101E+00  0.81250981E+00
  0.25000000E+03  0.56387978E+00  0.47729476E+00  0.81258704E+00
  0.25100000E+03  0.56454319E+00  0.47766876E+00  0.81260649E+00
  0.25200000E+03  0.56465463E+00  0.47784747E+00  0.81267982E+00
  0.25300000E+03  0.56531805E+00  0.47822114E+00  0.81270402E+00
  0.25400000E+03  0.56546428E+00  0.47841967E+00  0.81284209E+00
  0.25500000E+03  0.56611122E+00  0.47878249E+00  0.81291146E+00
  0.25600000E+03  0.56621177E+00  0.47895025E+00  0.81303008E+00
  0.25700000E+03  0.56685254E+00  0.47930851E+00  0.81309580E+00
  0.25800000E+03  0.56690256E+00  0.47944146E+00  0.81319507E+00
  0.25900000E+03  0.56753730E+00  0.47979529E+00  0.81325724E+00
  0.26000000E+03  0.56760745E+00  0.47994261E+00  0.81333727E+00
  0.26100000E+03  0.56823627E+00  0.48029208E+00  0.81339598E+00
  0.26200000E+03  0.56830644E+00  0.48043747E+00  0.81345686E+00
  0.26300000E+03  0.56880266E+00  0.48065320E+00  0.81350041E+00
  0.26400000E+03  0.56887809E+00  0.48080333E+00  0.81355404E+00
  0.26500000E+03  0.56964325E+00  0.48130083E+00  0.81357859E+00
  0.26600000E+03  0.56971374E+00  0.48144715E+00  0.81362901E+00
  0.26700000E+03  0.57032290E+00  0.48178304E+00  0.81363464E+00
  0.26800000E+03  0.57038817E+00  0.48192513E+00  0.81368194E+00
  0.26900000E+03  0.57099481E+00  0.48225968E+00  0.81366875E+00
  0.27000000E+03  0.57105484E+00  0.48239764E+00  0.81371301E+00
  0.27100000E+03  0.57166845E+00  0.48273263E+00  0.81373576E+00
  0.27200000E+03  0.57176725E+00  0.48289041E+00  0.81384237E+00
  0.27300000E+03  0.57236358E+00  0.48321581E+00  0.81388372E+00
  0.27400000E+03  0.57241429E+00  0.48334443E+00  0.81397173E+00
  0.27500000E+03  0.57300552E+00  0.48366609E+00  0.81401023E+00
  0.27600000E+03  0.57300821E+00  0.48376126E+00  0.81407972E+00
  0.27700000E+03  0.57359459E+00  0.48407931E+00  0.81411546E+00
  0.27800000E+03  0.57361814E+00  0.48418932E+00  0.81416652E+00
  0.27900000E+03  0.57419962E+00  0.48450382E+00  0.81419957E+00
  0.28000000E+03  0.57422125E+00  0.48461261E+00  0.81423227E+00
  0.28100000E+03  0.57466110E+00  0.48478697E+00  0.81424805E+00
  0.28200000E+03  0.57469113E+00  0.48490133E+00  0.81427714E+00
  0.28300000E+03  0.57542141E+00  0.48537365E+00  0.81427467E+00
  0.28400000E+03  0.57544740E+00  0.48548494E+00  0.81430126E+00
  0.28500000E+03  0.57601299E+00  0.48578796E+00  0.81428063E+00
  0.28600000E+03  0.57603496E+00  0.48589578E+00  0.81430479E+00
  0.28700000E+03  0.57660329E+00  0.48619813E+00  0.81426607E+00
  0.28800000E+03  0.57662097E+00  0.48630254E+00  0.81428787E+00
  0.28900000E+03  0.57719103E+00  0.48660595E+00  0.81431229E+00
  0.29000000E+03  0.57724381E+00  0.48673011E+00  0.81439426E+00
  0.29100000E+03  0.57779883E+00  0.48702495E+00  0.81441394E+00
  0.29200000E+03  0.57780523E+00  0.48712133E+00  0.81447800E+00
  0.29300000E+03  0.57835551E+00  0.48741312E+00  0.81449547E+00
  0.29400000E+03  0.57831920E+00  0.48747719E+00  0.81454168E+00
  0.29500000E+03  0.57886531E+00  0.48776602E+00  0.81455700E+00
  0.29600000E+03  0.57884966E+00  0.48784528E+00  0.81458543E+00
  0.29700000E+03  0.57939168E+00  0.48813120E+00  0.81459866E+00
  0.29800000E+03  0.57937537E+00  0.48820982E+00  0.81460937E+00
  0.29900000E+03  0.57977112E+00  0.48834937E+00  0.81460346E+00
  0.30000000E+03  0.57976388E+00  0.48843424E+00  0.81461363E+00
  0.30100000E+03  0.58046487E+00  0.48888701E+00  0.81459009E+00
  0.30200000E+03  0.58045479E+00  0.48896940E+00  0.81459832E+00
  0.30300000E+03  0.58098680E+00  0.48924554E+00  0.81455721E+00
  0.30400000E+03  0.58097312E+00  0.48932507E+00  0.81456356E+00
  0.30500000E+03  0.58150357E+00  0.48960106E+00  0.81450494E+00
  0.30600000E+03  0.58148622E+00  0.48967778E+00  0.81450948E+00
  0.30700000E+03  0.58202269E+00  0.48995531E+00  0.81453744E+00
  0.30800000E+03  0.58204142E+00  0.49005165E+00  0.81460021E+00
  0.30900000E+03  0.58256156E+00  0.49032149E+00  0.81460321E+00
  0.31000000E+03  0.58253478E+00  0.49039122E+00  0.81464861E+00
  0.31100000E+03  0.58305136E+00  0.49065855E+00  0.81464991E+00
  0.31200000E+03  0.58297664E+00  0.49069695E+00  0.81467799E+00
  0.31300000E+03  0.58348971E+00  0.49096184E+00  0.81467763E+00
  0.31400000E+03  0.58343814E+00  0.49101569E+00  0.81468844E+00
  0.31500000E+03  0.58394760E+00  0.49127819E+00  0.81468648E+00
  0.31600000E+03  0.58390135E+00  0.49133187E+00  0.81468008E+00
  0.31700000E+03  0.58425858E+00  0.49144194E+00  0.81465732E+00
  0.31800000E+03  0.58422088E+00  0.49150240E+00  0.81465298E+00
  0.31900000E+03  0.58490346E+00  0.49194012E+00  0.81461308E+00
  0.32000000E+03  0.58486319E+00  0.49199860E+00  0.81460726E+00
  0.32100000E+03  0.58536413E+00  0.49225267E+00  0.81455026E+00
  0.32200000E+03  0.58532090E+00  0.49230877E+00  0.81454300E+00
  0.32300000E+03  0.58582276E+00  0.49256312E+00  0.81446895E+00
  0.32400000E+03  0.58577676E+00  0.49261689E+00  0.81446029E+00
  0.32500000E+03  0.58628154E+00  0.49287316E+00  0.81449281E+00
  0.32600000E+03  0.58627114E+00  0.49294640E+00  0.81454068E+00
  0.32700000E+03  0.58676221E+00  0.49319570E+00  0.81453093E+00
  0.32800000E+03  0.58670709E+00  0.49324334E+00  0.81456187E+00
  0.32900000E+03  0.58719511E+00  0.49349056E+00  0.81455082E+00
  0.33000000E+03  0.58709539E+00  0.49350771E+00  0.81456486E+00
  0.33100000E+03  0.58758046E+00  0.49375293E+00  0.81455254E+00
  0.33200000E+03  0.58750260E+00  0.49378570E+00  0.81454974E+00
  0.33300000E+03  0.58798476E+00  0.49402894E+00  0.81453618E+00
  0.33400000E+03  0.58790845E+00  0.49406192E+00  0.81451657E+00
  0.33500000E+03  0.58823241E+00  0.49414686E+00  0.81448080E+00
  0.33600000E+03  0.58816928E+00  0.49418705E+00  0.81446543E+00
  0.33700000E+03  0.58883319E+00  0.49461331E+00  0.81441292E+00
  0.33800000E+03  0.58876800E+00  0.49465191E+00  0.81439641E+00
  0.33900000E+03  0.58924407E+00  0.49488782E+00  0.81432718E+00
  0.34000000E+03  0.58917658E+00  0.49492444E+00  0.81430958E+00
  0.34100000E+03  0.58965367E+00  0.49516095E+00  0.81422367E+00
  0.34200000E+03  0.58958379E+00  0.49519564E+00  0.81420500E+00
  0.34300000E+03  0.59006339E+00  0.49543437E+00  0.81424244E+00
  0.34400000E+03  0.59003163E+00  0.49548836E+00  0.81427885E+00
  0.34500000E+03  0.59049819E+00  0.49572072E+00  0.81425943E+00
  0.34600000E+03  0.59042107E+00  0.49574997E+00  0.81427925E+00
  0.34700000E+03  0.59088508E+00  0.49598061E+00  0.81425884E+00
  0.34800000E+03  0.59076106E+00  0.49598010E+00  0.81426211E+00
  0.34900000E+03  0.59122256E+00  0.49620909E+00  0.81424074E+00
  0.35000000E+03  0.59112218E+00  0.49622430E+00  0.81422749E+00
  0.35100000E+03  0.59158153E+00  0.49645165E+00  0.81420518E+00
  0.35200000E+03  0.59148739E+00  0.49646738E+00  0.81417545E+00
  0.35300000E+03  0.59177970E+00  0.49653073E+00  0.81412973E+00
  0.35400000E+03  0.59169599E+00  0.49655403E+00  0.81410605E+00
  0.35500000E+03  0.59233932E+00  0.49697168E+00  0.81404389E+00
  0.35600000E+03  0.59225409E+00  0.49699370E+00  0.81401935E+00
  0.35700000E+03  0.59270836E+00  0.49721457E+00  0.81394078E+00
  0.35800000E+03  0.59262067E+00  0.49723495E+00  0.81391541E+00
  0.35900000E+03  0.59307671E+00  0.49745669E+00  0.81382046E+00
  0.36000000E+03  0.59298726E+00  0.49747545E+00  0.81379429E+00
  0.36100000E+03  0.59344771E+00  0.49769965E+00  0.81383659E+00
  0.36200000E+03  0.59339723E+00  0.49773751E+00  0.81386425E+00
  0.36300000E+03  0.59384281E+00  0.49795585E+00  0.81383758E+00
  0.36400000E+03  0.59374668E+00  0.49796972E+00  0.81384894E+00
  0.36500000E+03  0.59419007E+00  0.49818664E+00  0.81382152E+00
  0.36600000E+03  0.59404837E+00  0.49817139E+00  0.81381660E+00
  0.36700000E+03  0.59448992E+00  0.49838692E+00  0.81378846E+00
  0.36800000E+03  0.59437568E+00  0.49838747E+00  0.81376729E+00
  0.36900000E+03  0.59481512E+00  0.49860163E+00  0.81373845E+00
  0.37000000E+03  0.59470174E+00  0.49860292E+00  0.81370105E+00
  0.37100000E+03  0.59496627E+00  0.49864759E+00  0.81364780E+00
  0.37200000E+03  0.59486532E+00  0.49865675E+00  0.81361793E+00
  0.37300000E+03  0.59549751E+00  0.49906806E+00  0.81354849E+00
  0.37400000E+03  0.59539515E+00  0.49907620E+00  0.81351799E+00
  0.37500000E+03  0.59582811E+00  0.49928457E+00  0.81343238E+00
  0.37600000E+03  0.59572429E+00  0.49929133E+00  0.81340126E+00
  0.37700000E+03  0.59615955E+00  0.49950079E+00  0.81330886E+00
  0.37800000E+03  0.59605369E+00  0.49950619E+00  0.81327770E+00
  0.37900000E+03  0.59649589E+00  0.49971828E+00  0.81331457E+00
  0.38000000E+03  0.59642897E+00  0.49974258E+00  0.81333567E+00
  0.38100000E+03  0.59685660E+00  0.49994926E+00  0.81330362E+00
  0.38200000E+03  0.59674505E+00  0.49995023E+00  0.81330863E+00
  0.38300000E+03  0.59717109E+00  0.50015570E+00  0.81327603E+00
  0.38400000E+03  0.59701873E+00  0.50012811E+00  0.81326499E+00
  0.38500000E+03  0.59744293E+00  0.50033243E+00  0.81323186E+00
  0.38600000E+03  0.59731352E+00  0.50032067E+00  0.81320477E+00
  0.38700000E+03  0.59773589E+00  0.50052384E+00  0.81317112E+00
  0.38800000E+03  0.59760765E+00  0.50051301E+00  0.81312801E+00
  0.38900000E+03  0.59785147E+00  0.50054138E+00  0.81306916E+00
  0.39000000E+03  0.59773633E+00  0.50053865E+00  0.81303476E+00
  0.39100000E+03  0.59836120E+00  0.50094540E+00  0.81295992E+00
  0.39200000E+03  0.59824503E+00  0.50094187E+00  0.81292505E+00
  0.39300000E+03  0.59866009E+00  0.50113979E+00  0.81283423E+00
  0.39400000E+03  0.59854253E+00  0.50113510E+00  0.81279892E+00
  0.39500000E+03  0.59895763E+00  0.50133426E+00  0.81271050E+00
  0.39600000E+03  0.59883872E+00  0.50132843E+00  0.81267520E+00
  0.39700000E+03  0.59925946E+00  0.50153038E+00  0.81270712E+00
  0.39800000E+03  0.59917849E+00  0.50154322E+00  0.81272336E+00
  0.39900000E+03  0.59959065E+00  0.50174013E+00  0.81268741E+00
  0.40000000E+03  0.59947127E+00  0.50173022E+00  0.81268775E+00
  0.40100000E+03  0.59988208E+00  0.50192611E+00  0.81265140E+00
  0.40200000E+03  0.59971685E+00  0.50188814E+00  0.81263585E+00
  0.40300000E+03  0.60012605E+00  0.50208307E+00  0.81259912E+00
  0.40400000E+03  0.59998403E+00  0.50206092E+00  0.81256770E+00
  0.40500000E+03  0.60039180E+00  0.50225488E+00  0.81253060E+00
  0.40600000E+03  0.60025358E+00  0.50223381E+00  0.81248332E+00
  0.40700000E+03  0.60048015E+00  0.50224784E+00  0.81242039E+00
  0.40800000E+03  0.60035292E+00  0.50223508E+00  0.81238275E+00
  0.40900000E+03  0.60097000E+00  0.50263870E+00  0.81230398E+00
  0.41000000E+03  0.60084196E+00  0.50262529E+00  0.81226601E+00
  0.41100000E+03  0.60124291E+00  0.50281443E+00  0.81217143E+00
  0.41200000E+03  0.60111373E+00  0.50280005E+00  0.81213314E+00
  0.41300000E+03  0.60151493E+00  0.50299056E+00  0.81204804E+00
  0.41400000E+03  0.60138462E+00  0.50297522E+00  0.81200978E+00
  0.41500000E+03  0.60178940E+00  0.50316862E+00  0.81203813E+00
  0.41600000E+03  0.60169366E+00  0.50317173E+00  0.81205088E+00
  0.41700000E+03  0.60209291E+00  0.50336041E+00  0.81201217E+00
  0.41800000E+03  0.60196167E+00  0.50334129E+00  0.81200916E+00
  0.41900000E+03  0.60235924E+00  0.50352911E+00  0.81197016E+00
  0.42000000E+03  0.60218442E+00  0.50348237E+00  0.81195141E+00
  0.42100000E+03  0.60258077E+00  0.50366937E+00  0.81191215E+00
  0.42200000E+03  0.60243043E+00  0.50363842E+00  0.81187765E+00
  0.42300000E+03  0.60282539E+00  0.50382461E+00  0.81183814E+00
  0.42400000E+03  0.60267879E+00  0.50379486E+00  0.81178792E+00
  0.42500000E+03  0.60288706E+00  0.50379618E+00  0.81172211E+00
  0.42600000E+03  0.60274974E+00  0.50377490E+00  0.81168223E+00
  0.42700000E+03  0.60336055E+00  0.50417651E+00  0.81160072E+00
  0.42800000E+03  0.60322260E+00  0.50415473E+00  0.81156061E+00
  0.42900000E+03  0.60361124E+00  0.50433643E+00  0.81146340E+00
  0.43000000E+03  0.60347234E+00  0.50431382E+00  0.81142308E+00
  0.43100000E+03  0.60386140E+00  0.50449700E+00  0.81134056E+00
  0.43200000E+03  0.60372158E+00  0.50447357E+00  0.81130027E+00
  0.43300000E+03  0.60411815E+00  0.50465972E+00  0.81132615E+00
  0.43400000E+03  0.60401345E+00  0.50465453E+00  0.81133648E+00
  0.43500000E+03  0.60440132E+00  0.50483623E+00  0.81129589E+00
  0.43600000E+03  0.60425553E+00  0.50480926E+00  0.81129058E+00
  0.43700000E+03  0.60464187E+00  0.50499024E+00  0.81124979E+00
  0.43800000E+03  0.60445729E+00  0.50493606E+00  0.81122885E+00
  0.43900000E+03  0.60484238E+00  0.50511633E+00  0.81118789E+00
  0.44000000E+03  0.60468250E+00  0.50507789E+00  0.81115131E+00
  0.44100000E+03  0.60506625E+00  0.50525746E+00  0.81111019E+00
  0.44200000E+03  0.60491209E+00  0.50522032E+00  0.81105799E+00
  0.44300000E+03  0.60510380E+00  0.50521029E+00  0.81099027E+00
  0.44400000E+03  0.60495805E+00  0.50518175E+00  0.81094891E+00
  0.44500000E+03  0.60556384E+00  0.50558222E+00  0.81086557E+00
  0.44600000E+03  0.60541761E+00  0.50555330E+00  0.81082407E+00
  0.44700000E+03  0.60579539E+00  0.50572866E+00  0.81072514E+00
  0.44800000E+03  0.60564838E+00  0.50569903E+00  0.81068351E+00
  0.44900000E+03  0.60602911E+00  0.50587594E+00  0.81060282E+00
  0.45000000E+03  0.60588158E+00  0.50584561E+00  0.81056121E+00
  0.45100000E+03  0.60627079E+00  0.50602555E+00  0.81058547E+00
  0.45200000E+03  0.60616048E+00  0.50601325E+00  0.81059424E+00
  0.45300000E+03  0.60653804E+00  0.50618899E+00  0.81055244E+00
  0.45400000E+03  0.60638273E+00  0.50615532E+00  0.81054565E+00
  0.45500000E+03  0.60675915E+00  0.50633043E+00  0.81050374E+00
  0.45600000E+03  0.60656161E+00  0.50626991E+00  0.81048141E+00
  0.45700000E+03  0.60693655E+00  0.50644442E+00  0.81043939E+00
  0.45800000E+03  0.60677063E+00  0.50639959E+00  0.81040151E+00
  0.45900000E+03  0.60714455E+00  0.50657349E+00  0.81035940E+00
  0.46000000E+03  0.60698132E+00  0.50653003E+00  0.81030598E+00
  0.46100000E+03  0.60715653E+00  0.50650976E+00  0.81023709E+00
  0.46200000E+03  0.60700374E+00  0.50647501E+00  0.81019484E+00
  0.46300000E+03  0.60760549E+00  0.50687503E+00  0.81011041E+00
  0.46400000E+03  0.60745235E+00  0.50684000E+00  0.81006809E+00
  0.46500000E+03  0.60782125E+00  0.50700990E+00  0.80996814E+00
  0.46600000E+03  0.60766771E+00  0.50697426E+00  0.80992575E+00
  0.46700000E+03  0.60804447E+00  0.50714576E+00  0.80984613E+00
  0.46800000E+03  0.60789047E+00  0.50710953E+00  0.80980374E+00
  0.46900000E+03  0.60827137E+00  0.50728412E+00  0.80982706E+00
  0.47000000E+03  0.60815452E+00  0.50726568E+00  0.80983494E+00
  0.47100000E+03  0.60852276E+00  0.50743629E+00  0.80979245E+00
  0.47200000E+03  0.60836105E+00  0.50739685E+00  0.80978484E+00
  0.47300000E+03  0.60872827E+00  0.50756692E+00  0.80974230E+00
  0.47400000E+03  0.60852236E+00  0.50750097E+00  0.80971921E+00
  0.47500000E+03  0.60888858E+00  0.50767051E+00  0.80967662E+00
  0.47600000E+03  0.60871319E+00  0.50762018E+00  0.80963806E+00
  0.47700000E+03  0.60907815E+00  0.50778920E+00  0.80959542E+00
  0.47800000E+03  0.60890888E+00  0.50774029E+00  0.80954139E+00
  0.47900000E+03  0.60906981E+00  0.50771073E+00  0.80947191E+00
  0.48000000E+03  0.60891131E+00  0.50767065E+00  0.80942922E+00
  0.48100000E+03  0.60950838E+00  0.50807076E+00  0.80934427E+00
  0.48200000E+03  0.60934981E+00  0.50803047E+00  0.80930156E+00
  0.48300000E+03  0.60971535E+00  0.50819563E+00  0.80920115E+00
  0.48400000E+03  0.60955630E+00  0.50815481E+00  0.80915841E+00
  0.48500000E+03  0.60992469E+00  0.50832163E+00  0.80907912E+00
  0.48600000E+03  0.60976511E+00  0.50828030E+00  0.80903637E+00
  0.48700000E+03  0.61013755E+00  0.50845023E+00  0.80905929E+00
  0.48800000E+03  0.61001524E+00  0.50842649E+00  0.80906679E+00
  0.48900000E+03  0.61037510E+00  0.50859265E+00  0.80902401E+00
  0.49000000E+03  0.61020804E+00  0.50854823E+00  0.80901609E+00
  0.49100000E+03  0.61056699E+00  0.50871391E+00  0.80897330E+00
  0.49200000E+03  0.61035686E+00  0.50864329E+00  0.80894995E+00
  0.49300000E+03  0.61071498E+00  0.50880851E+00  0.80890715E+00
  0.49400000E+03  0.61053065E+00  0.50875344E+00  0.80886838E+00
  0.49500000E+03  0.61088778E+00  0.50891820E+00  0.80882558E+00
  0.49600000E+03  0.61071096E+00  0.50886459E+00  0.80877140E+00
  0.49700000E+03  0.61086027E+00  0.50882654E+00  0.80870179E+00
  0.49800000E+03  0.61069701E+00  0.50878185E+00  0.80865900E+00
  0.49900000E+03  0.61129645E+00  0.50918246E+00  0.80857398E+00
  0.50000000E+03  0.61113325E+00  0.50913762E+00  0.80853120E+00
  0.50100000E+03  0.61149120E+00  0.50929864E+00  0.80843077E+00
  0.50200000E+03  0.61132755E+00  0.50925335E+00  0.80838800E+00
  0.50300000E+03  0.61168632E+00  0.50941606E+00  0.80830833E+00
  0.50400000E+03  0.61152223E+00  0.50937033E+00  0.80826553E+00
  0.50500000E+03  0.61188604E+00  0.50953617E+00  0.80828846E+00
  0.50600000E+03  0.61175917E+00  0.50950782E+00  0.80829600E+00
  0.50700000E+03  0.61211144E+00  0.50967007E+00  0.80825322E+00
  0.50800000E+03  0.61194039E+00  0.50962134E+00  0.80824538E+00
  0.50900000E+03  0.61229190E+00  0.50978317E+00  0.80820262E+00
  0.51000000E+03  0.61207826E+00  0.50970853E+00  0.80817940E+00
  0.51100000E+03  0.61242894E+00  0.50986995E+00  0.80813667E+00
  0.51200000E+03  0.61223922E+00  0.50981077E+00  0.80809808E+00
  0.51300000E+03  0.61258908E+00  0.50997178E+00  0.80805537E+00
  0.51400000E+03  0.61240493E+00  0.50991411E+00  0.80800140E+00
  0.51500000E+03  0.61254431E+00  0.50986823E+00  0.80793203E+00
  0.51600000E+03  0.61237715E+00  0.50981955E+00  0.80788938E+00
  0.51700000E+03  0.61297726E+00  0.51022098E+00  0.80780464E+00
  0.51800000E+03  0.61281000E+00  0.51017220E+00  0.80776203E+00
  0.51900000E+03  0.61316081E+00  0.51032956E+00  0.80766192E+00
  0.52000000E+03  0.61299318E+00  0.51028039E+00  0.80761934E+00
  0.52100000E+03  0.61334488E+00  0.51043946E+00  0.80753865E+00
  0.52200000E+03  0.61317688E+00  0.51038991E+00  0.80749602E+00
  0.52300000E+03  0.61353278E+00  0.51055214E+00  0.80751929E+00
  0.52400000E+03  0.61340020E+00  0.51051975E+00  0.80752718E+00
  0.52500000E+03  0.61374569E+00  0.51067855E+00  0.80748462E+00
  0.52600000E+03  0.61357207E+00  0.51062607E+00  0.80747718E+00
  0.52700000E+03  0.61391671E+00  0.51078449E+00  0.80743467E+00
  0.52800000E+03  0.61369944E+00  0.51070636E+00  0.80741187E+00
  0.52900000E+03  0.61404347E+00  0.51086442E+00  0.80736941E+00
  0.53000000E+03  0.61385230E+00  0.51080167E+00  0.80733127E+00
  0.53100000E+03  0.61419557E+00  0.51095936E+00  0.80728886E+00
  0.53200000E+03  0.61400657E+00  0.51089814E+00  0.80723538E+00
  0.53300000E+03  0.61413447E+00  0.51084502E+00  0.80716653E+00
  0.53400000E+03  0.61396387E+00  0.51079286E+00  0.80712421E+00
  0.53500000E+03  0.61456228E+00  0.51119535E+00  0.80704001E+00
  0.53600000E+03  0.61439163E+00  0.51114313E+00  0.80699774E+00
  0.53700000E+03  0.61473589E+00  0.51129724E+00  0.80689821E+00
  0.53800000E+03  0.61456494E+00  0.51124468E+00  0.80685601E+00
  0.53900000E+03  0.61491014E+00  0.51140051E+00  0.80677367E+00
  0.54000000E+03  0.61473889E+00  0.51134763E+00  0.80673139E+00
  0.54100000E+03  0.61508836E+00  0.51150662E+00  0.80675524E+00
  0.54200000E+03  0.61495260E+00  0.51147070E+00  0.80676374E+00
  0.54300000E+03  0.61529169E+00  0.51162642E+00  0.80672156E+00
  0.54400000E+03  0.61511491E+00  0.51157066E+00  0.80671475E+00
  0.54500000E+03  0.61545350E+00  0.51172603E+00  0.80667263E+00
  0.54600000E+03  0.61523421E+00  0.51164487E+00  0.80665050E+00
  0.54700000E+03  0.61557195E+00  0.51179992E+00  0.80660845E+00
  0.54800000E+03  0.61537779E+00  0.51173405E+00  0.80657100E+00
  0.54900000E+03  0.61571483E+00  0.51188877E+00  0.80652902E+00
  0.55000000E+03  0.61552571E+00  0.51182445E+00  0.80647625E+00
  0.55100000E+03  0.61563985E+00  0.51176459E+00  0.80640812E+00
  0.55200000E+03  0.61546660E+00  0.51170939E+00  0.80636626E+00
  0.55300000E+03  0.61606203E+00  0.51211312E+00  0.80628281E+00
  0.55400000E+03  0.61588857E+00  0.51205790E+00  0.80624102E+00
  0.55500000E+03  0.61622677E+00  0.51220907E+00  0.80614226E+00
  0.55600000E+03  0.61605306E+00  0.51215357E+00  0.80610055E+00
  0.55700000E+03  0.61639226E+00  0.51230647E+00  0.80601601E+00
  0.55800000E+03  0.61621831E+00  0.51225068E+00  0.80597420E+00
  0.55900000E+03  0.61656182E+00  0.51240675E+00  0.80599883E+00
  0.56000000E+03  0.61642507E+00  0.51236772E+00  0.80600813E+00
  0.56100000E+03  0.61675842E+00  0.51252066E+00  0.80596644E+00
  0.56200000E+03  0.61658092E+00  0.51246203E+00  0.80596044E+00
  0.56300000E+03  0.61691361E+00  0.51261466E+00  0.80591882E+00
  0.56400000E+03  0.61669097E+00  0.51253086E+00  0.80589753E+00
  0.56500000E+03  0.61702300E+00  0.51268319E+00  0.80585600E+00
  0.56600000E+03  0.61682475E+00  0.51261459E+00  0.80581940E+00
  0.56700000E+03  0.61715620E+00  0.51276662E+00  0.80577796E+00
  0.56800000E+03  0.61696798E+00  0.51269959E+00  0.80572606E+00
  0.56900000E+03  0.61707195E+00  0.51263340E+00  0.80565882E+00
  0.57000000E+03  0.61689642E+00  0.51257555E+00  0.80561751E+00
  0.57100000E+03  0.61748547E+00  0.51298064E+00  0.80553497E+00
  0.57200000E+03  0.61730969E+00  0.51292280E+00  0.80549374E+00
  0.57300000E+03  0.61764224E+00  0.51307131E+00  0.80539590E+00
  0.57400000E+03  0.61746626E+00  0.51301321E+00  0.80535477E+00
  0.57500000E+03  0.61779986E+00  0.51316346E+00  0.80526753E+00
  0.57600000E+03  0.61762369E+00  0.51310511E+00  0.80522627E+00
  0.57700000E+03  0.61796247E+00  0.51325853E+00  0.80525183E+00
  0.57800000E+03  0.61782620E+00  0.51321676E+00  0.80526206E+00
  0.57900000E+03  0.61815400E+00  0.51336717E+00  0.80522094E+00
  0.58000000E+03  0.61797438E+00  0.51330602E+00  0.80521589E+00
  0.58100000E+03  0.61830156E+00  0.51345615E+00  0.80517486E+00
  0.58200000E+03  0.61807684E+00  0.51337003E+00  0.80515453E+00
  0.58300000E+03  0.61840340E+00  0.51351989E+00  0.80511359E+00
  0.58400000E+03  0.61820651E+00  0.51344889E+00  0.80507798E+00
  0.58500000E+03  0.61853265E+00  0.51359848E+00  0.80503713E+00
  0.58600000E+03  0.61834052E+00  0.51352906E+00  0.80498624E+00
  0.58700000E+03  0.61843485E+00  0.51345692E+00  0.80492000E+00
  0.58800000E+03  0.61825737E+00  0.51339673E+00  0.80487930E+00
  0.58900000E+03  0.61884302E+00  0.51380328E+00  0.80479779E+00
  0.59000000E+03  0.61866563E+00  0.51374313E+00  0.80475718E+00
  0.59100000E+03  0.61898979E+00  0.51388920E+00  0.80466038E+00
  0.59200000E+03  0.61881195E+00  0.51382882E+00  0.80461988E+00
  0.59300000E+03  0.61914112E+00  0.51397664E+00  0.80452949E+00
  0.59400000E+03  0.61896324E+00  0.51391604E+00  0.80448883E+00
  0.59500000E+03  0.61929810E+00  0.51406703E+00  0.80451543E+00
  0.59600000E+03  0.61916110E+00  0.51402283E+00  0.80452670E+00
  0.59700000E+03  0.61948370E+00  0.51417093E+00  0.80448620E+00
  0.59800000E+03  0.61930234E+00  0.51410754E+00  0.80448221E+00
  0.59900000E+03  0.61962435E+00  0.51425538E+00  0.80444180E+00
  0.60000000E+03  0.61939864E+00  0.51416724E+00  0.80442254E+00
  0.60100000E+03  0.61972025E+00  0.51431483E+00  0.80438224E+00
  0.60200000E+03  0.61952421E+00  0.51424172E+00  0.80434771E+00
  0.60300000E+03  0.61984525E+00  0.51438906E+00  0.80430750E+00
  0.60400000E+03  0.61965149E+00  0.51431753E+00  0.80425770E+00
  0.60500000E+03  0.61973535E+00  0.51423976E+00  0.80419257E+00
  0.60600000E+03  0.61955640E+00  0.51417752E+00  0.80415252E+00
  0.60700000E+03  0.62014073E+00  0.51458559E+00  0.80407211E+00
  0.60800000E+03  0.61996178E+00  0.51452340E+00  0.80403217E+00
  0.60900000E+03  0.62027737E+00  0.51466722E+00  0.80393649E+00
  0.61000000E+03  0.62009824E+00  0.51460484E+00  0.80389664E+00
  0.61100000E+03  0.62042281E+00  0.51475041E+00  0.80380269E+00
  0.61200000E+03  0.62024345E+00  0.51468783E+00  0.80376268E+00
  0.61300000E+03  0.62057437E+00  0.51483656E+00  0.80379039E+00
  0.61400000E+03  0.62043594E+00  0.51479021E+00  0.80380279E+00
  0.61500000E+03  0.62075362E+00  0.51493617E+00  0.80376294E+00
  0.61600000E+03  0.62057088E+00  0.51487081E+00  0.80376008E+00
  0.61700000E+03  0.62088800E+00  0.51501654E+00  0.80372033E+00
  0.61800000E+03  0.62066420E+00  0.51492661E+00  0.80370221E+00
  0.61900000E+03  0.62098096E+00  0.51507210E+00  0.80366257E+00
  0.62000000E+03  0.62078358E+00  0.51499713E+00  0.80362919E+00
  0.62100000E+03  0.62109978E+00  0.51514239E+00  0.80358964E+00
  0.62200000E+03  0.62090473E+00  0.51506900E+00  0.80354101E+00
  0.62300000E+03  0.62098013E+00  0.51498589E+00  0.80347704E+00
  0.62400000E+03  0.62079991E+00  0.51492183E+00  0.80343766E+00
  0.62500000E+03  0.62138272E+00  0.51533145E+00  0.80335843E+00
  0.62600000E+03  0.62120273E+00  0.51526747E+00  0.80331916E+00
  0.62700000E+03  0.62151218E+00  0.51540920E+00  0.80322466E+00
  0.62800000E+03  0.62133200E+00  0.51534505E+00  0.80318550E+00
  0.62900000E+03  0.62164949E+00  0.51548852E+00  0.80308764E+00
  0.63000000E+03  0.62146906E+00  0.51542420E+00  0.80304828E+00
  0.63100000E+03  0.62179560E+00  0.51557083E+00  0.80307717E+00
  0.63200000E+03  0.62165604E+00  0.51552255E+00  0.80309075E+00
  0.63300000E+03  0.62196906E+00  0.51566653E+00  0.80305156E+00
  0.63400000E+03  0.62178592E+00  0.51559943E+00  0.80304989E+00
  0.63500000E+03  0.62209858E+00  0.51574317E+00  0.80301081E+00
  0.63600000E+03  0.62187598E+00  0.51565168E+00  0.80299389E+00
  0.63700000E+03  0.62218812E+00  0.51579521E+00  0.80295491E+00
  0.63800000E+03  0.62198970E+00  0.51571860E+00  0.80292274E+00
  0.63900000E+03  0.62230131E+00  0.51586191E+00  0.80288387E+00
  0.64000000E+03  0.62210523E+00  0.51578687E+00  0.80283644E+00
  0.64100000E+03  0.62217261E+00  0.51569867E+00  0.80277368E+00
  0.64200000E+03  0.62199149E+00  0.51563301E+00  0.80273498E+00
  0.64300000E+03  0.62257547E+00  0.51604420E+00  0.80265697E+00
  0.64400000E+03  0.62239450E+00  0.51597865E+00  0.80261838E+00
  0.64500000E+03  0.62269817E+00  0.51611841E+00  0.80252511E+00
  0.64600000E+03  0.62251713E+00  0.51605269E+00  0.80248662E+00
  0.64700000E+03  0.62282673E+00  0.51619420E+00  0.80238454E+00
  0.64800000E+03  0.62264538E+00  0.51612834E+00  0.80234585E+00
  0.64900000E+03  0.62296668E+00  0.51627299E+00  0.80237595E+00
  0.65000000E+03  0.62282603E+00  0.51622301E+00  0.80239075E+00
  0.65100000E+03  0.62313460E+00  0.51636512E+00  0.80235223E+00
  0.65200000E+03  0.62295364E+00  0.51629647E+00  0.80235179E+00
  0.65300000E+03  0.62326188E+00  0.51643836E+00  0.80231338E+00
  0.65400000E+03  0.62303846E+00  0.51634550E+00  0.80229769E+00
  0.65500000E+03  0.62334619E+00  0.51648719E+00  0.80225939E+00
  0.65600000E+03  0.62314697E+00  0.51640912E+00  0.80222845E+00
  0.65700000E+03  0.62345420E+00  0.51655059E+00  0.80219025E+00
  0.65800000E+03  0.62325735E+00  0.51647411E+00  0.80214406E+00
  0.65900000E+03  0.62331867E+00  0.51638103E+00  0.80208255E+00
  0.66000000E+03  0.62313678E+00  0.51631397E+00  0.80204453E+00
  0.66100000E+03  0.62372035E+00  0.51672673E+00  0.80196776E+00
  0.66200000E+03  0.62353863E+00  0.51665977E+00  0.80192985E+00
  0.66300000E+03  0.62383800E+00  0.51679768E+00  0.80183783E+00
  0.66400000E+03  0.62365623E+00  0.51673059E+00  0.80180002E+00
  0.66500000E+03  0.62395788E+00  0.51687024E+00  0.80169344E+00
  0.66600000E+03  0.62377598E+00  0.51680302E+00  0.80165542E+00
  0.66700000E+03  0.62409312E+00  0.51694580E+00  0.80168676E+00
  0.66800000E+03  0.62395008E+00  0.51689430E+00  0.80170281E+00
  0.66900000E+03  0.62425456E+00  0.51703465E+00  0.80166496E+00
  0.67000000E+03  0.62407558E+00  0.51696462E+00  0.80166576E+00
  0.67100000E+03  0.62437957E+00  0.51710476E+00  0.80162802E+00
  0.67200000E+03  0.62415555E+00  0.51701069E+00  0.80161358E+00
  0.67300000E+03  0.62445907E+00  0.51715064E+00  0.80157595E+00
  0.67400000E+03  0.62425927E+00  0.51707128E+00  0.80154626E+00
  0.67500000E+03  0.62456230E+00  0.51721103E+00  0.80150874E+00
  0.67600000E+03  0.62436617E+00  0.51713325E+00  0.80146380E+00
  0.67700000E+03  0.62442032E+00  0.51703551E+00  0.80140355E+00
  0.67800000E+03  0.62423788E+00  0.51696720E+00  0.80136620E+00
  0.67900000E+03  0.62482109E+00  0.51738152E+00  0.80129070E+00
  0.68000000E+03  0.62463883E+00  0.51731333E+00  0.80125346E+00
  0.68100000E+03  0.62493407E+00  0.51744948E+00  0.80116270E+00
  0.68200000E+03  0.62475178E+00  0.51738117E+00  0.80112557E+00
  0.68300000E+03  0.62504926E+00  0.51751905E+00  0.80101956E+00
  0.68400000E+03  0.62486700E+00  0.51745063E+00  0.80098253E+00
  0.68500000E+03  0.62517681E+00  0.51759165E+00  0.80100949E+00
  0.68600000E+03  0.62503590E+00  0.51753879E+00  0.80102680E+00
  0.68700000E+03  0.62533640E+00  0.51767745E+00  0.80098960E+00
  0.68800000E+03  0.62515520E+00  0.51760622E+00  0.80099167E+00
  0.68900000E+03  0.62545513E+00  0.51774469E+00  0.80095459E+00
  0.69000000E+03  0.62523070E+00  0.51764956E+00  0.80094141E+00
  0.69100000E+03  0.62553017E+00  0.51778785E+00  0.80090443E+00
  0.69200000E+03  0.62533057E+00  0.51770736E+00  0.80087602E+00
  0.69300000E+03  0.62562966E+00  0.51784545E+00  0.80083915E+00
  0.69400000E+03  0.62543394E+00  0.51776654E+00  0.80079548E+00
  0.69500000E+03  0.62548088E+00  0.51766430E+00  0.80073650E+00
  0.69600000E+03  0.62529806E+00  0.51759489E+00  0.80069981E+00
  0.69700000E+03  0.62588097E+00  0.51801076E+00  0.80062558E+00
  0.69800000E+03  0.62569835E+00  0.51794148E+00  0.80058899E+00
  0.69900000E+03  0.62598963E+00  0.51807595E+00  0.80049951E+00
  0.70000000E+03  0.62580700E+00  0.51800656E+00  0.80046303E+00
  0.70100000E+03  0.62610127E+00  0.51814277E+00  0.80035830E+00
  0.70200000E+03  0.62591868E+00  0.51807328E+00  0.80032192E+00
  0.70300000E+03  0.62622200E+00  0.51821261E+00  0.80034394E+00
  0.70400000E+03  0.62608238E+00  0.51815853E+00  0.80036251E+00
  0.70500000E+03  0.62637894E+00  0.51829560E+00  0.80032596E+00
  0.70600000E+03  0.62619692E+00  0.51822329E+00  0.80032929E+00
  0.70700000E+03  0.62649304E+00  0.51836017E+00  0.80029285E+00
  0.70800000E+03  0.62626694E+00  0.51826411E+00  0.80028095E+00
  0.70900000E+03  0.62656251E+00  0.51840082E+00  0.80024461E+00
  0.71000000E+03  0.62636404E+00  0.51831932E+00  0.80021746E+00
  0.71100000E+03  0.62665923E+00  0.51845584E+00  0.80018123E+00
  0.71200000E+03  0.62646330E+00  0.51837592E+00  0.80013884E+00
  0.71300000E+03  0.62650327E+00  0.51826935E+00  0.80008113E+00
  0.71400000E+03  0.62632025E+00  0.51819898E+00  0.80004508E+00
  0.71500000E+03  0.62690290E+00  0.51861636E+00  0.79997212E+00
  0.71600000E+03  0.62672007E+00  0.51854612E+00  0.79993617E+00
  0.71700000E+03  0.62700753E+00  0.51867898E+00  0.79984796E+00
  0.71800000E+03  0.62682471E+00  0.51860865E+00  0.79981212E+00
  0.71900000E+03  0.62711589E+00  0.51874323E+00  0.79970866E+00
  0.72000000E+03  0.62693312E+00  0.51867282E+00  0.79967293E+00
  0.72100000E+03  0.62723228E+00  0.51881052E+00  0.79968983E+00
  0.72200000E+03  0.62709240E+00  0.51875537E+00  0.79970967E+00
  0.72300000E+03  0.62738523E+00  0.51889090E+00  0.79967375E+00
  0.72400000E+03  0.62720270E+00  0.51881764E+00  0.79967835E+00
  0.72500000E+03  0.62749504E+00  0.51895299E+00  0.79964253E+00
  0.72600000E+03  0.62726897E+00  0.51885612E+00  0.79963190E+00
  0.72700000E+03  0.62756094E+00  0.51899130E+00  0.79959618E+00
  0.72800000E+03  0.62736146E+00  0.51890892E+00  0.79957030E+00
  0.72900000E+03  0.62765290E+00  0.51904393E+00  0.79953470E+00
  0.73000000E+03  0.62745689E+00  0.51896312E+00  0.79949357E+00
  0.73100000E+03  0.62749013E+00  0.51885237E+00  0.79943713E+00
  0.73200000E+03  0.62730703E+00  0.51878114E+00  0.79940170E+00
  0.73300000E+03  0.62788945E+00  0.51920000E+00  0.79933001E+00
  0.73400000E+03  0.62770657E+00  0.51912892E+00  0.79929468E+00
  0.73500000E+03  0.62799040E+00  0.51926023E+00  0.79920774E+00
  0.73600000E+03  0.62780758E+00  0.51918907E+00  0.79917252E+00
  0.73700000E+03  0.62809563E+00  0.51932210E+00  0.79907033E+00
  0.73800000E+03  0.62791284E+00  0.51925087E+00  0.79903521E+00
  0.73900000E+03  0.62820962E+00  0.51938700E+00  0.79904688E+00
  0.74000000E+03  0.62806883E+00  0.51933090E+00  0.79906797E+00
  0.74100000E+03  0.62835798E+00  0.51946495E+00  0.79903266E+00
  0.74200000E+03  0.62817450E+00  0.51939084E+00  0.79903852E+00
  0.74300000E+03  0.62846324E+00  0.51952472E+00  0.79900331E+00
  0.74400000E+03  0.62823819E+00  0.51942714E+00  0.79899394E+00
  0.74500000E+03  0.62852650E+00  0.51956086E+00  0.79895883E+00
  0.74600000E+03  0.62832572E+00  0.51947770E+00  0.79893421E+00
  0.74700000E+03  0.62861362E+00  0.51961125E+00  0.79889921E+00
  0.74800000E+03  0.62841706E+00  0.51952966E+00  0.79885935E+00
  0.74900000E+03  0.62844376E+00  0.51941487E+00  0.79880417E+00
  0.75000000E+03  0.62826072E+00  0.51934290E+00  0.79876933E+00
  0.75100000E+03  0.62884293E+00  0.51976320E+00  0.79869890E+00
  0.75200000E+03  0.62866011E+00  0.51969138E+00  0.79866418E+00
  0.75300000E+03  0.62894102E+00  0.51982120E+00  0.79857850E+00
  0.75400000E+03  0.62875827E+00  0.51974931E+00  0.79854387E+00
  0.75500000E+03  0.62904292E+00  0.51988084E+00  0.79844294E+00
  0.75600000E+03  0.62886034E+00  0.51980889E+00  0.79840842E+00
  0.75700000E+03  0.62915566E+00  0.51994351E+00  0.79841474E+00
  0.75800000E+03  0.62901301E+00  0.51988655E+00  0.79843709E+00
  0.75900000E+03  0.62929859E+00  0.52001917E+00  0.79840237E+00
  0.76000000E+03  0.62911580E+00  0.51994433E+00  0.79840948E+00
  0.76100000E+03  0.62940102E+00  0.52007678E+00  0.79837486E+00
  0.76200000E+03  0.62917563E+00  0.51997859E+00  0.79836673E+00
  0.76300000E+03  0.62946040E+00  0.52011089E+00  0.79833222E+00
  0.76400000E+03  0.62925978E+00  0.52002705E+00  0.79830885E+00
  0.76500000E+03  0.62954415E+00  0.52015918E+00  0.79827443E+00
  0.76600000E+03  0.62934598E+00  0.52007691E+00  0.79823581E+00
  0.76700000E+03  0.62936627E+00  0.51995819E+00  0.79818188E+00
  0.76800000E+03  0.62918341E+00  0.51988557E+00  0.79814763E+00
  0.76900000E+03  0.62976541E+00  0.52030729E+00  0.79807845E+00
  0.77000000E+03  0.62958277E+00  0.52023483E+00  0.79804430E+00
  0.77100000E+03  0.62986083E+00  0.52036319E+00  0.79795987E+00
  0.77200000E+03  0.62967827E+00  0.52029067E+00  0.79792582E+00
  0.77300000E+03  0.62996174E+00  0.52042074E+00  0.79782614E+00
  0.77400000E+03  0.62977936E+00  0.52034816E+00  0.79779219E+00
  0.77500000E+03  0.63007121E+00  0.52048132E+00  0.79779308E+00
  0.77600000E+03  0.62992694E+00  0.52042361E+00  0.79781667E+00
  0.77700000E+03  0.63020909E+00  0.52055484E+00  0.79778252E+00
  0.77800000E+03  0.63002745E+00  0.52047935E+00  0.79779087E+00
  0.77900000E+03  0.63030921E+00  0.52061042E+00  0.79775682E+00
  0.78000000E+03  0.63008324E+00  0.52051170E+00  0.79774994E+00
  0.78100000E+03  0.63036456E+00  0.52064262E+00  0.79771598E+00
  0.78200000E+03  0.63016421E+00  0.52055820E+00  0.79769385E+00
  0.78300000E+03  0.63044514E+00  0.52068895E+00  0.79766000E+00
  0.78400000E+03  0.63024724E+00  0.52060608E+00  0.79762262E+00
  0.78500000E+03  0.63025953E+00  0.52048356E+00  0.79756992E+00
  0.78600000E+03  0.63007695E+00  0.52041038E+00  0.79753623E+00
  0.78700000E+03  0.63065876E+00  0.52083346E+00  0.79746829E+00
  0.78800000E+03  0.63047640E+00  0.52076044E+00  0.79743470E+00
  0.78900000E+03  0.63075168E+00  0.52088739E+00  0.79735150E+00
  0.79000000E+03  0.63056941E+00  0.52081433E+00  0.79731801E+00
  0.79100000E+03  0.63085170E+00  0.52094298E+00  0.79721956E+00
  0.79200000E+03  0.63066961E+00  0.52086986E+00  0.79718617E+00
  0.79300000E+03  0.63095810E+00  0.52100159E+00  0.79718157E+00
  0.79400000E+03  0.63081326E+00  0.52094322E+00  0.79720638E+00
  0.79500000E+03  0.63109203E+00  0.52107310E+00  0.79717278E+00
  0.79600000E+03  0.63091073E+00  0.52099705E+00  0.79718236E+00
  0.79700000E+03  0.63118912E+00  0.52112677E+00  0.79714886E+00
  0.79800000E+03  0.63096284E+00  0.52102761E+00  0.79714319E+00
  0.79900000E+03  0.63124085E+00  0.52115718E+00  0.79710979E+00
  0.80000000E+03  0.63104073E+00  0.52107225E+00  0.79708888E+00
  0.80100000E+03  0.63131831E+00  0.52120167E+00  0.79705557E+00
  0.80200000E+03  0.63112079E+00  0.52111828E+00  0.79701941E+00
  0.80300000E+03  0.63112655E+00  0.52099205E+00  0.79696793E+00
  0.80400000E+03  0.63094443E+00  0.52091840E+00  0.79693479E+00
  0.80500000E+03  0.63152466E+00  0.52134280E+00  0.79686806E+00
  0.80600000E+03  0.63134267E+00  0.52126931E+00  0.79683501E+00
  0.80700000E+03  0.63161540E+00  0.52139488E+00  0.79675303E+00
  0.80800000E+03  0.63143363E+00  0.52132134E+00  0.79672008E+00
  0.80900000E+03  0.63171447E+00  0.52144861E+00  0.79662284E+00
  0.81000000E+03  0.63153276E+00  0.52137504E+00  0.79658999E+00
  0.81100000E+03  0.63181796E+00  0.52150537E+00  0.79657985E+00
  0.81200000E+03  0.63167307E+00  0.52144643E+00  0.79660587E+00
  0.81300000E+03  0.63194864E+00  0.52157499E+00  0.79657281E+00
  0.81400000E+03  0.63176726E+00  0.52149845E+00  0.79658359E+00
  0.81500000E+03  0.63204236E+00  0.52162686E+00  0.79655062E+00
  0.81600000E+03  0.63181651E+00  0.52152732E+00  0.79654616E+00
  0.81700000E+03  0.63209124E+00  0.52165559E+00  0.79651329E+00
  0.81800000E+03  0.63189093E+00  0.52157022E+00  0.79649358E+00
  0.81900000E+03  0.63216525E+00  0.52169833E+00  0.79646080E+00
  0.82000000E+03  0.63196818E+00  0.52161450E+00  0.79642584E+00
  0.82100000E+03  0.63196809E+00  0.52148467E+00  0.79637557E+00
  0.82200000E+03  0.63178641E+00  0.52141060E+00  0.79634295E+00
  0.82300000E+03  0.63236540E+00  0.52183628E+00  0.79627742E+00
  0.82400000E+03  0.63218396E+00  0.52176239E+00  0.79624489E+00
  0.82500000E+03  0.63245524E+00  0.52188661E+00  0.79616411E+00
  0.82600000E+03  0.63227391E+00  0.52181268E+00  0.79613168E+00
  0.82700000E+03  0.63255154E+00  0.52193860E+00  0.79603564E+00
  0.82800000E+03  0.63237029E+00  0.52186464E+00  0.79600330E+00
  0.82900000E+03  0.63265257E+00  0.52199362E+00  0.79598761E+00
  0.83000000E+03  0.63250857E+00  0.52193416E+00  0.79601482E+00
  0.83100000E+03  0.63278092E+00  0.52206144E+00  0.79598227E+00
  0.83200000E+03  0.63259849E+00  0.52198448E+00  0.79599425E+00
  0.83300000E+03  0.63287039E+00  0.52211161E+00  0.79596179E+00
  0.83400000E+03  0.63264505E+00  0.52201176E+00  0.79595852E+00
  0.83500000E+03  0.63291658E+00  0.52213875E+00  0.79592616E+00
  0.83600000E+03  0.63271624E+00  0.52205301E+00  0.79590763E+00
  0.83700000E+03  0.63298737E+00  0.52217984E+00  0.79587536E+00
  0.83800000E+03  0.63279083E+00  0.52209565E+00  0.79584159E+00
  0.83900000E+03  0.63278503E+00  0.52196229E+00  0.79579250E+00
  0.84000000E+03  0.63260387E+00  0.52188788E+00  0.79576038E+00
  0.84100000E+03  0.63318310E+00  0.52231480E+00  0.79569603E+00
  0.84200000E+03  0.63300221E+00  0.52224057E+00  0.79566401E+00
  0.84300000E+03  0.63327078E+00  0.52236348E+00  0.79558441E+00
  0.84400000E+03  0.63309008E+00  0.52228922E+00  0.79555248E+00
  0.84500000E+03  0.63336431E+00  0.52241382E+00  0.79545761E+00
  0.84600000E+03  0.63318359E+00  0.52233953E+00  0.79542578E+00
  0.84700000E+03  0.63346334E+00  0.52246718E+00  0.79540451E+00
  0.84800000E+03  0.63331990E+00  0.52240729E+00  0.79543290E+00
  0.84900000E+03  0.63358910E+00  0.52253331E+00  0.79540085E+00
  0.85000000E+03  0.63340579E+00  0.52245600E+00  0.79541400E+00
  0.85100000E+03  0.63367456E+00  0.52258187E+00  0.79538204E+00
  0.85200000E+03  0.63344979E+00  0.52248178E+00  0.79537993E+00
  0.85300000E+03  0.63371820E+00  0.52260750E+00  0.79534807E+00
  0.85400000E+03  0.63351797E+00  0.52252146E+00  0.79533071E+00
  0.85500000E+03  0.63378600E+00  0.52264704E+00  0.79529893E+00
  0.85600000E+03  0.63359004E+00  0.52256254E+00  0.79526633E+00
  0.85700000E+03  0.63357868E+00  0.52242575E+00  0.79521839E+00
  0.85800000E+03  0.63339810E+00  0.52235106E+00  0.79518677E+00
  0.85900000E+03  0.63397766E+00  0.52277917E+00  0.79512358E+00
  0.86000000E+03  0.63379736E+00  0.52270466E+00  0.79509205E+00
  0.86100000E+03  0.63406474E+00  0.52282629E+00  0.79501360E+00
  0.86200000E+03  0.63388462E+00  0.52275175E+00  0.79498216E+00
  0.86300000E+03  0.63415404E+00  0.52287506E+00  0.79488845E+00
  0.86400000E+03  0.63397391E+00  0.52280050E+00  0.79485710E+00
  0.86500000E+03  0.63425113E+00  0.52292685E+00  0.79483027E+00
  0.86600000E+03  0.63410830E+00  0.52286660E+00  0.79485981E+00
  0.86700000E+03  0.63437442E+00  0.52299138E+00  0.79482824E+00
  0.86800000E+03  0.63419038E+00  0.52291377E+00  0.79484254E+00
  0.86900000E+03  0.63445608E+00  0.52303841E+00  0.79481106E+00
  0.87000000E+03  0.63423195E+00  0.52293813E+00  0.79481011E+00
  0.87100000E+03  0.63449730E+00  0.52306262E+00  0.79477872E+00
  0.87200000E+03  0.63429749E+00  0.52297633E+00  0.79476251E+00
  0.87300000E+03  0.63456250E+00  0.52310069E+00  0.79473121E+00
  0.87400000E+03  0.63436701E+00  0.52301593E+00  0.79469975E+00
  0.87500000E+03  0.63435021E+00  0.52287578E+00  0.79465296E+00
  0.87600000E+03  0.63417027E+00  0.52280087E+00  0.79462181E+00
  0.87700000E+03  0.63475137E+00  0.52323014E+00  0.79455977E+00
  0.87800000E+03  0.63457180E+00  0.52315540E+00  0.79452870E+00
  0.87900000E+03  0.63483667E+00  0.52327577E+00  0.79445140E+00
  0.88000000E+03  0.63465720E+00  0.52320101E+00  0.79442042E+00
  0.88100000E+03  0.63492316E+00  0.52332305E+00  0.79432785E+00
  0.88200000E+03  0.63474378E+00  0.52324829E+00  0.79429697E+00
  0.88300000E+03  0.63501708E+00  0.52337336E+00  0.79426458E+00
  0.88400000E+03  0.63487492E+00  0.52331279E+00  0.79429526E+00
  0.88500000E+03  0.63513804E+00  0.52343636E+00  0.79426416E+00
  0.88600000E+03  0.63495339E+00  0.52335852E+00  0.79427959E+00
  0.88700000E+03  0.63521610E+00  0.52348194E+00  0.79424857E+00
  0.88800000E+03  0.63499266E+00  0.52338152E+00  0.79424875E+00
  0.88900000E+03  0.63525502E+00  0.52350481E+00  0.79421782E+00
  0.89000000E+03  0.63505591E+00  0.52341833E+00  0.79420274E+00
  0.89100000E+03  0.63531793E+00  0.52354147E+00  0.79417190E+00
  0.89200000E+03  0.63512285E+00  0.52345651E+00  0.79414156E+00
  0.89300000E+03  0.63510072E+00  0.52331309E+00  0.79409590E+00
  0.89400000E+03  0.63492148E+00  0.52323801E+00  0.79406521E+00
  0.89500000E+03  0.63550461E+00  0.52366838E+00  0.79400429E+00
  0.89600000E+03  0.63532574E+00  0.52359347E+00  0.79397368E+00
  0.89700000E+03  0.63558767E+00  0.52371260E+00  0.79389749E+00
  0.89800000E+03  0.63540889E+00  0.52363768E+00  0.79386698E+00
  0.89900000E+03  0.63567210E+00  0.52375847E+00  0.79377552E+00
  0.90000000E+03  0.63549344E+00  0.52368354E+00  0.79374509E+00
  0.90100000E+03  0.63576286E+00  0.52380737E+00  0.79370717E+00
  0.90200000E+03  0.63562083E+00  0.52374655E+00  0.79373897E+00
  0.90300000E+03  0.63588100E+00  0.52386892E+00  0.79370831E+00
  0.90400000E+03  0.63569589E+00  0.52379089E+00  0.79372486E+00
  0.90500000E+03  0.63595566E+00  0.52391313E+00  0.79369429E+00
  0.90600000E+03  0.63573296E+00  0.52381261E+00  0.79369558E+00
  0.90700000E+03  0.63599239E+00  0.52393471E+00  0.79366510E+00
  0.90800000E+03  0.63579402E+00  0.52384808E+00  0.79365113E+00
  0.90900000E+03  0.63605312E+00  0.52397004E+00  0.79362073E+00
  0.91000000E+03  0.63585856E+00  0.52388493E+00  0.79359150E+00
  0.91100000E+03  0.63583122E+00  0.52373830E+00  0.79354695E+00
  0.91200000E+03  0.63565273E+00  0.52366309E+00  0.79351670E+00
  0.91300000E+03  0.63623781E+00  0.52409453E+00  0.79345688E+00
  0.91400000E+03  0.63605968E+00  0.52401950E+00  0.79342671E+00
  0.91500000E+03  0.63631872E+00  0.52413741E+00  0.79335163E+00
  0.91600000E+03  0.63614069E+00  0.52406237E+00  0.79332155E+00
  0.91700000E+03  0.63640133E+00  0.52418194E+00  0.79323119E+00
  0.91800000E+03  0.63622341E+00  0.52410690E+00  0.79320119E+00
  0.91900000E+03  0.63648995E+00  0.52422949E+00  0.79315778E+00
  0.92000000E+03  0.63634702E+00  0.52416847E+00  0.79319067E+00
  0.92100000E+03  0.63660430E+00  0.52428967E+00  0.79316045E+00
  0.92200000E+03  0.63641943E+00  0.52421150E+00  0.79317809E+00
  0.92300000E+03  0.63667638E+00  0.52433256E+00  0.79314796E+00
  0.92400000E+03  0.63645381E+00  0.52423200E+00  0.79315034E+00
  0.92500000E+03  0.63671037E+00  0.52435292E+00  0.79312030E+00
  0.92600000E+03  0.63651279E+00  0.52426620E+00  0.79310742E+00
  0.92700000E+03  0.63676903E+00  0.52438699E+00  0.79307745E+00
  0.92800000E+03  0.63657510E+00  0.52430178E+00  0.79304931E+00
  0.92900000E+03  0.63654266E+00  0.52415200E+00  0.79300584E+00
  0.93000000E+03  0.63636495E+00  0.52407672E+00  0.79297602E+00
  0.93100000E+03  0.63695190E+00  0.52450918E+00  0.79291728E+00
  0.93200000E+03  0.63677455E+00  0.52443407E+00  0.79288754E+00
  0.93300000E+03  0.63703076E+00  0.52455077E+00  0.79281353E+00
  0.93400000E+03  0.63685352E+00  0.52447567E+00  0.79278388E+00
  0.93500000E+03  0.63711158E+00  0.52459403E+00  0.79269460E+00
  0.93600000E+03  0.63693445E+00  0.52451892E+00  0.79266503E+00
  0.93700000E+03  0.63719818E+00  0.52464030E+00  0.79261616E+00
  0.93800000E+03  0.63705581E+00  0.52457912E+00  0.79265013E+00
  0.93900000E+03  0.63731035E+00  0.52469917E+00  0.79262033E+00
  0.94000000E+03  0.63712478E+00  0.52462091E+00  0.79263905E+00
  0.94100000E+03  0.63737891E+00  0.52474081E+00  0.79260934E+00
  0.94200000E+03  0.63715610E+00  0.52464024E+00  0.79261279E+00
  0.94300000E+03  0.63740985E+00  0.52476001E+00  0.79258316E+00
  0.94400000E+03  0.63721310E+00  0.52467324E+00  0.79257135E+00
  0.94500000E+03  0.63746652E+00  0.52479288E+00  0.79254181E+00
  0.94600000E+03  0.63727334E+00  0.52470760E+00  0.79251473E+00
  0.94700000E+03  0.63723731E+00  0.52455475E+00  0.79247233E+00
  0.94800000E+03  0.63706054E+00  0.52447942E+00  0.79244292E+00
  0.94900000E+03  0.63764775E+00  0.52491286E+00  0.79238525E+00
  0.95000000E+03  0.63747123E+00  0.52483772E+00  0.79235592E+00
  0.95100000E+03  0.63772466E+00  0.52495324E+00  0.79228298E+00
  0.95200000E+03  0.63754824E+00  0.52487810E+00  0.79225373E+00
  0.95300000E+03  0.63780372E+00  0.52499528E+00  0.79216551E+00
  0.95400000E+03  0.63762742E+00  0.52492014E+00  0.79213635E+00
  0.95500000E+03  0.63788837E+00  0.52504033E+00  0.79208207E+00
  0.95600000E+03  0.63774685E+00  0.52497904E+00  0.79211710E+00
  0.95700000E+03  0.63799861E+00  0.52509794E+00  0.79208772E+00
  0.95800000E+03  0.63781289E+00  0.52501964E+00  0.79210749E+00
  0.95900000E+03  0.63806433E+00  0.52513840E+00  0.79207819E+00
  0.96000000E+03  0.63784068E+00  0.52503786E+00  0.79208269E+00
  0.96100000E+03  0.63809166E+00  0.52515650E+00  0.79205347E+00
  0.96200000E+03  0.63789578E+00  0.52506970E+00  0.79204271E+00
  0.96300000E+03  0.63814644E+00  0.52518821E+00  0.79201357E+00
  0.96400000E+03  0.63795409E+00  0.52510291E+00  0.79198754E+00
  0.96500000E+03  0.63791515E+00  0.52494703E+00  0.79194619E+00
  0.96600000E+03  0.63773923E+00  0.52487171E+00  0.79191718E+00
  0.96700000E+03  0.63832617E+00  0.52530609E+00  0.79186055E+00
  0.96800000E+03  0.63815051E+00  0.52523095E+00  0.79183163E+00
  0.96900000E+03  0.63840121E+00  0.52534531E+00  0.79175973E+00
  0.97000000E+03  0.63822566E+00  0.52527017E+00  0.79173088E+00
  0.97100000E+03  0.63847854E+00  0.52538618E+00  0.79164370E+00
  0.97200000E+03  0.63830310E+00  0.52531106E+00  0.79161493E+00
  0.97300000E+03  0.63856133E+00  0.52543007E+00  0.79155531E+00
  0.97400000E+03  0.63842070E+00  0.52536872E+00  0.79159137E+00
  0.97500000E+03  0.63866972E+00  0.52548649E+00  0.79156239E+00
  0.97600000E+03  0.63848490E+00  0.52540817E+00  0.79158320E+00
  0.97700000E+03  0.63873361E+00  0.52552581E+00  0.79155429E+00
  0.97800000E+03  0.63850831E+00  0.52542534E+00  0.79155983E+00
  0.97900000E+03  0.63875657E+00  0.52554285E+00  0.79153101E+00
  0.98000000E+03  0.63856159E+00  0.52545608E+00  0.79152128E+00
  0.98100000E+03  0.63880954E+00  0.52557347E+00  0.79149253E+00
  0.98200000E+03  0.63861812E+00  0.52548819E+00  0.79146753E+00
  0.98300000E+03  0.63857629E+00  0.52532934E+00  0.79142720E+00
  0.98400000E+03  0.63840127E+00  0.52525405E+00  0.79139859E+00
  0.98500000E+03  0.63898792E+00  0.52568934E+00  0.79134298E+00
  0.98600000E+03  0.63881314E+00  0.52561423E+00  0.79131445E+00
  0.98700000E+03  0.63906117E+00  0.52572745E+00  0.79124357E+00
  0.98800000E+03  0.63888651E+00  0.52565235E+00  0.79121511E+00
  0.98900000E+03  0.63913679E+00  0.52576721E+00  0.79112895E+00
  0.99000000E+03  0.63896225E+00  0.52569213E+00  0.79110057E+00
  0.99100000E+03  0.63921781E+00  0.52580999E+00  0.79103565E+00
  0.99200000E+03  0.63907809E+00  0.52574860E+00  0.79107274E+00
  0.99300000E+03  0.63932443E+00  0.52586527E+00  0.79104414E+00
  0.99400000E+03  0.63914052E+00  0.52578697E+00  0.79106596E+00
  0.99500000E+03  0.63938656E+00  0.52590350E+00  0.79103744E+00
  0.99600000E+03  0.63916110E+00  0.52580312E+00  0.79104400E+00
  0.99700000E+03  0.63940679E+00  0.52591953E+00  0.79101556E+00
  0.99800000E+03  0.63921126E+00  0.52583282E+00  0.79100684E+00
  0.99900000E+03  0.63945655E+00  0.52594910E+00  0.79097848E+00
  0.10000000E+04  0.63931916E+00  0.52589990E+00  0.79098533E+00
