 # t   L1   L2   Linf
  0.10000000E+01  0.15105324E+00  0.18860345E+00  0.62041455E+00
  0.20000000E+01  0.19793161E+00  0.21157947E+00  0.52680963E+00
  0.30000000E+01  0.24812406E+00  0.25480536E+00  0.62292202E+00
  0.40000000E+01  0.25816802E+00  0.25775129E+00  0.56461940E+00
  0.50000000E+01  0.29162297E+00  0.28775775E+00  0.63398212E+00
  0.60000000E+01  0.28695571E+00  0.28102914E+00  0.58405629E+00
  0.70000000E+01  0.31618970E+00  0.31066665E+00  0.70470293E+00
  0.80000000E+01  0.30700166E+00  0.30059801E+00  0.64215614E+00
  0.90000000E+01  0.33835267E+00  0.33264482E+00  0.75424753E+00
  0.10000000E+02  0.32576844E+00  0.32107949E+00  0.68993730E+00
  0.11000000E+02  0.36182167E+00  0.35454772E+00  0.78160393E+00
  0.12000000E+02  0.34951893E+00  0.34240883E+00  0.71983105E+00
  0.13000000E+02  0.38498983E+00  0.37680164E+00  0.80092310E+00
  0.14000000E+02  0.37699913E+00  0.36482673E+00  0.74407320E+00
  0.15000000E+02  0.41480866E+00  0.40005884E+00  0.82199914E+00
  0.16000000E+02  0.40465853E+00  0.38840715E+00  0.77011408E+00
  0.17000000E+02  0.44522956E+00  0.42416873E+00  0.84643652E+00
  0.18000000E+02  0.43396948E+00  0.41254496E+00  0.79870410E+00
  0.19000000E+02  0.47535654E+00  0.44830967E+00  0.87127559E+00
  0.20000000E+02  0.46235381E+00  0.43634275E+00  0.82709422E+00
  0.21000000E+02  0.50616369E+00  0.47160738E+00  0.89288995E+00
  0.22000000E+02  0.49084828E+00  0.45910578E+00  0.85214082E+00
  0.23000000E+02  0.53493162E+00  0.49352142E+00  0.90896734E+00
  0.24000000E+02  0.51813087E+00  0.48052472E+00  0.87187158E+00
  0.25000000E+02  0.56321881E+00  0.51389284E+00  0.91888294E+00
  0.26000000E+02  0.54463868E+00  0.50059307E+00  0.88576625E+00
  0.27000000E+02  0.58868468E+00  0.53280111E+00  0.92323512E+00
  0.28000000E+02  0.57102408E+00  0.51943318E+00  0.90181739E+00
  0.29000000E+02  0.61305302E+00  0.55039213E+00  0.92316140E+00
  0.30000000E+02  0.59561553E+00  0.53715859E+00  0.93543170E+00
  0.31000000E+02  0.63668953E+00  0.56677002E+00  0.91977999E+00
  0.32000000E+02  0.61957326E+00  0.55381587E+00  0.96827049E+00
  0.33000000E+02  0.65746571E+00  0.58196795E+00  0.91388018E+00
  0.34000000E+02  0.64279370E+00  0.56938850E+00  0.10000079E+01
  0.35000000E+02  0.67714346E+00  0.59596824E+00  0.94051785E+00
  0.36000000E+02  0.66342827E+00  0.58382752E+00  0.10301070E+01
  0.37000000E+02  0.69586596E+00  0.60873621E+00  0.97006071E+00
  0.38000000E+02  0.68275504E+00  0.59708174E+00  0.10580160E+01
  0.39000000E+02  0.71457477E+00  0.62024581E+00  0.99955008E+00
  0.40000000E+02  0.70110448E+00  0.60911577E+00  0.10833078E+01
  0.41000000E+02  0.73178921E+00  0.63049050E+00  0.10267229E+01
  0.42000000E+02  0.71716070E+00  0.61991506E+00  0.11057362E+01
  0.43000000E+02  0.74734403E+00  0.63948235E+00  0.10513146E+01
  0.44000000E+02  0.73107185E+00  0.62948248E+00  0.11252229E+01
  0.45000000E+02  0.76133766E+00  0.64724548E+00  0.10732140E+01
  0.46000000E+02  0.74271347E+00  0.63783190E+00  0.11418059E+01
  0.47000000E+02  0.76472272E+00  0.64714445E+00  0.11165833E+01
  0.48000000E+02  0.75892223E+00  0.64761531E+00  0.11472250E+01
  0.49000000E+02  0.77459684E+00  0.65319566E+00  0.11323213E+01
  0.50000000E+02  0.76955048E+00  0.65336498E+00  0.11574052E+01
  0.51000000E+02  0.78348589E+00  0.65808647E+00  0.11454676E+01
  0.52000000E+02  0.77782143E+00  0.65795413E+00  0.11649739E+01
  0.53000000E+02  0.79104982E+00  0.66183950E+00  0.11560845E+01
  0.54000000E+02  0.78467832E+00  0.66141106E+00  0.11699961E+01
  0.55000000E+02  0.79646885E+00  0.66448005E+00  0.11642090E+01
  0.56000000E+02  0.79011777E+00  0.66376674E+00  0.11725064E+01
  0.57000000E+02  0.80019643E+00  0.66603728E+00  0.11698514E+01
  0.58000000E+02  0.79378077E+00  0.66505507E+00  0.11725171E+01
  0.59000000E+02  0.80306374E+00  0.66654464E+00  0.11730021E+01
  0.60000000E+02  0.79693160E+00  0.66531280E+00  0.11700308E+01
  0.61000000E+02  0.80452234E+00  0.66603968E+00  0.11736424E+01
  0.62000000E+02  0.79813337E+00  0.66457943E+00  0.11650541E+01
  0.63000000E+02  0.80498398E+00  0.66456369E+00  0.11717576E+01
  0.64000000E+02  0.79782438E+00  0.66289712E+00  0.11576130E+01
  0.65000000E+02  0.80342507E+00  0.66216141E+00  0.11673511E+01
  0.66000000E+02  0.79776279E+00  0.66031086E+00  0.11477650E+01
  0.67000000E+02  0.80031873E+00  0.65888095E+00  0.11604571E+01
  0.68000000E+02  0.79610846E+00  0.65686877E+00  0.11356093E+01
  0.69000000E+02  0.79677954E+00  0.65477393E+00  0.11511502E+01
  0.70000000E+02  0.79271654E+00  0.65262245E+00  0.11212910E+01
  0.71000000E+02  0.79200783E+00  0.64989562E+00  0.11395508E+01
  0.72000000E+02  0.78837122E+00  0.64762720E+00  0.11050018E+01
  0.73000000E+02  0.78622572E+00  0.64430500E+00  0.11258262E+01
  0.74000000E+02  0.78319476E+00  0.64194208E+00  0.10869754E+01
  0.75000000E+02  0.78012332E+00  0.63806469E+00  0.11101868E+01
  0.76000000E+02  0.77620730E+00  0.63562973E+00  0.10674790E+01
  0.77000000E+02  0.77334376E+00  0.63124065E+00  0.10928792E+01
  0.78000000E+02  0.76832112E+00  0.62875601E+00  0.10468033E+01
  0.79000000E+02  0.76517206E+00  0.62390174E+00  0.10741763E+01
  0.80000000E+02  0.76044697E+00  0.62138948E+00  0.10252510E+01
  0.81000000E+02  0.75588780E+00  0.61611921E+00  0.10543670E+01
  0.82000000E+02  0.75150409E+00  0.61360087E+00  0.10031258E+01
  0.83000000E+02  0.74667526E+00  0.60796617E+00  0.10337456E+01
  0.84000000E+02  0.74138896E+00  0.60546255E+00  0.98072193E+00
  0.85000000E+02  0.73689854E+00  0.59951701E+00  0.10126018E+01
  0.86000000E+02  0.73153905E+00  0.59704804E+00  0.95831656E+00
  0.87000000E+02  0.72606798E+00  0.59084699E+00  0.99121230E+00
  0.88000000E+02  0.72251445E+00  0.58843166E+00  0.93616272E+00
  0.89000000E+02  0.71513850E+00  0.58203182E+00  0.96983402E+00
  0.90000000E+02  0.71240880E+00  0.57968822E+00  0.91448518E+00
  0.91000000E+02  0.70432964E+00  0.57314734E+00  0.94869944E+00
  0.92000000E+02  0.70206478E+00  0.57089279E+00  0.89347788E+00
  0.93000000E+02  0.69324553E+00  0.56426923E+00  0.92801338E+00
  0.94000000E+02  0.69160846E+00  0.56212055E+00  0.87330314E+00
  0.95000000E+02  0.68208664E+00  0.55547275E+00  0.90795158E+00
  0.96000000E+02  0.68090326E+00  0.55344654E+00  0.85409222E+00
  0.97000000E+02  0.67118968E+00  0.54683251E+00  0.88866068E+00
  0.98000000E+02  0.67020695E+00  0.54494546E+00  0.83594708E+00
  0.99000000E+02  0.66023632E+00  0.53842209E+00  0.87025929E+00
  0.10000000E+03  0.65980041E+00  0.53669131E+00  0.81894284E+00
  0.10100000E+03  0.64943819E+00  0.53031370E+00  0.85283991E+00
  0.10200000E+03  0.64942566E+00  0.52875689E+00  0.80313075E+00
  0.10300000E+03  0.63956185E+00  0.52257765E+00  0.83647147E+00
  0.10400000E+03  0.63876301E+00  0.52121322E+00  0.78854141E+00
  0.10500000E+03  0.63010350E+00  0.51528166E+00  0.82120205E+00
  0.10600000E+03  0.62897436E+00  0.51412867E+00  0.77518799E+00
  0.10700000E+03  0.62062806E+00  0.50849011E+00  0.80706181E+00
  0.10800000E+03  0.61998984E+00  0.50756799E+00  0.76306923E+00
  0.10900000E+03  0.61170061E+00  0.50226306E+00  0.79406577E+00
  0.11000000E+03  0.61096622E+00  0.50159122E+00  0.75217227E+00
  0.11100000E+03  0.60405138E+00  0.49665517E+00  0.78221646E+00
  0.11200000E+03  0.60218003E+00  0.49625241E+00  0.74247504E+00
  0.11300000E+03  0.59685523E+00  0.49171460E+00  0.77150620E+00
  0.11400000E+03  0.59471778E+00  0.49159842E+00  0.73394838E+00
  0.11500000E+03  0.58988844E+00  0.48748181E+00  0.76191920E+00
  0.11600000E+03  0.58749261E+00  0.48766762E+00  0.72655772E+00
  0.11700000E+03  0.58444242E+00  0.48398850E+00  0.75343323E+00
  0.11800000E+03  0.58087113E+00  0.48448887E+00  0.72026445E+00
  0.11900000E+03  0.57955961E+00  0.48125663E+00  0.74602101E+00
  0.12000000E+03  0.57641456E+00  0.48208059E+00  0.71502696E+00
  0.12100000E+03  0.57537457E+00  0.47929773E+00  0.73965135E+00
  0.12200000E+03  0.57334410E+00  0.48045015E+00  0.71080143E+00
  0.12300000E+03  0.57247566E+00  0.47811243E+00  0.73428994E+00
  0.12400000E+03  0.57095376E+00  0.47959358E+00  0.70754228E+00
  0.12500000E+03  0.57105360E+00  0.47769034E+00  0.72989995E+00
  0.12600000E+03  0.56951171E+00  0.47949570E+00  0.70520258E+00
  0.12700000E+03  0.56993326E+00  0.47801033E+00  0.72644244E+00
  0.12800000E+03  0.56892085E+00  0.48013052E+00  0.70373413E+00
  0.12900000E+03  0.56972515E+00  0.47904108E+00  0.72387658E+00
  0.13000000E+03  0.56929046E+00  0.48146210E+00  0.70308753E+00
  0.13100000E+03  0.56986318E+00  0.48074203E+00  0.72215972E+00
  0.13200000E+03  0.57045554E+00  0.48344558E+00  0.70321212E+00
  0.13300000E+03  0.57117683E+00  0.48306449E+00  0.72124743E+00
  0.13400000E+03  0.57178628E+00  0.48602853E+00  0.70405591E+00
  0.13500000E+03  0.57329003E+00  0.48595302E+00  0.72109340E+00
  0.13600000E+03  0.57378581E+00  0.48915238E+00  0.70556542E+00
  0.13700000E+03  0.57559842E+00  0.48934685E+00  0.72164941E+00
  0.13800000E+03  0.57675329E+00  0.49275395E+00  0.70768567E+00
  0.13900000E+03  0.57853443E+00  0.49318139E+00  0.72286523E+00
  0.14000000E+03  0.57985579E+00  0.49676693E+00  0.71036010E+00
  0.14100000E+03  0.58221214E+00  0.49738966E+00  0.72468862E+00
  0.14200000E+03  0.58349256E+00  0.50112333E+00  0.71353061E+00
  0.14300000E+03  0.58641105E+00  0.50190364E+00  0.72706534E+00
  0.14400000E+03  0.58702375E+00  0.50444205E+00  0.73164547E+00
  0.14500000E+03  0.59595311E+00  0.51160776E+00  0.74497626E+00
  0.14600000E+03  0.59165833E+00  0.50925914E+00  0.73545887E+00
  0.14700000E+03  0.60080927E+00  0.51669129E+00  0.74782967E+00
  0.14800000E+03  0.59660007E+00  0.51422083E+00  0.73960686E+00
  0.14900000E+03  0.60610467E+00  0.52186130E+00  0.75079634E+00
  0.15000000E+03  0.60185666E+00  0.51926396E+00  0.74402768E+00
  0.15100000E+03  0.61175367E+00  0.52705705E+00  0.75379386E+00
  0.15200000E+03  0.60727477E+00  0.52432866E+00  0.74865930E+00
  0.15300000E+03  0.61775068E+00  0.53222157E+00  0.75674040E+00
  0.15400000E+03  0.61300587E+00  0.52935878E+00  0.75343992E+00
  0.15500000E+03  0.62379235E+00  0.53730201E+00  0.75955583E+00
  0.15600000E+03  0.61867345E+00  0.53430230E+00  0.75830852E+00
  0.15700000E+03  0.62954952E+00  0.54224996E+00  0.76216285E+00
  0.15800000E+03  0.62415466E+00  0.53911159E+00  0.76320534E+00
  0.15900000E+03  0.63519089E+00  0.54702161E+00  0.76812802E+00
  0.16000000E+03  0.62944510E+00  0.54374354E+00  0.77041764E+00
  0.16100000E+03  0.64055673E+00  0.55157778E+00  0.77723492E+00
  0.16200000E+03  0.63433551E+00  0.54815963E+00  0.77775579E+00
  0.16300000E+03  0.64557662E+00  0.55588401E+00  0.78553294E+00
  0.16400000E+03  0.63901882E+00  0.55232594E+00  0.78421486E+00
  0.16500000E+03  0.65035225E+00  0.55991042E+00  0.79300018E+00
  0.16600000E+03  0.64331699E+00  0.55621309E+00  0.78979031E+00
  0.16700000E+03  0.65469682E+00  0.56363170E+00  0.79962312E+00
  0.16800000E+03  0.64755909E+00  0.55979615E+00  0.79700095E+00
  0.16900000E+03  0.65872294E+00  0.56702692E+00  0.80539607E+00
  0.17000000E+03  0.65146050E+00  0.56305449E+00  0.80377722E+00
  0.17100000E+03  0.66225579E+00  0.57007938E+00  0.81032059E+00
  0.17200000E+03  0.65481490E+00  0.56597168E+00  0.80973639E+00
  0.17300000E+03  0.66521145E+00  0.57277650E+00  0.81440491E+00
  0.17400000E+03  0.65776627E+00  0.56853525E+00  0.81487846E+00
  0.17500000E+03  0.66777601E+00  0.57510954E+00  0.81766327E+00
  0.17600000E+03  0.66022795E+00  0.57073660E+00  0.81920972E+00
  0.17700000E+03  0.66973988E+00  0.57707349E+00  0.82011540E+00
  0.17800000E+03  0.66210503E+00  0.57257071E+00  0.82274223E+00
  0.17900000E+03  0.67118206E+00  0.57866681E+00  0.82178587E+00
  0.18000000E+03  0.66351696E+00  0.57403606E+00  0.82549330E+00
  0.18100000E+03  0.67216449E+00  0.57989129E+00  0.82270357E+00
  0.18200000E+03  0.66439872E+00  0.57513434E+00  0.82748491E+00
  0.18300000E+03  0.67255377E+00  0.58075181E+00  0.82290119E+00
  0.18400000E+03  0.66471129E+00  0.57587036E+00  0.82874328E+00
  0.18500000E+03  0.67240139E+00  0.58125615E+00  0.82259744E+00
  0.18600000E+03  0.66462394E+00  0.57625175E+00  0.82929836E+00
  0.18700000E+03  0.67213529E+00  0.58141481E+00  0.82418120E+00
  0.18800000E+03  0.66402258E+00  0.57628887E+00  0.82918336E+00
  0.18900000E+03  0.67138138E+00  0.58124082E+00  0.82507838E+00
  0.19000000E+03  0.66290605E+00  0.57599457E+00  0.82843434E+00
  0.19100000E+03  0.67012670E+00  0.58074950E+00  0.82531957E+00
  0.19200000E+03  0.66135751E+00  0.57538398E+00  0.82708980E+00
  0.19300000E+03  0.66853838E+00  0.57995834E+00  0.82493827E+00
  0.19400000E+03  0.65940045E+00  0.57447441E+00  0.82519030E+00
  0.19500000E+03  0.66650625E+00  0.57888672E+00  0.82397047E+00
  0.19600000E+03  0.65701988E+00  0.57328504E+00  0.82277805E+00
  0.19700000E+03  0.66406637E+00  0.57755580E+00  0.82245427E+00
  0.19800000E+03  0.65425748E+00  0.57183684E+00  0.81989661E+00
  0.19900000E+03  0.66127120E+00  0.57598825E+00  0.82042955E+00
  0.20000000E+03  0.65119362E+00  0.57015229E+00  0.81659048E+00
  0.20100000E+03  0.65819694E+00  0.57420810E+00  0.81793760E+00
  0.20200000E+03  0.64788135E+00  0.56825525E+00  0.81290485E+00
  0.20300000E+03  0.65483256E+00  0.57224048E+00  0.81502083E+00
  0.20400000E+03  0.64430478E+00  0.56617071E+00  0.80888520E+00
  0.20500000E+03  0.65122507E+00  0.57011148E+00  0.81172242E+00
  0.20600000E+03  0.64051126E+00  0.56392461E+00  0.80457704E+00
  0.20700000E+03  0.64742184E+00  0.56784786E+00  0.80808597E+00
  0.20800000E+03  0.63654820E+00  0.56154361E+00  0.80017144E+00
  0.20900000E+03  0.64347013E+00  0.56547690E+00  0.80415528E+00
  0.21000000E+03  0.63246267E+00  0.55905488E+00  0.79690722E+00
  0.21100000E+03  0.63941659E+00  0.56302611E+00  0.79997395E+00
  0.21200000E+03  0.62830094E+00  0.55648592E+00  0.79334394E+00
  0.21300000E+03  0.63530687E+00  0.56052305E+00  0.79558517E+00
  0.21400000E+03  0.62410806E+00  0.55386425E+00  0.78952366E+00
  0.21500000E+03  0.63118520E+00  0.55799508E+00  0.79103142E+00
  0.21600000E+03  0.62015756E+00  0.55121727E+00  0.78548810E+00
  0.21700000E+03  0.62713231E+00  0.55546913E+00  0.78635419E+00
  0.21800000E+03  0.61627823E+00  0.54857197E+00  0.78127841E+00
  0.21900000E+03  0.62317373E+00  0.55297145E+00  0.78159375E+00
  0.22000000E+03  0.61251305E+00  0.54595473E+00  0.77693490E+00
  0.22100000E+03  0.61933101E+00  0.55052742E+00  0.77678892E+00
  0.22200000E+03  0.60889817E+00  0.54339108E+00  0.77249676E+00
  0.22300000E+03  0.61579270E+00  0.54816129E+00  0.77197681E+00
  0.22400000E+03  0.60543953E+00  0.54090548E+00  0.76800183E+00
  0.22500000E+03  0.61265267E+00  0.54589597E+00  0.76719269E+00
  0.22600000E+03  0.60223733E+00  0.53852109E+00  0.76348643E+00
  0.22700000E+03  0.60974412E+00  0.54375283E+00  0.76246975E+00
  0.22800000E+03  0.59924338E+00  0.53625959E+00  0.75898507E+00
  0.22900000E+03  0.60714481E+00  0.54175152E+00  0.75783894E+00
  0.23000000E+03  0.59652137E+00  0.53414095E+00  0.75453037E+00
  0.23100000E+03  0.60479944E+00  0.53990976E+00  0.75332886E+00
  0.23200000E+03  0.59406221E+00  0.53218327E+00  0.75015279E+00
  0.23300000E+03  0.60273241E+00  0.53824324E+00  0.74896564E+00
  0.23400000E+03  0.59189165E+00  0.53040264E+00  0.74588056E+00
  0.23500000E+03  0.60099481E+00  0.53676544E+00  0.74477279E+00
  0.23600000E+03  0.58998062E+00  0.52881295E+00  0.74173953E+00
  0.23700000E+03  0.59954152E+00  0.53548756E+00  0.74345366E+00
  0.23800000E+03  0.58835790E+00  0.52742587E+00  0.73888769E+00
  0.23900000E+03  0.59837679E+00  0.53441843E+00  0.74969050E+00
  0.24000000E+03  0.58703218E+00  0.52625066E+00  0.73634875E+00
  0.24100000E+03  0.59750201E+00  0.53356449E+00  0.75594591E+00
  0.24200000E+03  0.58597586E+00  0.52529424E+00  0.73902286E+00
  0.24300000E+03  0.59691580E+00  0.53292978E+00  0.76218563E+00
  0.24400000E+03  0.58544017E+00  0.52456107E+00  0.74535092E+00
  0.24500000E+03  0.59661417E+00  0.53251593E+00  0.76837608E+00
  0.24600000E+03  0.58523722E+00  0.52405323E+00  0.75167104E+00
  0.24700000E+03  0.59659865E+00  0.53232225E+00  0.77448462E+00
  0.24800000E+03  0.58528884E+00  0.52377045E+00  0.75795048E+00
  0.24900000E+03  0.59684545E+00  0.53234582E+00  0.78047979E+00
  0.25000000E+03  0.58558691E+00  0.52371020E+00  0.76415736E+00
  0.25100000E+03  0.59740672E+00  0.53258158E+00  0.78633150E+00
  0.25200000E+03  0.58612150E+00  0.52386777E+00  0.77026088E+00
  0.25300000E+03  0.59824527E+00  0.53302247E+00  0.79201124E+00
  0.25400000E+03  0.58688102E+00  0.52423643E+00  0.77623153E+00
  0.25500000E+03  0.59931031E+00  0.53365961E+00  0.79749223E+00
  0.25600000E+03  0.58785245E+00  0.52480760E+00  0.78204125E+00
  0.25700000E+03  0.60058433E+00  0.53448247E+00  0.80274956E+00
  0.25800000E+03  0.58902149E+00  0.52557099E+00  0.78766362E+00
  0.25900000E+03  0.60205024E+00  0.53547906E+00  0.80776034E+00
  0.26000000E+03  0.59037276E+00  0.52651481E+00  0.79307399E+00
  0.26100000E+03  0.60369002E+00  0.53663612E+00  0.81250373E+00
  0.26200000E+03  0.59193378E+00  0.52762598E+00  0.79824961E+00
  0.26300000E+03  0.60548492E+00  0.53793936E+00  0.81696113E+00
  0.26400000E+03  0.59365521E+00  0.52889034E+00  0.80316972E+00
  0.26500000E+03  0.60741570E+00  0.53937365E+00  0.82111612E+00
  0.26600000E+03  0.59555030E+00  0.53029282E+00  0.80781565E+00
  0.26700000E+03  0.60946278E+00  0.54092320E+00  0.82495461E+00
  0.26800000E+03  0.59757588E+00  0.53181772E+00  0.81217087E+00
  0.26900000E+03  0.61176970E+00  0.54257182E+00  0.82846477E+00
  0.27000000E+03  0.59970277E+00  0.53344884E+00  0.81622104E+00
  0.27100000E+03  0.61414129E+00  0.54430307E+00  0.83163710E+00
  0.27200000E+03  0.60191168E+00  0.53516972E+00  0.81995403E+00
  0.27300000E+03  0.61655647E+00  0.54610045E+00  0.83446439E+00
  0.27400000E+03  0.60418350E+00  0.53696382E+00  0.82335997E+00
  0.27500000E+03  0.61905210E+00  0.54794759E+00  0.83694169E+00
  0.27600000E+03  0.60649949E+00  0.53881470E+00  0.82643116E+00
  0.27700000E+03  0.62161912E+00  0.54982839E+00  0.83906627E+00
  0.27800000E+03  0.60884141E+00  0.54070615E+00  0.82916215E+00
  0.27900000E+03  0.62417641E+00  0.55172716E+00  0.84083758E+00
  0.28000000E+03  0.61119168E+00  0.54262236E+00  0.83154962E+00
  0.28100000E+03  0.62670620E+00  0.55362877E+00  0.84225715E+00
  0.28200000E+03  0.61361532E+00  0.54454807E+00  0.83359238E+00
  0.28300000E+03  0.62919178E+00  0.55551875E+00  0.84332854E+00
  0.28400000E+03  0.61610675E+00  0.54646862E+00  0.83529128E+00
  0.28500000E+03  0.63161756E+00  0.55738339E+00  0.84405719E+00
  0.28600000E+03  0.61857640E+00  0.54837013E+00  0.83664914E+00
  0.28700000E+03  0.63396923E+00  0.55920980E+00  0.84445039E+00
  0.28800000E+03  0.62098893E+00  0.55023954E+00  0.83767066E+00
  0.28900000E+03  0.63623377E+00  0.56098604E+00  0.84451711E+00
  0.29000000E+03  0.62333061E+00  0.55206466E+00  0.83836235E+00
  0.29100000E+03  0.63839956E+00  0.56270112E+00  0.84426789E+00
  0.29200000E+03  0.62562280E+00  0.55383430E+00  0.83873237E+00
  0.29300000E+03  0.64049561E+00  0.56434505E+00  0.84371473E+00
  0.29400000E+03  0.62781959E+00  0.55553823E+00  0.83879044E+00
  0.29500000E+03  0.64249987E+00  0.56590890E+00  0.84287093E+00
  0.29600000E+03  0.62990818E+00  0.55716728E+00  0.83854774E+00
  0.29700000E+03  0.64437764E+00  0.56738480E+00  0.84175095E+00
  0.29800000E+03  0.63188016E+00  0.55871331E+00  0.83801673E+00
  0.29900000E+03  0.64612266E+00  0.56876593E+00  0.84037029E+00
  0.30000000E+03  0.63372863E+00  0.56016927E+00  0.83721106E+00
  0.30100000E+03  0.64773017E+00  0.57004658E+00  0.83874530E+00
  0.30200000E+03  0.63545080E+00  0.56152916E+00  0.83614539E+00
  0.30300000E+03  0.64919687E+00  0.57122207E+00  0.83689308E+00
  0.30400000E+03  0.63709577E+00  0.56278801E+00  0.83483529E+00
  0.30500000E+03  0.65052090E+00  0.57228877E+00  0.83483128E+00
  0.30600000E+03  0.63860267E+00  0.56394194E+00  0.83329705E+00
  0.30700000E+03  0.65170179E+00  0.57324409E+00  0.83257798E+00
  0.30800000E+03  0.63997006E+00  0.56498805E+00  0.83154755E+00
  0.30900000E+03  0.65274038E+00  0.57408639E+00  0.83015154E+00
  0.31000000E+03  0.64119789E+00  0.56592444E+00  0.82960413E+00
  0.31100000E+03  0.65363878E+00  0.57481503E+00  0.82761973E+00
  0.31200000E+03  0.64228741E+00  0.56675016E+00  0.82748442E+00
  0.31300000E+03  0.65440025E+00  0.57543025E+00  0.82598350E+00
  0.31400000E+03  0.64324109E+00  0.56746516E+00  0.82520622E+00
  0.31500000E+03  0.65504913E+00  0.57593315E+00  0.82416837E+00
  0.31600000E+03  0.64406256E+00  0.56807028E+00  0.82278734E+00
  0.31700000E+03  0.65559277E+00  0.57632566E+00  0.82219146E+00
  0.31800000E+03  0.64475650E+00  0.56856713E+00  0.82024546E+00
  0.31900000E+03  0.65601187E+00  0.57661046E+00  0.82006992E+00
  0.32000000E+03  0.64532852E+00  0.56895813E+00  0.81854489E+00
  0.32100000E+03  0.65631343E+00  0.57679092E+00  0.81782082E+00
  0.32200000E+03  0.64578510E+00  0.56924636E+00  0.81671878E+00
  0.32300000E+03  0.65650513E+00  0.57687106E+00  0.81546102E+00
  0.32400000E+03  0.64613344E+00  0.56943557E+00  0.81476107E+00
  0.32500000E+03  0.65659527E+00  0.57685546E+00  0.81300706E+00
  0.32600000E+03  0.64638695E+00  0.56953008E+00  0.81268806E+00
  0.32700000E+03  0.65659268E+00  0.57674924E+00  0.81108565E+00
  0.32800000E+03  0.64657391E+00  0.56953473E+00  0.81051571E+00
  0.32900000E+03  0.65650651E+00  0.57655792E+00  0.80929773E+00
  0.33000000E+03  0.64667825E+00  0.56945480E+00  0.80825961E+00
  0.33100000E+03  0.65634624E+00  0.57628743E+00  0.80740584E+00
  0.33200000E+03  0.64670849E+00  0.56929599E+00  0.80593482E+00
  0.33300000E+03  0.65612147E+00  0.57594400E+00  0.80542505E+00
  0.33400000E+03  0.64667330E+00  0.56906427E+00  0.80369753E+00
  0.33500000E+03  0.65584187E+00  0.57553409E+00  0.80336993E+00
  0.33600000E+03  0.64659240E+00  0.56876590E+00  0.80199057E+00
  0.33700000E+03  0.64284406E+00  0.56459928E+00  0.80108349E+00
  0.33800000E+03  0.64725020E+00  0.56932521E+00  0.80030197E+00
  0.33900000E+03  0.64276599E+00  0.56415157E+00  0.79885821E+00
  0.34000000E+03  0.64704011E+00  0.56888486E+00  0.79837983E+00
  0.34100000E+03  0.64265263E+00  0.56365536E+00  0.79675192E+00
  0.34200000E+03  0.64679684E+00  0.56839832E+00  0.79640986E+00
  0.34300000E+03  0.64251218E+00  0.56311742E+00  0.79509030E+00
  0.34400000E+03  0.64652887E+00  0.56787223E+00  0.79440421E+00
  0.34500000E+03  0.64235250E+00  0.56254444E+00  0.79337518E+00
  0.34600000E+03  0.64624436E+00  0.56731314E+00  0.79237426E+00
  0.34700000E+03  0.64218112E+00  0.56194299E+00  0.79161834E+00
  0.34800000E+03  0.64595102E+00  0.56672747E+00  0.79033057E+00
  0.34900000E+03  0.64200512E+00  0.56131949E+00  0.78983084E+00
  0.35000000E+03  0.64565607E+00  0.56612148E+00  0.78828284E+00
  0.35100000E+03  0.64184565E+00  0.56068015E+00  0.78802296E+00
  0.35200000E+03  0.64536619E+00  0.56550116E+00  0.78672054E+00
  0.35300000E+03  0.64169572E+00  0.56003088E+00  0.78620418E+00
  0.35400000E+03  0.64508744E+00  0.56487224E+00  0.78514863E+00
  0.35500000E+03  0.64156054E+00  0.55937729E+00  0.78438311E+00
  0.35600000E+03  0.64482526E+00  0.56424012E+00  0.78355940E+00
  0.35700000E+03  0.64144466E+00  0.55872466E+00  0.78256751E+00
  0.35800000E+03  0.64458437E+00  0.56360985E+00  0.78196127E+00
  0.35900000E+03  0.64135198E+00  0.55807785E+00  0.78076428E+00
  0.36000000E+03  0.64436883E+00  0.56298608E+00  0.78036183E+00
  0.36100000E+03  0.64128567E+00  0.55744132E+00  0.77899304E+00
  0.36200000E+03  0.64418194E+00  0.56237302E+00  0.77876784E+00
  0.36300000E+03  0.64124822E+00  0.55681908E+00  0.77761044E+00
  0.36400000E+03  0.64402631E+00  0.56177447E+00  0.77718522E+00
  0.36500000E+03  0.64124139E+00  0.55621469E+00  0.77622680E+00
  0.36600000E+03  0.64390380E+00  0.56119375E+00  0.77561906E+00
  0.36700000E+03  0.64126625E+00  0.55563123E+00  0.77484793E+00
  0.36800000E+03  0.64381554E+00  0.56063370E+00  0.77407366E+00
  0.36900000E+03  0.64132319E+00  0.55507128E+00  0.77347887E+00
  0.37000000E+03  0.64377209E+00  0.56009671E+00  0.77255250E+00
  0.37100000E+03  0.64141191E+00  0.55453697E+00  0.77212386E+00
  0.37200000E+03  0.64381254E+00  0.55958467E+00  0.77105833E+00
  0.37300000E+03  0.64153150E+00  0.55402993E+00  0.77078641E+00
  0.37400000E+03  0.64389340E+00  0.55909901E+00  0.76965204E+00
  0.37500000E+03  0.64168041E+00  0.55355130E+00  0.76946927E+00
  0.37600000E+03  0.64401309E+00  0.55864068E+00  0.76850017E+00
  0.37700000E+03  0.64185653E+00  0.55310178E+00  0.76817452E+00
  0.37800000E+03  0.64416942E+00  0.55821019E+00  0.76736231E+00
  0.37900000E+03  0.64207647E+00  0.55268161E+00  0.76690360E+00
  0.38000000E+03  0.64435960E+00  0.55780762E+00  0.76624056E+00
  0.38100000E+03  0.64233307E+00  0.55229063E+00  0.76565730E+00
  0.38200000E+03  0.64458034E+00  0.55743264E+00  0.76513644E+00
  0.38300000E+03  0.64261176E+00  0.55192825E+00  0.76443588E+00
  0.38400000E+03  0.64482786E+00  0.55708454E+00  0.76405084E+00
  0.38500000E+03  0.64290874E+00  0.55159353E+00  0.76323909E+00
  0.38600000E+03  0.64509796E+00  0.55676226E+00  0.76298413E+00
  0.38700000E+03  0.64324793E+00  0.55128519E+00  0.76206622E+00
  0.38800000E+03  0.64542752E+00  0.55646439E+00  0.76193620E+00
  0.38900000E+03  0.64366770E+00  0.55100163E+00  0.76104107E+00
  0.39000000E+03  0.64585156E+00  0.55618927E+00  0.76090647E+00
  0.39100000E+03  0.64409840E+00  0.55074099E+00  0.76014501E+00
  0.39200000E+03  0.64627760E+00  0.55593497E+00  0.75989402E+00
  0.39300000E+03  0.64453490E+00  0.55050119E+00  0.75926173E+00
  0.39400000E+03  0.64670032E+00  0.55569935E+00  0.75889756E+00
  0.39500000E+03  0.64497195E+00  0.55027992E+00  0.75839042E+00
  0.39600000E+03  0.64716560E+00  0.55548010E+00  0.75791555E+00
  0.39700000E+03  0.64540416E+00  0.55007476E+00  0.75752998E+00
  0.39800000E+03  0.64762996E+00  0.55527475E+00  0.75694619E+00
  0.39900000E+03  0.64582615E+00  0.54988312E+00  0.75667902E+00
  0.40000000E+03  0.64810533E+00  0.55508075E+00  0.75598756E+00
  0.40100000E+03  0.64623255E+00  0.54970238E+00  0.75583594E+00
  0.40200000E+03  0.64865358E+00  0.55489548E+00  0.75503757E+00
  0.40300000E+03  0.64661806E+00  0.54952983E+00  0.75499900E+00
  0.40400000E+03  0.64918077E+00  0.55471630E+00  0.75426840E+00
  0.40500000E+03  0.64697751E+00  0.54936279E+00  0.75416630E+00
  0.40600000E+03  0.64968146E+00  0.55454056E+00  0.75355679E+00
  0.40700000E+03  0.64732044E+00  0.54919857E+00  0.75333591E+00
  0.40800000E+03  0.65015039E+00  0.55436566E+00  0.75284520E+00
  0.40900000E+03  0.64769388E+00  0.54903458E+00  0.75250586E+00
  0.41000000E+03  0.65058255E+00  0.55418908E+00  0.75213185E+00
  0.41100000E+03  0.64803111E+00  0.54886828E+00  0.75167420E+00
  0.41200000E+03  0.65097321E+00  0.55400839E+00  0.75141495E+00
  0.41300000E+03  0.64842895E+00  0.54869728E+00  0.75083904E+00
  0.41400000E+03  0.65131795E+00  0.55382130E+00  0.75069274E+00
  0.41500000E+03  0.64881427E+00  0.54851930E+00  0.74999860E+00
  0.41600000E+03  0.65161268E+00  0.55362567E+00  0.74996348E+00
  0.41700000E+03  0.64915454E+00  0.54833225E+00  0.74928493E+00
  0.41800000E+03  0.65187310E+00  0.55341952E+00  0.74922556E+00
  0.41900000E+03  0.64944612E+00  0.54813422E+00  0.74866531E+00
  0.42000000E+03  0.65215232E+00  0.55320108E+00  0.74847748E+00
  0.42100000E+03  0.64968576E+00  0.54792350E+00  0.74803375E+00
  0.42200000E+03  0.65237514E+00  0.55296878E+00  0.74771788E+00
  0.42300000E+03  0.64987065E+00  0.54769859E+00  0.74738889E+00
  0.42400000E+03  0.65262218E+00  0.55272128E+00  0.74694559E+00
  0.42500000E+03  0.64999838E+00  0.54745825E+00  0.74672954E+00
  0.42600000E+03  0.65286299E+00  0.55245746E+00  0.74615962E+00
  0.42700000E+03  0.65006699E+00  0.54720143E+00  0.74605465E+00
  0.42800000E+03  0.65304295E+00  0.55217646E+00  0.74535922E+00
  0.42900000E+03  0.65013121E+00  0.54692738E+00  0.74536336E+00
  0.43000000E+03  0.65316045E+00  0.55187765E+00  0.74476718E+00
  0.43100000E+03  0.65018410E+00  0.54663556E+00  0.74465504E+00
  0.43200000E+03  0.65321433E+00  0.55156065E+00  0.74417416E+00
  0.43300000E+03  0.65017728E+00  0.54632569E+00  0.74392925E+00
  0.43400000E+03  0.65320388E+00  0.55122534E+00  0.74356157E+00
  0.43500000E+03  0.65018818E+00  0.54599775E+00  0.74318580E+00
  0.43600000E+03  0.65312882E+00  0.55087182E+00  0.74292907E+00
  0.43700000E+03  0.65020094E+00  0.54565195E+00  0.74242472E+00
  0.43800000E+03  0.65298988E+00  0.55050047E+00  0.74227657E+00
  0.43900000E+03  0.65015527E+00  0.54528873E+00  0.74164627E+00
  0.44000000E+03  0.65289932E+00  0.55011185E+00  0.74160417E+00
  0.44100000E+03  0.65005172E+00  0.54490880E+00  0.74099551E+00
  0.44200000E+03  0.65274784E+00  0.54970679E+00  0.74091223E+00
  0.44300000E+03  0.64989122E+00  0.54451303E+00  0.74041509E+00
  0.44400000E+03  0.65253655E+00  0.54928631E+00  0.74020133E+00
  0.44500000E+03  0.64967507E+00  0.54410256E+00  0.73981298E+00
  0.44600000E+03  0.65234079E+00  0.54885163E+00  0.73947225E+00
  0.44700000E+03  0.64940492E+00  0.54367867E+00  0.73918983E+00
  0.44800000E+03  0.65215327E+00  0.54840417E+00  0.73872602E+00
  0.44900000E+03  0.64914256E+00  0.54324285E+00  0.73854649E+00
  0.45000000E+03  0.65191192E+00  0.54794548E+00  0.73796384E+00
  0.45100000E+03  0.64888912E+00  0.54279674E+00  0.73788403E+00
  0.45200000E+03  0.65161889E+00  0.54747732E+00  0.73727213E+00
  0.45300000E+03  0.64858949E+00  0.54234213E+00  0.73720370E+00
  0.45400000E+03  0.65127663E+00  0.54700153E+00  0.73669638E+00
  0.45500000E+03  0.64824616E+00  0.54188094E+00  0.73650697E+00
  0.45600000E+03  0.65088779E+00  0.54652009E+00  0.73610088E+00
  0.45700000E+03  0.64792579E+00  0.54141517E+00  0.73579545E+00
  0.45800000E+03  0.65045521E+00  0.54603508E+00  0.73548711E+00
  0.45900000E+03  0.64763908E+00  0.54094693E+00  0.73507094E+00
  0.46000000E+03  0.65010064E+00  0.54554865E+00  0.73485673E+00
  0.46100000E+03  0.64731747E+00  0.54047840E+00  0.73433536E+00
  0.46200000E+03  0.64971107E+00  0.54506301E+00  0.73421155E+00
  0.46300000E+03  0.64696392E+00  0.54001179E+00  0.73359114E+00
  0.46400000E+03  0.64928751E+00  0.54458038E+00  0.73355352E+00
  0.46500000E+03  0.64658153E+00  0.53954935E+00  0.73302791E+00
  0.46600000E+03  0.64883303E+00  0.54410302E+00  0.73288472E+00
  0.46700000E+03  0.64617343E+00  0.53909331E+00  0.73245007E+00
  0.46800000E+03  0.64839495E+00  0.54363320E+00  0.73220732E+00
  0.46900000E+03  0.64578844E+00  0.53864591E+00  0.73185970E+00
  0.47000000E+03  0.64801991E+00  0.54317312E+00  0.73152357E+00
  0.47100000E+03  0.64546008E+00  0.53820935E+00  0.73125901E+00
  0.47200000E+03  0.64762339E+00  0.54272498E+00  0.73083579E+00
  0.47300000E+03  0.64511534E+00  0.53778577E+00  0.73065025E+00
  0.47400000E+03  0.64720840E+00  0.54229090E+00  0.73014632E+00
  0.47500000E+03  0.64475713E+00  0.53737726E+00  0.73003576E+00
  0.47600000E+03  0.64677792E+00  0.54187292E+00  0.72947274E+00
  0.47700000E+03  0.64438826E+00  0.53698579E+00  0.72941789E+00
  0.47800000E+03  0.64633485E+00  0.54147299E+00  0.72893385E+00
  0.47900000E+03  0.64402499E+00  0.53661325E+00  0.72879902E+00
  0.48000000E+03  0.64595964E+00  0.54109296E+00  0.72838990E+00
  0.48100000E+03  0.64377043E+00  0.53626142E+00  0.72818154E+00
  0.48200000E+03  0.64562017E+00  0.54073456E+00  0.72784328E+00
  0.48300000E+03  0.64351293E+00  0.53593194E+00  0.72756779E+00
  0.48400000E+03  0.64527545E+00  0.54039936E+00  0.72729639E+00
  0.48500000E+03  0.64325477E+00  0.53562631E+00  0.72696007E+00
  0.48600000E+03  0.64492770E+00  0.54008882E+00  0.72675158E+00
  0.48700000E+03  0.64299808E+00  0.53534589E+00  0.72636063E+00
  0.48800000E+03  0.64457900E+00  0.53980423E+00  0.72621117E+00
  0.48900000E+03  0.64274483E+00  0.53509185E+00  0.72577162E+00
  0.49000000E+03  0.64423123E+00  0.53954671E+00  0.72567742E+00
  0.49100000E+03  0.64258538E+00  0.53486525E+00  0.72519508E+00
  0.49200000E+03  0.64398277E+00  0.53931725E+00  0.72515249E+00
  0.49300000E+03  0.64246221E+00  0.53466693E+00  0.72471495E+00
  0.49400000E+03  0.64376505E+00  0.53911662E+00  0.72463845E+00
  0.49500000E+03  0.64234622E+00  0.53449758E+00  0.72425617E+00
  0.49600000E+03  0.64355265E+00  0.53894547E+00  0.72413727E+00
  0.49700000E+03  0.64223851E+00  0.53435773E+00  0.72380670E+00
  0.49800000E+03  0.64334667E+00  0.53880424E+00  0.72365075E+00
  0.49900000E+03  0.64213996E+00  0.53424771E+00  0.72336854E+00
  0.50000000E+03  0.64314802E+00  0.53869321E+00  0.72318057E+00
  0.50100000E+03  0.64205126E+00  0.53416768E+00  0.72294352E+00
  0.50200000E+03  0.64303292E+00  0.53861249E+00  0.72272824E+00
  0.50300000E+03  0.64201856E+00  0.53411766E+00  0.72253334E+00
  0.50400000E+03  0.64297018E+00  0.53856203E+00  0.72229511E+00
  0.50500000E+03  0.64207039E+00  0.53409748E+00  0.72213955E+00
  0.50600000E+03  0.64298486E+00  0.53854161E+00  0.72188232E+00
  0.50700000E+03  0.64213285E+00  0.53410682E+00  0.72176352E+00
  0.50800000E+03  0.64300998E+00  0.53855086E+00  0.72149085E+00
  0.50900000E+03  0.64220585E+00  0.53414521E+00  0.72140645E+00
  0.51000000E+03  0.64304532E+00  0.53858926E+00  0.72112147E+00
  0.51100000E+03  0.64228916E+00  0.53421203E+00  0.72106934E+00
  0.51200000E+03  0.64309051E+00  0.53865616E+00  0.72077476E+00
  0.51300000E+03  0.64242009E+00  0.53430654E+00  0.72075303E+00
  0.51400000E+03  0.64314503E+00  0.53875078E+00  0.72045108E+00
  0.51500000E+03  0.64263388E+00  0.53442787E+00  0.72045814E+00
  0.51600000E+03  0.64342284E+00  0.53887220E+00  0.72015061E+00
  0.51700000E+03  0.64285496E+00  0.53457504E+00  0.72018507E+00
  0.51800000E+03  0.64372612E+00  0.53901944E+00  0.71989200E+00
  0.51900000E+03  0.64308244E+00  0.53474698E+00  0.71993407E+00
  0.52000000E+03  0.64403604E+00  0.53919137E+00  0.71967140E+00
  0.52100000E+03  0.64331535E+00  0.53494250E+00  0.71970515E+00
  0.52200000E+03  0.64435151E+00  0.53938681E+00  0.71947172E+00
  0.52300000E+03  0.64357991E+00  0.53516038E+00  0.71949812E+00
  0.52400000E+03  0.64467138E+00  0.53960449E+00  0.71929303E+00
  0.52500000E+03  0.64388630E+00  0.53539930E+00  0.71931263E+00
  0.52600000E+03  0.64507832E+00  0.53984311E+00  0.71913523E+00
  0.52700000E+03  0.64424251E+00  0.53565790E+00  0.71914810E+00
  0.52800000E+03  0.64550963E+00  0.54010129E+00  0.71899798E+00
  0.52900000E+03  0.64466251E+00  0.53593479E+00  0.71900380E+00
  0.53000000E+03  0.64594005E+00  0.54037763E+00  0.71888081E+00
  0.53100000E+03  0.64508051E+00  0.53622854E+00  0.71887879E+00
  0.53200000E+03  0.64636818E+00  0.54067071E+00  0.71878302E+00
  0.53300000E+03  0.64549508E+00  0.53653771E+00  0.71877200E+00
  0.53400000E+03  0.64680750E+00  0.54097909E+00  0.71870377E+00
  0.53500000E+03  0.64590479E+00  0.53686088E+00  0.71868218E+00
  0.53600000E+03  0.64727855E+00  0.54130132E+00  0.71864202E+00
  0.53700000E+03  0.64630820E+00  0.53719660E+00  0.71860794E+00
  0.53800000E+03  0.64774290E+00  0.54163600E+00  0.71859662E+00
  0.53900000E+03  0.64680418E+00  0.53754346E+00  0.71854777E+00
  0.54000000E+03  0.64830137E+00  0.54198171E+00  0.71856623E+00
  0.54100000E+03  0.64729261E+00  0.53790007E+00  0.71850003E+00
  0.54200000E+03  0.64885818E+00  0.54233707E+00  0.71854940E+00
  0.54300000E+03  0.64776919E+00  0.53826509E+00  0.71846298E+00
  0.54400000E+03  0.64940374E+00  0.54270075E+00  0.71854457E+00
  0.54500000E+03  0.64823262E+00  0.53863722E+00  0.71843478E+00
  0.54600000E+03  0.64993669E+00  0.54307146E+00  0.71855005E+00
  0.54700000E+03  0.64868165E+00  0.53901521E+00  0.71841353E+00
  0.54800000E+03  0.65045571E+00  0.54344796E+00  0.71856407E+00
  0.54900000E+03  0.64911511E+00  0.53939786E+00  0.71839725E+00
  0.55000000E+03  0.65095960E+00  0.54382908E+00  0.71858477E+00
  0.55100000E+03  0.64957624E+00  0.53978406E+00  0.71838393E+00
  0.55200000E+03  0.65153719E+00  0.54421370E+00  0.71861026E+00
  0.55300000E+03  0.65008267E+00  0.54017274E+00  0.71837152E+00
  0.55400000E+03  0.65210500E+00  0.54460079E+00  0.71863856E+00
  0.55500000E+03  0.65057016E+00  0.54056294E+00  0.71835797E+00
  0.55600000E+03  0.65265311E+00  0.54498938E+00  0.71866767E+00
  0.55700000E+03  0.65103785E+00  0.54095375E+00  0.71834121E+00
  0.55800000E+03  0.65318063E+00  0.54537858E+00  0.71869559E+00
  0.55900000E+03  0.65148499E+00  0.54134435E+00  0.71831919E+00
  0.56000000E+03  0.65368681E+00  0.54576757E+00  0.71872028E+00
  0.56100000E+03  0.65191092E+00  0.54173400E+00  0.71828989E+00
  0.56200000E+03  0.65417099E+00  0.54615564E+00  0.71873974E+00
  0.56300000E+03  0.65231510E+00  0.54212204E+00  0.71825133E+00
  0.56400000E+03  0.65472465E+00  0.54654213E+00  0.71875198E+00
  0.56500000E+03  0.65275299E+00  0.54250791E+00  0.71820159E+00
  0.56600000E+03  0.65526685E+00  0.54692647E+00  0.71875503E+00
  0.56700000E+03  0.65320595E+00  0.54289110E+00  0.71813880E+00
  0.56800000E+03  0.65578521E+00  0.54730819E+00  0.71874701E+00
  0.56900000E+03  0.65363472E+00  0.54327120E+00  0.71806118E+00
  0.57000000E+03  0.65627945E+00  0.54768687E+00  0.71986266E+00
  0.57100000E+03  0.65403916E+00  0.54364789E+00  0.71796704E+00
  0.57200000E+03  0.65674943E+00  0.54806218E+00  0.72185475E+00
  0.57300000E+03  0.65441923E+00  0.54402090E+00  0.71872907E+00
  0.57400000E+03  0.65719510E+00  0.54843386E+00  0.72388513E+00
  0.57500000E+03  0.65480778E+00  0.54439004E+00  0.72061167E+00
  0.57600000E+03  0.65761652E+00  0.54880174E+00  0.72595250E+00
  0.57700000E+03  0.65523919E+00  0.54475521E+00  0.72253479E+00
  0.57800000E+03  0.65801385E+00  0.54916568E+00  0.72805556E+00
  0.57900000E+03  0.65564605E+00  0.54511635E+00  0.72449721E+00
  0.58000000E+03  0.65847660E+00  0.54952565E+00  0.73019305E+00
  0.58100000E+03  0.65602865E+00  0.54547347E+00  0.72649771E+00
  0.58200000E+03  0.65891454E+00  0.54988164E+00  0.73236369E+00
  0.58300000E+03  0.65638736E+00  0.54582664E+00  0.72853507E+00
  0.58400000E+03  0.65932785E+00  0.55023371E+00  0.73456624E+00
  0.58500000E+03  0.65672265E+00  0.54617597E+00  0.73060809E+00
  0.58600000E+03  0.65971702E+00  0.55058199E+00  0.73679944E+00
  0.58700000E+03  0.65703504E+00  0.54652163E+00  0.73295908E+00
  0.58800000E+03  0.66015081E+00  0.55092661E+00  0.73906204E+00
  0.58900000E+03  0.65732514E+00  0.54686383E+00  0.73535449E+00
  0.59000000E+03  0.66058821E+00  0.55126779E+00  0.74135278E+00
  0.59100000E+03  0.65759360E+00  0.54720280E+00  0.73777259E+00
  0.59200000E+03  0.66100248E+00  0.55160574E+00  0.74367040E+00
  0.59300000E+03  0.65784854E+00  0.54753883E+00  0.74021206E+00
  0.59400000E+03  0.66139429E+00  0.55194074E+00  0.74601364E+00
  0.59500000E+03  0.65815953E+00  0.54787220E+00  0.74267160E+00
  0.59600000E+03  0.66176439E+00  0.55227306E+00  0.74838122E+00
  0.59700000E+03  0.65844950E+00  0.54820323E+00  0.74514986E+00
  0.59800000E+03  0.66211357E+00  0.55260303E+00  0.75077182E+00
  0.59900000E+03  0.65872068E+00  0.54853227E+00  0.74764548E+00
  0.60000000E+03  0.66244263E+00  0.55293095E+00  0.75318415E+00
  0.60100000E+03  0.65906118E+00  0.54885966E+00  0.75015711E+00
  0.60200000E+03  0.66275242E+00  0.55325716E+00  0.75561686E+00
  0.60300000E+03  0.65938219E+00  0.54918575E+00  0.75268334E+00
  0.60400000E+03  0.66304380E+00  0.55358201E+00  0.75806860E+00
  0.60500000E+03  0.65968452E+00  0.54951089E+00  0.75522277E+00
  0.60600000E+03  0.66331767E+00  0.55390583E+00  0.76053799E+00
  0.60700000E+03  0.65996900E+00  0.54983544E+00  0.75777397E+00
  0.60800000E+03  0.66357492E+00  0.55422896E+00  0.76302363E+00
  0.60900000E+03  0.66023647E+00  0.55015975E+00  0.76033549E+00
  0.61000000E+03  0.66387598E+00  0.55455173E+00  0.76552410E+00
  0.61100000E+03  0.66048776E+00  0.55048414E+00  0.76290585E+00
  0.61200000E+03  0.66419523E+00  0.55487447E+00  0.76803795E+00
  0.61300000E+03  0.66072372E+00  0.55080894E+00  0.76548356E+00
  0.61400000E+03  0.66456619E+00  0.55519750E+00  0.77056371E+00
  0.61500000E+03  0.66094516E+00  0.55113446E+00  0.76806711E+00
  0.61600000E+03  0.66492128E+00  0.55552110E+00  0.77309988E+00
  0.61700000E+03  0.66115288E+00  0.55146100E+00  0.77065498E+00
  0.61800000E+03  0.66526131E+00  0.55584556E+00  0.77564497E+00
  0.61900000E+03  0.66134768E+00  0.55178882E+00  0.77324564E+00
  0.62000000E+03  0.66558709E+00  0.55617114E+00  0.77819743E+00
  0.62100000E+03  0.66153032E+00  0.55211816E+00  0.77583753E+00
  0.62200000E+03  0.66589940E+00  0.55649807E+00  0.78075573E+00
  0.62300000E+03  0.66170155E+00  0.55244926E+00  0.77842909E+00
  0.62400000E+03  0.66619900E+00  0.55682658E+00  0.78331831E+00
  0.62500000E+03  0.66188092E+00  0.55278232E+00  0.78101878E+00
  0.62600000E+03  0.66648662E+00  0.55715686E+00  0.78588359E+00
  0.62700000E+03  0.66217184E+00  0.55311750E+00  0.78360501E+00
  0.62800000E+03  0.66676297E+00  0.55748908E+00  0.78845001E+00
  0.62900000E+03  0.66245775E+00  0.55345497E+00  0.78618624E+00
  0.63000000E+03  0.66702873E+00  0.55782338E+00  0.79101599E+00
  0.63100000E+03  0.66273210E+00  0.55379484E+00  0.78876092E+00
  0.63200000E+03  0.66728454E+00  0.55815988E+00  0.79357995E+00
  0.63300000E+03  0.66299546E+00  0.55413721E+00  0.79132750E+00
  0.63400000E+03  0.66753101E+00  0.55849868E+00  0.79614032E+00
  0.63500000E+03  0.66324837E+00  0.55448216E+00  0.79388447E+00
  0.63600000E+03  0.66776873E+00  0.55883986E+00  0.79869555E+00
  0.63700000E+03  0.66349135E+00  0.55482974E+00  0.79643033E+00
  0.63800000E+03  0.66800630E+00  0.55918345E+00  0.80124408E+00
  0.63900000E+03  0.66372487E+00  0.55517997E+00  0.79896358E+00
  0.64000000E+03  0.66830160E+00  0.55952950E+00  0.80378439E+00
  0.64100000E+03  0.66394938E+00  0.55553287E+00  0.80148281E+00
  0.64200000E+03  0.66858884E+00  0.55987800E+00  0.80631497E+00
  0.64300000E+03  0.66416531E+00  0.55588840E+00  0.80398658E+00
  0.64400000E+03  0.66888081E+00  0.56022895E+00  0.80883436E+00
  0.64500000E+03  0.66437304E+00  0.55624655E+00  0.80647353E+00
  0.64600000E+03  0.66921163E+00  0.56058231E+00  0.81134110E+00
  0.64700000E+03  0.66457293E+00  0.55660726E+00  0.80894234E+00
  0.64800000E+03  0.66953384E+00  0.56093803E+00  0.81383379E+00
  0.64900000E+03  0.66476531E+00  0.55697046E+00  0.81139172E+00
  0.65000000E+03  0.66984782E+00  0.56129606E+00  0.81631107E+00
  0.65100000E+03  0.66495048E+00  0.55733607E+00  0.81382045E+00
  0.65200000E+03  0.67015392E+00  0.56165633E+00  0.81877162E+00
  0.65300000E+03  0.66518481E+00  0.55770400E+00  0.81622735E+00
  0.65400000E+03  0.67045246E+00  0.56201873E+00  0.82121417E+00
  0.65500000E+03  0.66542456E+00  0.55807414E+00  0.81861132E+00
  0.65600000E+03  0.67074372E+00  0.56238319E+00  0.82363751E+00
  0.65700000E+03  0.66565718E+00  0.55844640E+00  0.82097131E+00
  0.65800000E+03  0.67102800E+00  0.56274959E+00  0.82604048E+00
  0.65900000E+03  0.66588293E+00  0.55882065E+00  0.82330634E+00
  0.66000000E+03  0.67130554E+00  0.56311784E+00  0.82842199E+00
  0.66100000E+03  0.66610202E+00  0.55919677E+00  0.82561548E+00
  0.66200000E+03  0.67157658E+00  0.56348782E+00  0.83078101E+00
  0.66300000E+03  0.66631463E+00  0.55957464E+00  0.82789791E+00
  0.66400000E+03  0.67184133E+00  0.56385942E+00  0.83311658E+00
  0.66500000E+03  0.66653565E+00  0.55995415E+00  0.83015284E+00
  0.66600000E+03  0.67212505E+00  0.56423253E+00  0.83542779E+00
  0.66700000E+03  0.66678337E+00  0.56033516E+00  0.83237959E+00
  0.66800000E+03  0.67250067E+00  0.56460703E+00  0.83771384E+00
  0.66900000E+03  0.66702358E+00  0.56071757E+00  0.83457753E+00
  0.67000000E+03  0.67288141E+00  0.56498281E+00  0.83997396E+00
  0.67100000E+03  0.66725644E+00  0.56110127E+00  0.83674613E+00
  0.67200000E+03  0.67325604E+00  0.56535978E+00  0.84220748E+00
  0.67300000E+03  0.66748214E+00  0.56148614E+00  0.83888490E+00
  0.67400000E+03  0.67362467E+00  0.56573784E+00  0.84441380E+00
  0.67500000E+03  0.66770083E+00  0.56187208E+00  0.84099346E+00
  0.67600000E+03  0.67398741E+00  0.56611688E+00  0.84659239E+00
  0.67700000E+03  0.66794283E+00  0.56225900E+00  0.84307150E+00
  0.67800000E+03  0.67434436E+00  0.56649683E+00  0.84874281E+00
  0.67900000E+03  0.66822987E+00  0.56264682E+00  0.84511878E+00
  0.68000000E+03  0.67469561E+00  0.56687760E+00  0.85086467E+00
  0.68100000E+03  0.66856551E+00  0.56303547E+00  0.84713513E+00
  0.68200000E+03  0.67504124E+00  0.56725914E+00  0.85295768E+00
  0.68300000E+03  0.66890229E+00  0.56342487E+00  0.84912045E+00
  0.68400000E+03  0.67538132E+00  0.56764137E+00  0.85502160E+00
  0.68500000E+03  0.66923301E+00  0.56381498E+00  0.85107472E+00
  0.68600000E+03  0.67571593E+00  0.56802425E+00  0.85705628E+00
  0.68700000E+03  0.66955778E+00  0.56420574E+00  0.85299798E+00
  0.68800000E+03  0.67604513E+00  0.56840773E+00  0.85906164E+00
  0.68900000E+03  0.66987671E+00  0.56459712E+00  0.85489035E+00
  0.69000000E+03  0.67636898E+00  0.56879178E+00  0.86103765E+00
  0.69100000E+03  0.67018991E+00  0.56498909E+00  0.85675200E+00
  0.69200000E+03  0.67668753E+00  0.56917637E+00  0.86298437E+00
  0.69300000E+03  0.67049746E+00  0.56538165E+00  0.85858315E+00
  0.69400000E+03  0.67702401E+00  0.56956150E+00  0.86490189E+00
  0.69500000E+03  0.67079948E+00  0.56577478E+00  0.86038409E+00
  0.69600000E+03  0.67739200E+00  0.56994715E+00  0.86679040E+00
  0.69700000E+03  0.67109604E+00  0.56616848E+00  0.86215517E+00
  0.69800000E+03  0.67775472E+00  0.57033332E+00  0.86865010E+00
  0.69900000E+03  0.67138726E+00  0.56656276E+00  0.86406878E+00
  0.70000000E+03  0.67811225E+00  0.57072002E+00  0.87048129E+00
  0.70100000E+03  0.67167320E+00  0.56695764E+00  0.86598020E+00
  0.70200000E+03  0.67846464E+00  0.57110725E+00  0.87228430E+00
  0.70300000E+03  0.67195504E+00  0.56735313E+00  0.86786453E+00
  0.70400000E+03  0.67881193E+00  0.57149505E+00  0.87405948E+00
  0.70500000E+03  0.67229289E+00  0.56774928E+00  0.86972204E+00
  0.70600000E+03  0.67915416E+00  0.57188342E+00  0.87580727E+00
  0.70700000E+03  0.67262663E+00  0.56814610E+00  0.87155306E+00
  0.70800000E+03  0.67949137E+00  0.57227238E+00  0.87752811E+00
  0.70900000E+03  0.67301415E+00  0.56854363E+00  0.87335793E+00
  0.71000000E+03  0.67982359E+00  0.57266197E+00  0.87922248E+00
  0.71100000E+03  0.67339864E+00  0.56894190E+00  0.87513706E+00
  0.71200000E+03  0.68015082E+00  0.57305222E+00  0.88089091E+00
  0.71300000E+03  0.67377913E+00  0.56934095E+00  0.87689087E+00
  0.71400000E+03  0.68047308E+00  0.57344313E+00  0.88253394E+00
  0.71500000E+03  0.67415561E+00  0.56974082E+00  0.87861983E+00
  0.71600000E+03  0.68079036E+00  0.57383475E+00  0.88415213E+00
  0.71700000E+03  0.67452809E+00  0.57014152E+00  0.88032443E+00
  0.71800000E+03  0.68110267E+00  0.57422708E+00  0.88574606E+00
  0.71900000E+03  0.67489658E+00  0.57054310E+00  0.88200518E+00
  0.72000000E+03  0.68140998E+00  0.57462014E+00  0.88731632E+00
  0.72100000E+03  0.67526104E+00  0.57094558E+00  0.88366261E+00
  0.72200000E+03  0.68175525E+00  0.57501395E+00  0.88886352E+00
  0.72300000E+03  0.67562145E+00  0.57134897E+00  0.88529727E+00
  0.72400000E+03  0.68211098E+00  0.57540851E+00  0.89038826E+00
  0.72500000E+03  0.67597777E+00  0.57175328E+00  0.88690971E+00
  0.72600000E+03  0.68246171E+00  0.57580382E+00  0.89189115E+00
  0.72700000E+03  0.67632995E+00  0.57215852E+00  0.88850051E+00
  0.72800000E+03  0.68280739E+00  0.57619985E+00  0.89337281E+00
  0.72900000E+03  0.67667790E+00  0.57256469E+00  0.89007022E+00
  0.73000000E+03  0.68314795E+00  0.57659661E+00  0.89483383E+00
  0.73100000E+03  0.67702156E+00  0.57297176E+00  0.89161943E+00
  0.73200000E+03  0.68348330E+00  0.57699405E+00  0.89627481E+00
  0.73300000E+03  0.67736083E+00  0.57337971E+00  0.89314868E+00
  0.73400000E+03  0.68381334E+00  0.57739213E+00  0.89769632E+00
  0.73500000E+03  0.67773566E+00  0.57378851E+00  0.89465855E+00
  0.73600000E+03  0.68413795E+00  0.57779080E+00  0.89909895E+00
  0.73700000E+03  0.67812419E+00  0.57419810E+00  0.89614958E+00
  0.73800000E+03  0.68445701E+00  0.57818999E+00  0.90048323E+00
  0.73900000E+03  0.67850815E+00  0.57460842E+00  0.89762231E+00
  0.74000000E+03  0.68477037E+00  0.57858964E+00  0.90184971E+00
  0.74100000E+03  0.67888737E+00  0.57501940E+00  0.89907726E+00
  0.74200000E+03  0.68507787E+00  0.57898964E+00  0.90319888E+00
  0.74300000E+03  0.67926168E+00  0.57543095E+00  0.90051494E+00
  0.74400000E+03  0.68537935E+00  0.57938990E+00  0.90453123E+00
  0.74500000E+03  0.67963092E+00  0.57584297E+00  0.90193582E+00
  0.74600000E+03  0.68567461E+00  0.57979030E+00  0.90584722E+00
  0.74700000E+03  0.67999487E+00  0.57625535E+00  0.90334037E+00
  0.74800000E+03  0.68601326E+00  0.58019071E+00  0.90714729E+00
  0.74900000E+03  0.68035333E+00  0.57666795E+00  0.90472904E+00
  0.75000000E+03  0.68635387E+00  0.58059099E+00  0.90843184E+00
  0.75100000E+03  0.68070609E+00  0.57708063E+00  0.90610223E+00
  0.75200000E+03  0.68668783E+00  0.58099099E+00  0.90970123E+00
  0.75300000E+03  0.68105290E+00  0.57749324E+00  0.90746034E+00
  0.75400000E+03  0.68701490E+00  0.58139053E+00  0.91095582E+00
  0.75500000E+03  0.68139351E+00  0.57790562E+00  0.90880371E+00
  0.75600000E+03  0.68733482E+00  0.58178943E+00  0.91219591E+00
  0.75700000E+03  0.68172768E+00  0.57831757E+00  0.91013268E+00
  0.75800000E+03  0.68764733E+00  0.58218751E+00  0.91342178E+00
  0.75900000E+03  0.68206926E+00  0.57872892E+00  0.91144756E+00
  0.76000000E+03  0.68795215E+00  0.58258457E+00  0.91463368E+00
  0.76100000E+03  0.68244790E+00  0.57913945E+00  0.91274861E+00
  0.76200000E+03  0.68824901E+00  0.58298038E+00  0.91583183E+00
  0.76300000E+03  0.68281946E+00  0.57954895E+00  0.91403607E+00
  0.76400000E+03  0.68853761E+00  0.58337473E+00  0.91701641E+00
  0.76500000E+03  0.68318364E+00  0.57995720E+00  0.91531014E+00
  0.76600000E+03  0.68881766E+00  0.58376738E+00  0.91818756E+00
  0.76700000E+03  0.68354013E+00  0.58036396E+00  0.91657102E+00
  0.76800000E+03  0.68908886E+00  0.58415809E+00  0.91934541E+00
  0.76900000E+03  0.68388862E+00  0.58076900E+00  0.91781884E+00
  0.77000000E+03  0.68935091E+00  0.58454661E+00  0.92049005E+00
  0.77100000E+03  0.68422881E+00  0.58117206E+00  0.91905372E+00
  0.77200000E+03  0.68965258E+00  0.58493270E+00  0.92162153E+00
  0.77300000E+03  0.68456037E+00  0.58157290E+00  0.92027575E+00
  0.77400000E+03  0.68995345E+00  0.58531608E+00  0.92273988E+00
  0.77500000E+03  0.68488298E+00  0.58197124E+00  0.92148498E+00
  0.77600000E+03  0.69024439E+00  0.58569650E+00  0.92384510E+00
  0.77700000E+03  0.68519634E+00  0.58236683E+00  0.92268145E+00
  0.77800000E+03  0.69052510E+00  0.58607368E+00  0.92493716E+00
  0.77900000E+03  0.68550013E+00  0.58275941E+00  0.92386515E+00
  0.78000000E+03  0.69079524E+00  0.58644735E+00  0.92601601E+00
  0.78100000E+03  0.68579403E+00  0.58314868E+00  0.92503607E+00
  0.78200000E+03  0.69105450E+00  0.58681725E+00  0.92708157E+00
  0.78300000E+03  0.68611599E+00  0.58353440E+00  0.92619413E+00
  0.78400000E+03  0.69130256E+00  0.58718310E+00  0.92813374E+00
  0.78500000E+03  0.68644688E+00  0.58391628E+00  0.92733928E+00
  0.78600000E+03  0.69153912E+00  0.58754463E+00  0.92917238E+00
  0.78700000E+03  0.68676712E+00  0.58429406E+00  0.92847141E+00
  0.78800000E+03  0.69176389E+00  0.58790156E+00  0.93019736E+00
  0.78900000E+03  0.68707641E+00  0.58466747E+00  0.92959039E+00
  0.79000000E+03  0.69197656E+00  0.58825364E+00  0.93120849E+00
  0.79100000E+03  0.68737445E+00  0.58503624E+00  0.93069608E+00
  0.79200000E+03  0.69217687E+00  0.58860059E+00  0.93220561E+00
  0.79300000E+03  0.68766097E+00  0.58540011E+00  0.93178832E+00
  0.79400000E+03  0.69240388E+00  0.58894215E+00  0.93318849E+00
  0.79500000E+03  0.68793570E+00  0.58575883E+00  0.93286692E+00
  0.79600000E+03  0.69263580E+00  0.58927808E+00  0.93415693E+00
  0.79700000E+03  0.68819836E+00  0.58611214E+00  0.93393168E+00
  0.79800000E+03  0.69285469E+00  0.58960812E+00  0.93511069E+00
  0.79900000E+03  0.68844872E+00  0.58645979E+00  0.93498238E+00
  0.80000000E+03  0.69306029E+00  0.58993203E+00  0.93604952E+00
  0.80100000E+03  0.68868655E+00  0.58680156E+00  0.93601880E+00
  0.80200000E+03  0.69325237E+00  0.59024958E+00  0.93697316E+00
  0.80300000E+03  0.68891162E+00  0.58713721E+00  0.93704069E+00
  0.80400000E+03  0.69343070E+00  0.59056055E+00  0.93788135E+00
  0.80500000E+03  0.68917572E+00  0.58746651E+00  0.93804779E+00
  0.80600000E+03  0.69359510E+00  0.59086471E+00  0.93877380E+00
  0.80700000E+03  0.68943122E+00  0.58778926E+00  0.93903983E+00
  0.80800000E+03  0.69374537E+00  0.59116186E+00  0.93965024E+00
  0.80900000E+03  0.68967349E+00  0.58810526E+00  0.94001654E+00
  0.81000000E+03  0.69388134E+00  0.59145181E+00  0.94051037E+00
  0.81100000E+03  0.68990236E+00  0.58841431E+00  0.94097763E+00
  0.81200000E+03  0.69400286E+00  0.59173437E+00  0.94135390E+00
  0.81300000E+03  0.69011768E+00  0.58871623E+00  0.94192281E+00
  0.81400000E+03  0.69412982E+00  0.59200935E+00  0.94218051E+00
  0.81500000E+03  0.69031930E+00  0.58901085E+00  0.94285177E+00
  0.81600000E+03  0.69427777E+00  0.59227661E+00  0.94298992E+00
  0.81700000E+03  0.69050711E+00  0.58929802E+00  0.94376422E+00
  0.81800000E+03  0.69441100E+00  0.59253599E+00  0.94378182E+00
  0.81900000E+03  0.69068102E+00  0.58957757E+00  0.94465985E+00
  0.82000000E+03  0.69452940E+00  0.59278735E+00  0.94455590E+00
  0.82100000E+03  0.69084095E+00  0.58984938E+00  0.94553835E+00
  0.82200000E+03  0.69463291E+00  0.59303055E+00  0.94531185E+00
  0.82300000E+03  0.69098734E+00  0.59011333E+00  0.94639940E+00
  0.82400000E+03  0.69472146E+00  0.59326548E+00  0.94604938E+00
  0.82500000E+03  0.69117395E+00  0.59036929E+00  0.94724271E+00
  0.82600000E+03  0.69479501E+00  0.59349204E+00  0.94676818E+00
  0.82700000E+03  0.69134650E+00  0.59061717E+00  0.94806794E+00
  0.82800000E+03  0.69487065E+00  0.59371014E+00  0.94746795E+00
  0.82900000E+03  0.69150495E+00  0.59085688E+00  0.94887481E+00
  0.83000000E+03  0.69495432E+00  0.59391969E+00  0.94814841E+00
  0.83100000E+03  0.69164930E+00  0.59108833E+00  0.94966299E+00
  0.83200000E+03  0.69502228E+00  0.59412062E+00  0.94880926E+00
  0.83300000E+03  0.69177956E+00  0.59131148E+00  0.95043219E+00
  0.83400000E+03  0.69512175E+00  0.59431287E+00  0.94945022E+00
  0.83500000E+03  0.69189575E+00  0.59152625E+00  0.95118210E+00
  0.83600000E+03  0.69521230E+00  0.59449641E+00  0.95007101E+00
  0.83700000E+03  0.69199792E+00  0.59173260E+00  0.95191243E+00
  0.83800000E+03  0.69528733E+00  0.59467119E+00  0.95067136E+00
  0.83900000E+03  0.69208613E+00  0.59193051E+00  0.95262288E+00
  0.84000000E+03  0.69534692E+00  0.59483719E+00  0.95125102E+00
  0.84100000E+03  0.69216046E+00  0.59211995E+00  0.95331318E+00
  0.84200000E+03  0.69539117E+00  0.59499439E+00  0.95180973E+00
  0.84300000E+03  0.69227219E+00  0.59230090E+00  0.95398305E+00
  0.84400000E+03  0.69542018E+00  0.59514280E+00  0.95234725E+00
  0.84500000E+03  0.69237188E+00  0.59247337E+00  0.95463221E+00
  0.84600000E+03  0.69543409E+00  0.59528241E+00  0.95286334E+00
  0.84700000E+03  0.69245799E+00  0.59263735E+00  0.95526041E+00
  0.84800000E+03  0.69543303E+00  0.59541325E+00  0.95335778E+00
  0.84900000E+03  0.69253064E+00  0.59279288E+00  0.95586739E+00
  0.85000000E+03  0.69543267E+00  0.59553533E+00  0.95383035E+00
  0.85100000E+03  0.69258995E+00  0.59293996E+00  0.95645292E+00
  0.85200000E+03  0.69545392E+00  0.59564869E+00  0.95428087E+00
  0.85300000E+03  0.69263608E+00  0.59307863E+00  0.95701674E+00
  0.85400000E+03  0.69546071E+00  0.59575338E+00  0.95470913E+00
  0.85500000E+03  0.69266916E+00  0.59320894E+00  0.95755866E+00
  0.85600000E+03  0.69545323E+00  0.59584944E+00  0.95511496E+00
  0.85700000E+03  0.69268936E+00  0.59333092E+00  0.95807844E+00
  0.85800000E+03  0.69543165E+00  0.59593692E+00  0.95549820E+00
  0.85900000E+03  0.69274142E+00  0.59344464E+00  0.95857590E+00
  0.86000000E+03  0.69539619E+00  0.59601590E+00  0.95585871E+00
  0.86100000E+03  0.69278696E+00  0.59355016E+00  0.95905085E+00
  0.86200000E+03  0.69534705E+00  0.59608644E+00  0.95619633E+00
  0.86300000E+03  0.69282016E+00  0.59364755E+00  0.95950311E+00
  0.86400000E+03  0.69528444E+00  0.59614862E+00  0.95651096E+00
  0.86500000E+03  0.69284118E+00  0.59373687E+00  0.95993252E+00
  0.86600000E+03  0.69524467E+00  0.59620252E+00  0.95680249E+00
  0.86700000E+03  0.69285023E+00  0.59381821E+00  0.96033893E+00
  0.86800000E+03  0.69520518E+00  0.59624824E+00  0.95707083E+00
  0.86900000E+03  0.69284750E+00  0.59389165E+00  0.96072222E+00
  0.87000000E+03  0.69515293E+00  0.59628585E+00  0.95731591E+00
  0.87100000E+03  0.69283318E+00  0.59395728E+00  0.96108227E+00
  0.87200000E+03  0.69508812E+00  0.59631546E+00  0.95753766E+00
  0.87300000E+03  0.69284926E+00  0.59401519E+00  0.96141897E+00
  0.87400000E+03  0.69501102E+00  0.59633718E+00  0.95773606E+00
  0.87500000E+03  0.69286052E+00  0.59406548E+00  0.96173224E+00
  0.87600000E+03  0.69492185E+00  0.59635110E+00  0.95791106E+00
  0.87700000E+03  0.69286083E+00  0.59410826E+00  0.96202201E+00
  0.87800000E+03  0.69483572E+00  0.59635734E+00  0.95806268E+00
  0.87900000E+03  0.69285041E+00  0.59414361E+00  0.96228822E+00
  0.88000000E+03  0.69476993E+00  0.59635601E+00  0.95819093E+00
  0.88100000E+03  0.69282946E+00  0.59417166E+00  0.96253085E+00
  0.88200000E+03  0.69469285E+00  0.59634723E+00  0.95829583E+00
  0.88300000E+03  0.69280304E+00  0.59419251E+00  0.96274987E+00
  0.88400000E+03  0.69460472E+00  0.59633111E+00  0.95837743E+00
  0.88500000E+03  0.69280704E+00  0.59420628E+00  0.96294529E+00
  0.88600000E+03  0.69450577E+00  0.59630777E+00  0.95843582E+00
  0.88700000E+03  0.69280120E+00  0.59421307E+00  0.96311712E+00
  0.88800000E+03  0.69440812E+00  0.59627734E+00  0.95847107E+00
  0.88900000E+03  0.69278574E+00  0.59421300E+00  0.96326541E+00
  0.89000000E+03  0.69433216E+00  0.59623995E+00  0.95848329E+00
  0.89100000E+03  0.69276085E+00  0.59420620E+00  0.96339021E+00
  0.89200000E+03  0.69424621E+00  0.59619572E+00  0.95847261E+00
  0.89300000E+03  0.69276269E+00  0.59419278E+00  0.96349160E+00
  0.89400000E+03  0.69415050E+00  0.59614478E+00  0.95843919E+00
  0.89500000E+03  0.69276187E+00  0.59417287E+00  0.96356967E+00
  0.89600000E+03  0.69408193E+00  0.59608726E+00  0.95838320E+00
  0.89700000E+03  0.69277228E+00  0.59414659E+00  0.96362455E+00
  0.89800000E+03  0.69400789E+00  0.59602330E+00  0.95830481E+00
  0.89900000E+03  0.69279257E+00  0.59411406E+00  0.96365637E+00
  0.90000000E+03  0.69392495E+00  0.59595301E+00  0.95820425E+00
  0.90100000E+03  0.69280479E+00  0.59407540E+00  0.96366529E+00
  0.90200000E+03  0.69383331E+00  0.59587655E+00  0.95809565E+00
  0.90300000E+03  0.69280911E+00  0.59403076E+00  0.96365149E+00
  0.90400000E+03  0.69373319E+00  0.59579405E+00  0.95819223E+00
  0.90500000E+03  0.69280567E+00  0.59398024E+00  0.96361516E+00
  0.90600000E+03  0.69362478E+00  0.59570563E+00  0.95826563E+00
  0.90700000E+03  0.69279466E+00  0.59392398E+00  0.96355654E+00
  0.90800000E+03  0.69350831E+00  0.59561144E+00  0.95831601E+00
  0.90900000E+03  0.69277624E+00  0.59386211E+00  0.96347586E+00
  0.91000000E+03  0.69338399E+00  0.59551162E+00  0.95834356E+00
  0.91100000E+03  0.69275058E+00  0.59379475E+00  0.96337338E+00
  0.91200000E+03  0.69325202E+00  0.59540629E+00  0.95834850E+00
  0.91300000E+03  0.69271784E+00  0.59372205E+00  0.96324939E+00
  0.91400000E+03  0.69311261E+00  0.59529561E+00  0.95833104E+00
  0.91500000E+03  0.69267821E+00  0.59364411E+00  0.96310420E+00
  0.91600000E+03  0.69296599E+00  0.59517970E+00  0.95829144E+00
  0.91700000E+03  0.69263184E+00  0.59356109E+00  0.96293811E+00
  0.91800000E+03  0.69281236E+00  0.59505871E+00  0.95822998E+00
  0.91900000E+03  0.69257891E+00  0.59347310E+00  0.96275149E+00
  0.92000000E+03  0.69265193E+00  0.59493277E+00  0.95814695E+00
  0.92100000E+03  0.69251959E+00  0.59338028E+00  0.96254470E+00
  0.92200000E+03  0.69248493E+00  0.59480203E+00  0.95804266E+00
  0.92300000E+03  0.69245407E+00  0.59328275E+00  0.96231812E+00
  0.92400000E+03  0.69231155E+00  0.59466662E+00  0.95791745E+00
  0.92500000E+03  0.69238250E+00  0.59318065E+00  0.96207215E+00
  0.92600000E+03  0.69213201E+00  0.59452668E+00  0.95777167E+00
  0.92700000E+03  0.69230506E+00  0.59307411E+00  0.96180722E+00
  0.92800000E+03  0.69194653E+00  0.59438234E+00  0.95760570E+00
  0.92900000E+03  0.69222193E+00  0.59296326E+00  0.96152377E+00
  0.93000000E+03  0.69175530E+00  0.59423376E+00  0.95741994E+00
  0.93100000E+03  0.69213329E+00  0.59284823E+00  0.96122226E+00
  0.93200000E+03  0.69155855E+00  0.59408106E+00  0.95721479E+00
  0.93300000E+03  0.69203930E+00  0.59272915E+00  0.96090317E+00
  0.93400000E+03  0.69135648E+00  0.59392438E+00  0.95699069E+00
  0.93500000E+03  0.69194014E+00  0.59260614E+00  0.96056698E+00
  0.93600000E+03  0.69114930E+00  0.59376386E+00  0.95674808E+00
  0.93700000E+03  0.69183599E+00  0.59247934E+00  0.96021422E+00
  0.93800000E+03  0.69093722E+00  0.59359964E+00  0.95648745E+00
  0.93900000E+03  0.69172702E+00  0.59234887E+00  0.95984540E+00
  0.94000000E+03  0.69072043E+00  0.59343185E+00  0.95620926E+00
  0.94100000E+03  0.69161341E+00  0.59221487E+00  0.95946106E+00
  0.94200000E+03  0.69049915E+00  0.59326062E+00  0.95591403E+00
  0.94300000E+03  0.69149532E+00  0.59207745E+00  0.95906177E+00
  0.94400000E+03  0.69027358E+00  0.59308609E+00  0.95560226E+00
  0.94500000E+03  0.69137293E+00  0.59193675E+00  0.95864807E+00
  0.94600000E+03  0.69004391E+00  0.59290840E+00  0.95527449E+00
  0.94700000E+03  0.69124641E+00  0.59179289E+00  0.95822057E+00
  0.94800000E+03  0.68981035E+00  0.59272766E+00  0.95493127E+00
  0.94900000E+03  0.69111593E+00  0.59164599E+00  0.95777983E+00
  0.95000000E+03  0.68957309E+00  0.59254403E+00  0.95457314E+00
  0.95100000E+03  0.69098167E+00  0.59149618E+00  0.95732647E+00
  0.95200000E+03  0.68933234E+00  0.59235761E+00  0.95420069E+00
  0.95300000E+03  0.69084379E+00  0.59134357E+00  0.95686110E+00
  0.95400000E+03  0.68908827E+00  0.59216855E+00  0.95381449E+00
  0.95500000E+03  0.69070246E+00  0.59118828E+00  0.95638433E+00
  0.95600000E+03  0.68884108E+00  0.59197696E+00  0.95341514E+00
  0.95700000E+03  0.69055784E+00  0.59103044E+00  0.95589679E+00
  0.95800000E+03  0.68859096E+00  0.59178298E+00  0.95300323E+00
  0.95900000E+03  0.69041010E+00  0.59087016E+00  0.95539911E+00
  0.96000000E+03  0.68833809E+00  0.59158671E+00  0.95257939E+00
  0.96100000E+03  0.69025939E+00  0.59070756E+00  0.95489194E+00
  0.96200000E+03  0.68808265E+00  0.59138829E+00  0.95214422E+00
  0.96300000E+03  0.69010589E+00  0.59054274E+00  0.95437590E+00
  0.96400000E+03  0.68782482E+00  0.59118783E+00  0.95169835E+00
  0.96500000E+03  0.68994974E+00  0.59037582E+00  0.95385166E+00
  0.96600000E+03  0.68756478E+00  0.59098545E+00  0.95124241E+00
  0.96700000E+03  0.68979111E+00  0.59020691E+00  0.95331986E+00
  0.96800000E+03  0.68730270E+00  0.59078126E+00  0.95077703E+00
  0.96900000E+03  0.68963014E+00  0.59003611E+00  0.95278114E+00
  0.97000000E+03  0.68703875E+00  0.59057538E+00  0.95030286E+00
  0.97100000E+03  0.68946698E+00  0.58986352E+00  0.95223617E+00
  0.97200000E+03  0.68677308E+00  0.59036790E+00  0.94982054E+00
  0.97300000E+03  0.68930178E+00  0.58968925E+00  0.95168558E+00
  0.97400000E+03  0.68650587E+00  0.59015894E+00  0.94933070E+00
  0.97500000E+03  0.68913469E+00  0.58951340E+00  0.95113003E+00
  0.97600000E+03  0.68623726E+00  0.58994861E+00  0.94883400E+00
  0.97700000E+03  0.68896584E+00  0.58933607E+00  0.95057016E+00
  0.97800000E+03  0.68596742E+00  0.58973699E+00  0.94833107E+00
  0.97900000E+03  0.68879538E+00  0.58915734E+00  0.95000661E+00
  0.98000000E+03  0.68569649E+00  0.58952420E+00  0.94782255E+00
  0.98100000E+03  0.68862343E+00  0.58897731E+00  0.94944003E+00
  0.98200000E+03  0.68542461E+00  0.58931032E+00  0.94730909E+00
  0.98300000E+03  0.68845013E+00  0.58879606E+00  0.94887103E+00
  0.98400000E+03  0.68515193E+00  0.58909545E+00  0.94679131E+00
  0.98500000E+03  0.68827560E+00  0.58861369E+00  0.94830026E+00
  0.98600000E+03  0.68489876E+00  0.58887967E+00  0.94626986E+00
  0.98700000E+03  0.68809997E+00  0.58843027E+00  0.94772831E+00
  0.98800000E+03  0.68468245E+00  0.58866308E+00  0.94574535E+00
  0.98900000E+03  0.68792336E+00  0.58824588E+00  0.94715581E+00
  0.99000000E+03  0.68446602E+00  0.58844575E+00  0.94521841E+00
  0.99100000E+03  0.68774588E+00  0.58806061E+00  0.94658336E+00
  0.99200000E+03  0.68424958E+00  0.58822777E+00  0.94468964E+00
  0.99300000E+03  0.68756764E+00  0.58787452E+00  0.94601154E+00
  0.99400000E+03  0.68403322E+00  0.58800921E+00  0.94415966E+00
  0.99500000E+03  0.68738876E+00  0.58768768E+00  0.94544093E+00
  0.99600000E+03  0.68381704E+00  0.58779015E+00  0.94362905E+00
  0.99700000E+03  0.68720933E+00  0.58750017E+00  0.94487211E+00
  0.99800000E+03  0.68360113E+00  0.58757065E+00  0.94309841E+00
  0.99900000E+03  0.68702946E+00  0.58731204E+00  0.94430562E+00
  0.10000000E+04  0.68398966E+00  0.58839272E+00  0.93308387E+00
