 # t   L1   L2   Linf
  0.10000000E+01  0.82091385E-01  0.12483905E+00  0.46140448E+00
  0.20000000E+01  0.12735015E+00  0.16204091E+00  0.48525948E+00
  0.30000000E+01  0.16406461E+00  0.18983603E+00  0.49311125E+00
  0.40000000E+01  0.19356158E+00  0.21164935E+00  0.50548921E+00
  0.50000000E+01  0.22097062E+00  0.23057710E+00  0.54656348E+00
  0.60000000E+01  0.24367241E+00  0.24665228E+00  0.57823093E+00
  0.70000000E+01  0.26652388E+00  0.26256768E+00  0.60250883E+00
  0.80000000E+01  0.28466754E+00  0.27506960E+00  0.62348771E+00
  0.90000000E+01  0.30349823E+00  0.28765803E+00  0.64334995E+00
  0.10000000E+02  0.31865457E+00  0.29849522E+00  0.66112827E+00
  0.11000000E+02  0.33511056E+00  0.30959915E+00  0.67544278E+00
  0.12000000E+02  0.34830815E+00  0.31928439E+00  0.68738161E+00
  0.13000000E+02  0.36350499E+00  0.32989230E+00  0.69648099E+00
  0.14000000E+02  0.37451920E+00  0.33801537E+00  0.70521668E+00
  0.15000000E+02  0.38740391E+00  0.34676488E+00  0.71558483E+00
  0.16000000E+02  0.39706057E+00  0.35405676E+00  0.72550916E+00
  0.17000000E+02  0.40875694E+00  0.36217604E+00  0.73319055E+00
  0.18000000E+02  0.41734861E+00  0.36896164E+00  0.73947500E+00
  0.19000000E+02  0.42856650E+00  0.37678210E+00  0.74364585E+00
  0.20000000E+02  0.43566762E+00  0.38243940E+00  0.74814656E+00
  0.21000000E+02  0.44472866E+00  0.38856684E+00  0.75591743E+00
  0.22000000E+02  0.45143936E+00  0.39412458E+00  0.76139261E+00
  0.23000000E+02  0.46007994E+00  0.39999847E+00  0.76606378E+00
  0.24000000E+02  0.46619299E+00  0.40493429E+00  0.76884038E+00
  0.25000000E+02  0.47463488E+00  0.41068340E+00  0.77133388E+00
  0.26000000E+02  0.47912053E+00  0.41460145E+00  0.77383722E+00
  0.27000000E+02  0.48571081E+00  0.41897662E+00  0.77956648E+00
  0.28000000E+02  0.49020236E+00  0.42308108E+00  0.78319092E+00
  0.29000000E+02  0.49697528E+00  0.42746739E+00  0.78611596E+00
  0.30000000E+02  0.50117639E+00  0.43096045E+00  0.78727061E+00
  0.31000000E+02  0.50783555E+00  0.43534663E+00  0.78830212E+00
  0.32000000E+02  0.51060927E+00  0.43801504E+00  0.78976752E+00
  0.33000000E+02  0.51555723E+00  0.44112461E+00  0.79421777E+00
  0.34000000E+02  0.51867891E+00  0.44420491E+00  0.79668642E+00
  0.35000000E+02  0.52392180E+00  0.44753333E+00  0.79849402E+00
  0.36000000E+02  0.52677316E+00  0.44999195E+00  0.79860266E+00
  0.37000000E+02  0.53219882E+00  0.45340975E+00  0.79869922E+00
  0.38000000E+02  0.53377988E+00  0.45518432E+00  0.79961940E+00
  0.39000000E+02  0.53762757E+00  0.45738103E+00  0.80322403E+00
  0.40000000E+02  0.53976800E+00  0.45974662E+00  0.80493745E+00
  0.41000000E+02  0.54403337E+00  0.46232646E+00  0.80600129E+00
  0.42000000E+02  0.54583887E+00  0.46404517E+00  0.80541238E+00
  0.43000000E+02  0.55039831E+00  0.46677675E+00  0.80489410E+00
  0.44000000E+02  0.55118676E+00  0.46791376E+00  0.80553948E+00
  0.45000000E+02  0.55417424E+00  0.46944994E+00  0.80857299E+00
  0.46000000E+02  0.55566866E+00  0.47132142E+00  0.80978407E+00
  0.47000000E+02  0.55928910E+00  0.47337234E+00  0.81034533E+00
  0.48000000E+02  0.56030350E+00  0.47456115E+00  0.80928543E+00
  0.49000000E+02  0.56424703E+00  0.47680600E+00  0.80835881E+00
  0.50000000E+02  0.56447558E+00  0.47748784E+00  0.80887997E+00
  0.51000000E+02  0.56681108E+00  0.47854230E+00  0.81152514E+00
  0.52000000E+02  0.56791438E+00  0.48007513E+00  0.81240047E+00
  0.53000000E+02  0.57106157E+00  0.48175158E+00  0.81262092E+00
  0.54000000E+02  0.57158451E+00  0.48255921E+00  0.81124236E+00
  0.55000000E+02  0.57500934E+00  0.48445739E+00  0.81004453E+00
  0.56000000E+02  0.57482387E+00  0.48481306E+00  0.81052367E+00
  0.57000000E+02  0.57665271E+00  0.48551201E+00  0.81290512E+00
  0.58000000E+02  0.57752744E+00  0.48681489E+00  0.81355665E+00
  0.59000000E+02  0.58033008E+00  0.48822496E+00  0.81354687E+00
  0.60000000E+02  0.58051183E+00  0.48875643E+00  0.81195379E+00
  0.61000000E+02  0.58359163E+00  0.49040596E+00  0.81057702E+00
  0.62000000E+02  0.58304357E+00  0.49052649E+00  0.81105641E+00
  0.63000000E+02  0.58451828E+00  0.49095903E+00  0.81326010E+00
  0.64000000E+02  0.58522429E+00  0.49210773E+00  0.81376380E+00
  0.65000000E+02  0.58777903E+00  0.49332686E+00  0.81360003E+00
  0.66000000E+02  0.58771458E+00  0.49365645E+00  0.81186418E+00
  0.67000000E+02  0.59055926E+00  0.49512589E+00  0.81037096E+00
  0.68000000E+02  0.58970951E+00  0.49507557E+00  0.81086950E+00
  0.69000000E+02  0.59097549E+00  0.49530481E+00  0.81295506E+00
  0.70000000E+02  0.59151669E+00  0.49635203E+00  0.81336264E+00
  0.71000000E+02  0.59389011E+00  0.49743291E+00  0.81309767E+00
  0.72000000E+02  0.59364684E+00  0.49761328E+00  0.81126869E+00
  0.73000000E+02  0.59630871E+00  0.49895067E+00  0.80970140E+00
  0.74000000E+02  0.59522736E+00  0.49877506E+00  0.81022446E+00
  0.75000000E+02  0.59634739E+00  0.49884594E+00  0.81223334E+00
  0.76000000E+02  0.59679382E+00  0.49982835E+00  0.81258005E+00
  0.77000000E+02  0.59900468E+00  0.50080779E+00  0.81225051E+00
  0.78000000E+02  0.59863076E+00  0.50087654E+00  0.81036277E+00
  0.79000000E+02  0.60114675E+00  0.50211561E+00  0.80875010E+00
  0.80000000E+02  0.59988543E+00  0.50184717E+00  0.80929553E+00
  0.81000000E+02  0.60179036E+00  0.50273050E+00  0.81038210E+00
  0.82000000E+02  0.60020422E+00  0.50165079E+00  0.81156636E+00
  0.83000000E+02  0.60336867E+00  0.50363947E+00  0.81119769E+00
  0.84000000E+02  0.60278339E+00  0.50356438E+00  0.81033612E+00
  0.85000000E+02  0.60529293E+00  0.50478750E+00  0.80763631E+00
  0.86000000E+02  0.60391415E+00  0.50444952E+00  0.80819807E+00
  0.87000000E+02  0.60576207E+00  0.50527223E+00  0.80926090E+00
  0.88000000E+02  0.60405051E+00  0.50408392E+00  0.81042044E+00
  0.89000000E+02  0.60715287E+00  0.50606010E+00  0.81003026E+00
  0.90000000E+02  0.60649641E+00  0.50592221E+00  0.80915316E+00
  0.91000000E+02  0.60890579E+00  0.50708541E+00  0.80643740E+00
  0.92000000E+02  0.60748994E+00  0.50669470E+00  0.80700772E+00
  0.93000000E+02  0.60924477E+00  0.50747101E+00  0.80805863E+00
  0.94000000E+02  0.60743149E+00  0.50619246E+00  0.80920654E+00
  0.95000000E+02  0.61051152E+00  0.50816592E+00  0.80880705E+00
  0.96000000E+02  0.60977773E+00  0.50797933E+00  0.80792382E+00
  0.97000000E+02  0.61210070E+00  0.50909488E+00  0.80520274E+00
  0.98000000E+02  0.61067769E+00  0.50866373E+00  0.80577350E+00
  0.99000000E+02  0.61234148E+00  0.50940369E+00  0.80682041E+00
  0.10000000E+03  0.61044455E+00  0.50804893E+00  0.80796575E+00
  0.10100000E+03  0.61351474E+00  0.51002608E+00  0.80756540E+00
  0.10200000E+03  0.61271944E+00  0.50980127E+00  0.80668226E+00
  0.10300000E+03  0.61497016E+00  0.51087798E+00  0.80396319E+00
  0.10400000E+03  0.61356237E+00  0.51041547E+00  0.80452655E+00
  0.10500000E+03  0.61512825E+00  0.51112621E+00  0.80557476E+00
  0.10600000E+03  0.61316165E+00  0.50970615E+00  0.80672380E+00
  0.10700000E+03  0.61622743E+00  0.51169109E+00  0.80632837E+00
  0.10800000E+03  0.61540323E+00  0.51143592E+00  0.80544943E+00
  0.10900000E+03  0.61758044E+00  0.51248020E+00  0.80273734E+00
  0.11000000E+03  0.61618235E+00  0.51199312E+00  0.80328623E+00
  0.11100000E+03  0.61767042E+00  0.51267976E+00  0.80433923E+00
  0.11200000E+03  0.61564530E+00  0.51120301E+00  0.80549626E+00
  0.11300000E+03  0.61870148E+00  0.51319827E+00  0.80510973E+00
  0.11400000E+03  0.61785626E+00  0.51291873E+00  0.80423759E+00
  0.11500000E+03  0.61998520E+00  0.51393530E+00  0.80153586E+00
  0.11600000E+03  0.61858296E+00  0.51342880E+00  0.80206410E+00
  0.11700000E+03  0.62002415E+00  0.51409502E+00  0.80312416E+00
  0.11800000E+03  0.61792758E+00  0.51256851E+00  0.80429211E+00
  0.11900000E+03  0.62097639E+00  0.51457553E+00  0.80391713E+00
  0.12000000E+03  0.62011618E+00  0.51427627E+00  0.80305346E+00
  0.12100000E+03  0.62220206E+00  0.51526862E+00  0.80036434E+00
  0.12200000E+03  0.62079894E+00  0.51474668E+00  0.80086670E+00
  0.12300000E+03  0.62219781E+00  0.51539516E+00  0.80193524E+00
  0.12400000E+03  0.62003894E+00  0.51382455E+00  0.80311606E+00
  0.12500000E+03  0.62308258E+00  0.51584406E+00  0.80275443E+00
  0.12600000E+03  0.62221209E+00  0.51552872E+00  0.80190020E+00
  0.12700000E+03  0.62425897E+00  0.51649950E+00  0.79922516E+00
  0.12800000E+03  0.62285727E+00  0.51596524E+00  0.79969733E+00
  0.12900000E+03  0.62421742E+00  0.51659794E+00  0.80077521E+00
  0.13000000E+03  0.62200390E+00  0.51498792E+00  0.80197019E+00
  0.13100000E+03  0.62504387E+00  0.51702017E+00  0.80162304E+00
  0.13200000E+03  0.62416679E+00  0.51669167E+00  0.80077880E+00
  0.13300000E+03  0.62617790E+00  0.51764292E+00  0.79811874E+00
  0.13400000E+03  0.62477924E+00  0.51709880E+00  0.79855726E+00
  0.13500000E+03  0.62610354E+00  0.51771719E+00  0.79964497E+00
  0.13600000E+03  0.62384186E+00  0.51607171E+00  0.80085491E+00
  0.13700000E+03  0.62687916E+00  0.51811659E+00  0.80052294E+00
  0.13800000E+03  0.62599842E+00  0.51777730E+00  0.79968895E+00
  0.13900000E+03  0.62798413E+00  0.51871063E+00  0.79704440E+00
  0.14000000E+03  0.62658188E+00  0.51815864E+00  0.79744658E+00
  0.14100000E+03  0.62787267E+00  0.51876383E+00  0.79854434E+00
  0.14200000E+03  0.62556840E+00  0.51708625E+00  0.79976969E+00
  0.14300000E+03  0.62860366E+00  0.51914347E+00  0.79945328E+00
  0.14400000E+03  0.62772163E+00  0.51879534E+00  0.79862960E+00
  0.14500000E+03  0.62968644E+00  0.51971201E+00  0.79600082E+00
  0.14600000E+03  0.62827901E+00  0.51915381E+00  0.79636462E+00
  0.14700000E+03  0.62953824E+00  0.51974664E+00  0.79747250E+00
  0.14800000E+03  0.62719620E+00  0.51803985E+00  0.79871348E+00
  0.14900000E+03  0.63022983E+00  0.52010897E+00  0.79841280E+00
  0.15000000E+03  0.62935264E+00  0.51975365E+00  0.79759935E+00
  0.15100000E+03  0.63129248E+00  0.52065469E+00  0.79498640E+00
  0.15200000E+03  0.62989367E+00  0.52009165E+00  0.79531037E+00
  0.15300000E+03  0.63111134E+00  0.52067279E+00  0.79642831E+00
  0.15400000E+03  0.62873577E+00  0.51893930E+00  0.79768497E+00
  0.15500000E+03  0.63176795E+00  0.52101981E+00  0.79740000E+00
  0.15600000E+03  0.63090112E+00  0.52065867E+00  0.79659665E+00
  0.15700000E+03  0.63281209E+00  0.52154495E+00  0.79399945E+00
  0.15800000E+03  0.63142732E+00  0.52097821E+00  0.79428264E+00
  0.15900000E+03  0.63109544E+00  0.52022854E+00  0.79632151E+00
  0.16000000E+03  0.63175988E+00  0.52129252E+00  0.79668276E+00
  0.16100000E+03  0.63322442E+00  0.52188086E+00  0.79641339E+00
  0.16200000E+03  0.63248645E+00  0.52155582E+00  0.79460062E+00
  0.16300000E+03  0.63425353E+00  0.52238802E+00  0.79303831E+00
  0.16400000E+03  0.63288420E+00  0.52181858E+00  0.79328016E+00
  0.16500000E+03  0.63248062E+00  0.52103888E+00  0.79533449E+00
  0.16600000E+03  0.63317320E+00  0.52212150E+00  0.79570547E+00
  0.16700000E+03  0.63461111E+00  0.52269819E+00  0.79545151E+00
  0.16800000E+03  0.63388348E+00  0.52236869E+00  0.79365411E+00
  0.16900000E+03  0.63562384E+00  0.52318833E+00  0.79210143E+00
  0.17000000E+03  0.63427113E+00  0.52261707E+00  0.79230174E+00
  0.17100000E+03  0.63380544E+00  0.52180853E+00  0.79437129E+00
  0.17200000E+03  0.63451977E+00  0.52290968E+00  0.79475177E+00
  0.17300000E+03  0.63593206E+00  0.52347514E+00  0.79451296E+00
  0.17400000E+03  0.63521453E+00  0.52314213E+00  0.79273067E+00
  0.17500000E+03  0.63693952E+00  0.52394970E+00  0.79118736E+00
  0.17600000E+03  0.63559405E+00  0.52337736E+00  0.79134619E+00
  0.17700000E+03  0.63506832E+00  0.52254107E+00  0.79343070E+00
  0.17800000E+03  0.63580514E+00  0.52366059E+00  0.79382046E+00
  0.17900000E+03  0.63719273E+00  0.52421517E+00  0.79359650E+00
  0.18000000E+03  0.63648500E+00  0.52387949E+00  0.79182900E+00
  0.18100000E+03  0.63819949E+00  0.52467543E+00  0.79029479E+00
  0.18200000E+03  0.63685811E+00  0.52410265E+00  0.79041245E+00
  0.18300000E+03  0.63627428E+00  0.52323961E+00  0.79251162E+00
  0.18400000E+03  0.63703420E+00  0.52437727E+00  0.79291039E+00
  0.18500000E+03  0.63839790E+00  0.52492130E+00  0.79270096E+00
  0.18600000E+03  0.63769964E+00  0.52458370E+00  0.79094792E+00
  0.18700000E+03  0.63940358E+00  0.52536839E+00  0.78942255E+00
  0.18800000E+03  0.63806784E+00  0.52479577E+00  0.78949953E+00
  0.18900000E+03  0.63742895E+00  0.52390685E+00  0.79161302E+00
  0.19000000E+03  0.63821122E+00  0.52506242E+00  0.79202057E+00
  0.19100000E+03  0.63955179E+00  0.52559619E+00  0.79182532E+00
  0.19200000E+03  0.63886265E+00  0.52525733E+00  0.79008638E+00
  0.19300000E+03  0.64055597E+00  0.52603114E+00  0.78856959E+00
  0.19400000E+03  0.63922726E+00  0.52545917E+00  0.78860651E+00
  0.19500000E+03  0.63853759E+00  0.52454520E+00  0.79073398E+00
  0.19600000E+03  0.63934000E+00  0.52571841E+00  0.79115005E+00
  0.19700000E+03  0.64065814E+00  0.52624220E+00  0.79096863E+00
  0.19800000E+03  0.63997776E+00  0.52590267E+00  0.78924343E+00
  0.19900000E+03  0.64166040E+00  0.52666593E+00  0.78773496E+00
  0.20000000E+03  0.64033995E+00  0.52609507E+00  0.78773258E+00
  0.20100000E+03  0.63960099E+00  0.52515680E+00  0.78987367E+00
  0.20200000E+03  0.64042392E+00  0.52634737E+00  0.79029801E+00
  0.20300000E+03  0.64172028E+00  0.52686143E+00  0.79013005E+00
  0.20400000E+03  0.64104831E+00  0.52652176E+00  0.78841822E+00
  0.20500000E+03  0.64272021E+00  0.52727477E+00  0.78691782E+00
  0.20600000E+03  0.64140912E+00  0.52670544E+00  0.78687697E+00
  0.20700000E+03  0.64063389E+00  0.52574356E+00  0.78903132E+00
  0.20800000E+03  0.64146604E+00  0.52695120E+00  0.78946370E+00
  0.20900000E+03  0.64274121E+00  0.52745576E+00  0.78930883E+00
  0.21000000E+03  0.64207729E+00  0.52711645E+00  0.78761000E+00
  0.21100000E+03  0.64373842E+00  0.52785949E+00  0.78611742E+00
  0.21200000E+03  0.64243764E+00  0.52729204E+00  0.78603900E+00
  0.21300000E+03  0.64162852E+00  0.52630722E+00  0.78820624E+00
  0.21400000E+03  0.64246909E+00  0.52753162E+00  0.78864642E+00
  0.21500000E+03  0.64372363E+00  0.52802691E+00  0.78850427E+00
  0.21600000E+03  0.64306741E+00  0.52768839E+00  0.78681807E+00
  0.21700000E+03  0.64471774E+00  0.52842173E+00  0.78533308E+00
  0.21800000E+03  0.64342813E+00  0.52785648E+00  0.78521803E+00
  0.21900000E+03  0.64258610E+00  0.52684932E+00  0.78739781E+00
  0.22000000E+03  0.64343554E+00  0.52809018E+00  0.78784555E+00
  0.22100000E+03  0.64466998E+00  0.52857642E+00  0.78771576E+00
  0.22200000E+03  0.64402113E+00  0.52823907E+00  0.78604183E+00
  0.22300000E+03  0.64566063E+00  0.52896297E+00  0.78456418E+00
  0.22400000E+03  0.64438296E+00  0.52840022E+00  0.78441349E+00
  0.22500000E+03  0.64350895E+00  0.52737129E+00  0.78660544E+00
  0.22600000E+03  0.64436766E+00  0.52862829E+00  0.78706051E+00
  0.22700000E+03  0.64558249E+00  0.52910569E+00  0.78694272E+00
  0.22800000E+03  0.64494068E+00  0.52876988E+00  0.78528069E+00
  0.22900000E+03  0.64656935E+00  0.52948457E+00  0.78381017E+00
  0.23000000E+03  0.64530429E+00  0.52892459E+00  0.78362483E+00
  0.23100000E+03  0.64439918E+00  0.52787443E+00  0.78582859E+00
  0.23200000E+03  0.64526749E+00  0.52914725E+00  0.78629078E+00
  0.23300000E+03  0.64646320E+00  0.52961602E+00  0.78618463E+00
  0.23400000E+03  0.64582810E+00  0.52928206E+00  0.78453415E+00
  0.23500000E+03  0.64744595E+00  0.52998777E+00  0.78307054E+00
  0.23600000E+03  0.64619408E+00  0.52943078E+00  0.78285156E+00
  0.23700000E+03  0.64525870E+00  0.52835991E+00  0.78506678E+00
  0.23800000E+03  0.64614314E+00  0.52964825E+00  0.78553587E+00
  0.23900000E+03  0.64731394E+00  0.53010857E+00  0.78544101E+00
  0.24000000E+03  0.64668526E+00  0.52977675E+00  0.78380173E+00
  0.24100000E+03  0.64829229E+00  0.53047371E+00  0.78234482E+00
  0.24200000E+03  0.64705415E+00  0.52991992E+00  0.78209320E+00
  0.24300000E+03  0.64608930E+00  0.52882881E+00  0.78431954E+00
  0.24400000E+03  0.64699507E+00  0.53013236E+00  0.78479533E+00
  0.24500000E+03  0.64813643E+00  0.53058442E+00  0.78471142E+00
  0.24600000E+03  0.64751388E+00  0.53025501E+00  0.78308299E+00
  0.24700000E+03  0.64911011E+00  0.53094342E+00  0.78163257E+00
  0.24800000E+03  0.64788615E+00  0.53039303E+00  0.78134932E+00
  0.24900000E+03  0.64689257E+00  0.52928215E+00  0.78358644E+00
  0.25000000E+03  0.64781965E+00  0.53060059E+00  0.78406872E+00
  0.25100000E+03  0.64893223E+00  0.53104458E+00  0.78399543E+00
  0.25200000E+03  0.64831553E+00  0.53071780E+00  0.78237753E+00
  0.25300000E+03  0.64990100E+00  0.53139787E+00  0.78093341E+00
  0.25400000E+03  0.64869162E+00  0.53085104E+00  0.78061951E+00
  0.25500000E+03  0.64767003E+00  0.52972083E+00  0.78286707E+00
  0.25600000E+03  0.64861834E+00  0.53105386E+00  0.78335566E+00
  0.25700000E+03  0.64970277E+00  0.53148995E+00  0.78329266E+00
  0.25800000E+03  0.64909166E+00  0.53116603E+00  0.78168496E+00
  0.25900000E+03  0.65066641E+00  0.53183794E+00  0.78024695E+00
  0.26000000E+03  0.64947197E+00  0.53129482E+00  0.77990337E+00
  0.26100000E+03  0.64842304E+00  0.53014570E+00  0.78216107E+00
  0.26200000E+03  0.64939248E+00  0.53149302E+00  0.78265576E+00
  0.26300000E+03  0.65044940E+00  0.53192139E+00  0.78260274E+00
  0.26400000E+03  0.64984363E+00  0.53160051E+00  0.78100494E+00
  0.26500000E+03  0.65140770E+00  0.53226445E+00  0.77957285E+00
  0.26600000E+03  0.65022849E+00  0.53172518E+00  0.77920053E+00
  0.26700000E+03  0.64915288E+00  0.53055755E+00  0.78146805E+00
  0.26800000E+03  0.65014335E+00  0.53191886E+00  0.78196867E+00
  0.26900000E+03  0.65117335E+00  0.53233967E+00  0.78192532E+00
  0.27000000E+03  0.65057267E+00  0.53202201E+00  0.78033711E+00
  0.27100000E+03  0.65212611E+00  0.53267817E+00  0.77891077E+00
  0.27200000E+03  0.65096241E+00  0.53214285E+00  0.77851065E+00
  0.27300000E+03  0.64986073E+00  0.53095711E+00  0.78078769E+00
  0.27400000E+03  0.65087210E+00  0.53233212E+00  0.78129406E+00
  0.27500000E+03  0.65187575E+00  0.53274553E+00  0.78126009E+00
  0.27600000E+03  0.65127994E+00  0.53243124E+00  0.77968118E+00
  0.27700000E+03  0.65282627E+00  0.53307978E+00  0.77826041E+00
  0.27800000E+03  0.65167484E+00  0.53254853E+00  0.77783338E+00
  0.27900000E+03  0.65054768E+00  0.53134504E+00  0.78011966E+00
  0.28000000E+03  0.65157981E+00  0.53273346E+00  0.78063161E+00
  0.28100000E+03  0.65255768E+00  0.53313964E+00  0.78060673E+00
  0.28200000E+03  0.65197126E+00  0.53282885E+00  0.77903683E+00
  0.28300000E+03  0.65350878E+00  0.53346996E+00  0.77762148E+00
  0.28400000E+03  0.65236682E+00  0.53294286E+00  0.77716841E+00
  0.28500000E+03  0.65121477E+00  0.53172197E+00  0.77946363E+00
  0.28600000E+03  0.65226749E+00  0.53312354E+00  0.77998100E+00
  0.28700000E+03  0.65322011E+00  0.53352262E+00  0.77996493E+00
  0.28800000E+03  0.65264343E+00  0.53321547E+00  0.77840378E+00
  0.28900000E+03  0.65417185E+00  0.53384929E+00  0.77699368E+00
  0.29000000E+03  0.65303934E+00  0.53332642E+00  0.77651543E+00
  0.29100000E+03  0.65186293E+00  0.53208850E+00  0.77881933E+00
  0.29200000E+03  0.65293607E+00  0.53350292E+00  0.77934195E+00
  0.29300000E+03  0.65386397E+00  0.53389507E+00  0.77933443E+00
  0.29400000E+03  0.65329660E+00  0.53359165E+00  0.77778175E+00
  0.29500000E+03  0.65481639E+00  0.53421835E+00  0.77637675E+00
  0.29600000E+03  0.65369329E+00  0.53369978E+00  0.77587414E+00
  0.29700000E+03  0.65249304E+00  0.53244515E+00  0.77818645E+00
  0.29800000E+03  0.65358643E+00  0.53387216E+00  0.77871418E+00
  0.29900000E+03  0.65449012E+00  0.53425752E+00  0.77871495E+00
  0.30000000E+03  0.65393165E+00  0.53395794E+00  0.77717049E+00
  0.30100000E+03  0.65544326E+00  0.53457766E+00  0.77577044E+00
  0.30200000E+03  0.65432952E+00  0.53406344E+00  0.77524426E+00
  0.30300000E+03  0.65310595E+00  0.53279244E+00  0.77756473E+00
  0.30400000E+03  0.65421939E+00  0.53423177E+00  0.77809742E+00
  0.30500000E+03  0.65509936E+00  0.53461048E+00  0.77810623E+00
  0.30600000E+03  0.65454940E+00  0.53431481E+00  0.77656974E+00
  0.30700000E+03  0.65605326E+00  0.53492772E+00  0.77517451E+00
  0.30800000E+03  0.65494882E+00  0.53441790E+00  0.77462551E+00
  0.30900000E+03  0.65370241E+00  0.53313082E+00  0.77695391E+00
  0.31000000E+03  0.65483572E+00  0.53458223E+00  0.77749140E+00
  0.31100000E+03  0.65569244E+00  0.53495443E+00  0.77750802E+00
  0.31200000E+03  0.65515062E+00  0.53466275E+00  0.77597927E+00
  0.31300000E+03  0.65664713E+00  0.53526897E+00  0.77458871E+00
  0.31400000E+03  0.65555193E+00  0.53476359E+00  0.77401764E+00
  0.31500000E+03  0.65428316E+00  0.53346076E+00  0.77635372E+00
  0.31600000E+03  0.65543613E+00  0.53492398E+00  0.77689589E+00
  0.31700000E+03  0.65627007E+00  0.53528980E+00  0.77692008E+00
  0.31800000E+03  0.65573604E+00  0.53500217E+00  0.77539884E+00
  0.31900000E+03  0.65722557E+00  0.53560185E+00  0.77401282E+00
  0.32000000E+03  0.65613956E+00  0.53510094E+00  0.77342039E+00
  0.32100000E+03  0.65484887E+00  0.53378264E+00  0.77576392E+00
  0.32200000E+03  0.65602130E+00  0.53525744E+00  0.77631065E+00
  0.32300000E+03  0.65683459E+00  0.53561701E+00  0.77634218E+00
  0.32400000E+03  0.65631349E+00  0.53533348E+00  0.77482823E+00
  0.32500000E+03  0.65778925E+00  0.53592675E+00  0.77344663E+00
  0.32600000E+03  0.65671234E+00  0.53543034E+00  0.77283351E+00
  0.32700000E+03  0.65540017E+00  0.53409687E+00  0.77518429E+00
  0.32800000E+03  0.65659185E+00  0.53558299E+00  0.77573543E+00
  0.32900000E+03  0.65739133E+00  0.53593644E+00  0.77577410E+00
  0.33000000E+03  0.65687670E+00  0.53565706E+00  0.77426723E+00
  0.33100000E+03  0.65833877E+00  0.53624406E+00  0.77288992E+00
  0.33200000E+03  0.65727089E+00  0.53575216E+00  0.77225677E+00
  0.33300000E+03  0.65593767E+00  0.53440379E+00  0.77461458E+00
  0.33400000E+03  0.65714839E+00  0.53590101E+00  0.77517002E+00
  0.33500000E+03  0.65793431E+00  0.53624846E+00  0.77521562E+00
  0.33600000E+03  0.65742977E+00  0.53597326E+00  0.77371562E+00
  0.33700000E+03  0.65887471E+00  0.53655411E+00  0.77234249E+00
  0.33800000E+03  0.65781579E+00  0.53606674E+00  0.77168995E+00
  0.33900000E+03  0.65646194E+00  0.53470374E+00  0.77405458E+00
  0.34000000E+03  0.65769147E+00  0.53621184E+00  0.77461420E+00
  0.34100000E+03  0.65846407E+00  0.53655341E+00  0.77466653E+00
  0.34200000E+03  0.65797185E+00  0.53628242E+00  0.77317321E+00
  0.34300000E+03  0.65939763E+00  0.53685724E+00  0.77180415E+00
  0.34400000E+03  0.65834759E+00  0.53637440E+00  0.77113281E+00
  0.34500000E+03  0.65697348E+00  0.53499704E+00  0.77350408E+00
  0.34600000E+03  0.65822163E+00  0.53651578E+00  0.77406776E+00
  0.34700000E+03  0.65898115E+00  0.53685159E+00  0.77412663E+00
  0.34800000E+03  0.65850122E+00  0.53658484E+00  0.77263981E+00
  0.34900000E+03  0.65990803E+00  0.53715376E+00  0.77127470E+00
  0.35000000E+03  0.65886678E+00  0.53667544E+00  0.77058515E+00
  0.35100000E+03  0.65747282E+00  0.53528398E+00  0.77296286E+00
  0.35200000E+03  0.65873935E+00  0.53681315E+00  0.77353050E+00
  0.35300000E+03  0.65948602E+00  0.53714331E+00  0.77359573E+00
  0.35400000E+03  0.65901835E+00  0.53688081E+00  0.77211522E+00
  0.35500000E+03  0.66040640E+00  0.53744394E+00  0.77075396E+00
  0.35600000E+03  0.65937386E+00  0.53697014E+00  0.77004676E+00
  0.35700000E+03  0.65796041E+00  0.53556483E+00  0.77243074E+00
  0.35800000E+03  0.65924510E+00  0.53710422E+00  0.77300223E+00
  0.35900000E+03  0.65997916E+00  0.53742884E+00  0.77307364E+00
  0.36000000E+03  0.65952370E+00  0.53717061E+00  0.77159926E+00
  0.36100000E+03  0.66089320E+00  0.53772806E+00  0.77024176E+00
  0.36200000E+03  0.65986928E+00  0.53725878E+00  0.76951744E+00
  0.36300000E+03  0.65843671E+00  0.53583987E+00  0.77190751E+00
  0.36400000E+03  0.65973934E+00  0.53738927E+00  0.77248275E+00
  0.36500000E+03  0.66046100E+00  0.53770845E+00  0.77256018E+00
  0.36600000E+03  0.66001770E+00  0.53745449E+00  0.77109177E+00
  0.36700000E+03  0.66136886E+00  0.53800637E+00  0.76973791E+00
  0.36800000E+03  0.66035346E+00  0.53754160E+00  0.76899699E+00
  0.36900000E+03  0.65890213E+00  0.53610932E+00  0.77139299E+00
  0.37000000E+03  0.66022248E+00  0.53766853E+00  0.77197188E+00
  0.37100000E+03  0.66093195E+00  0.53798239E+00  0.77205516E+00
  0.37200000E+03  0.66050077E+00  0.53773269E+00  0.77059256E+00
  0.37300000E+03  0.66183378E+00  0.53827911E+00  0.76924226E+00
  0.37400000E+03  0.66082683E+00  0.53781883E+00  0.76848523E+00
  0.37500000E+03  0.65935707E+00  0.53637342E+00  0.77088700E+00
  0.37600000E+03  0.66069492E+00  0.53794224E+00  0.77146945E+00
  0.37700000E+03  0.66139241E+00  0.53825088E+00  0.77155842E+00
  0.37800000E+03  0.66097328E+00  0.53800544E+00  0.77010147E+00
  0.37900000E+03  0.66228836E+00  0.53854651E+00  0.76875465E+00
  0.38000000E+03  0.66128975E+00  0.53809069E+00  0.76798197E+00
  0.38100000E+03  0.65980190E+00  0.53663238E+00  0.77038935E+00
  0.38200000E+03  0.66115703E+00  0.53821063E+00  0.77097528E+00
  0.38300000E+03  0.66184276E+00  0.53851413E+00  0.77106979E+00
  0.38400000E+03  0.66143559E+00  0.53827295E+00  0.76961834E+00
  0.38500000E+03  0.66273634E+00  0.53880877E+00  0.76827490E+00
  0.38600000E+03  0.66174260E+00  0.53835739E+00  0.76748704E+00
  0.38700000E+03  0.66023698E+00  0.53688641E+00  0.76989989E+00
  0.38800000E+03  0.66160918E+00  0.53847389E+00  0.77048919E+00
  0.38900000E+03  0.66228333E+00  0.53877236E+00  0.77058911E+00
  0.39000000E+03  0.66188807E+00  0.53853543E+00  0.76914302E+00
  0.39100000E+03  0.66317736E+00  0.53906609E+00  0.76780287E+00
  0.39200000E+03  0.66218573E+00  0.53861913E+00  0.76700026E+00
  0.39300000E+03  0.66066266E+00  0.53713568E+00  0.76941844E+00
  0.39400000E+03  0.66205169E+00  0.53873221E+00  0.77001104E+00
  0.39500000E+03  0.66271447E+00  0.53902575E+00  0.77011621E+00
  0.39600000E+03  0.66233103E+00  0.53879305E+00  0.76867534E+00
  0.39700000E+03  0.66360906E+00  0.53931865E+00  0.76733842E+00
  0.39800000E+03  0.66261945E+00  0.53887608E+00  0.76652147E+00
  0.39900000E+03  0.66107924E+00  0.53738039E+00  0.76894484E+00
  0.40000000E+03  0.66248489E+00  0.53898580E+00  0.76954065E+00
  0.40100000E+03  0.66313949E+00  0.53927449E+00  0.76965095E+00
  0.40200000E+03  0.66276479E+00  0.53904600E+00  0.76821517E+00
  0.40300000E+03  0.66403174E+00  0.53956663E+00  0.76688139E+00
  0.40400000E+03  0.66304409E+00  0.53912843E+00  0.76605051E+00
  0.40500000E+03  0.66148704E+00  0.53762070E+00  0.76847893E+00
  0.40600000E+03  0.66290909E+00  0.53923480E+00  0.76907789E+00
  0.40700000E+03  0.66356021E+00  0.53951874E+00  0.76919318E+00
  0.40800000E+03  0.66318964E+00  0.53929444E+00  0.76776236E+00
  0.40900000E+03  0.66444571E+00  0.53981019E+00  0.76643164E+00
  0.41000000E+03  0.66345993E+00  0.53937632E+00  0.76558722E+00
  0.41100000E+03  0.66188634E+00  0.53785676E+00  0.76802056E+00
  0.41200000E+03  0.66332457E+00  0.53947939E+00  0.76862259E+00
  0.41300000E+03  0.66397235E+00  0.53975866E+00  0.76874274E+00
  0.41400000E+03  0.66360587E+00  0.53953853E+00  0.76731677E+00
  0.41500000E+03  0.66485123E+00  0.54004949E+00  0.76598904E+00
  0.41600000E+03  0.66386727E+00  0.53961991E+00  0.76513144E+00
  0.41700000E+03  0.66227741E+00  0.53808872E+00  0.76756959E+00
  0.41800000E+03  0.66373162E+00  0.53971972E+00  0.76817461E+00
  0.41900000E+03  0.66437621E+00  0.53999440E+00  0.76829951E+00
  0.42000000E+03  0.66401375E+00  0.53977841E+00  0.76687826E+00
  0.42100000E+03  0.66524858E+00  0.54028468E+00  0.76555345E+00
  0.42200000E+03  0.66426636E+00  0.53985936E+00  0.76468303E+00
  0.42300000E+03  0.66266052E+00  0.53831673E+00  0.76712587E+00
  0.42400000E+03  0.66413049E+00  0.53995593E+00  0.76773381E+00
  0.42500000E+03  0.66477201E+00  0.54022611E+00  0.76786335E+00
  0.42600000E+03  0.66441352E+00  0.54001423E+00  0.76644669E+00
  0.42700000E+03  0.66563800E+00  0.54051588E+00  0.76512475E+00
  0.42800000E+03  0.66465747E+00  0.54009478E+00  0.76424185E+00
  0.42900000E+03  0.66303592E+00  0.53854092E+00  0.76668926E+00
  0.43000000E+03  0.66452143E+00  0.54018816E+00  0.76730005E+00
  0.43100000E+03  0.66516002E+00  0.54045392E+00  0.76743411E+00
  0.43200000E+03  0.66480545E+00  0.54024612E+00  0.76602195E+00
  0.43300000E+03  0.66601974E+00  0.54074324E+00  0.76470280E+00
  0.43400000E+03  0.66504084E+00  0.54032632E+00  0.76380775E+00
  0.43500000E+03  0.66340384E+00  0.53876140E+00  0.76625962E+00
  0.43600000E+03  0.66490469E+00  0.54041653E+00  0.76687320E+00
  0.43700000E+03  0.66554046E+00  0.54067795E+00  0.76701168E+00
  0.43800000E+03  0.66518975E+00  0.54047421E+00  0.76560391E+00
  0.43900000E+03  0.66639402E+00  0.54096687E+00  0.76428748E+00
  0.44000000E+03  0.66541669E+00  0.54055409E+00  0.76338059E+00
  0.44100000E+03  0.66376451E+00  0.53897830E+00  0.76583683E+00
  0.44200000E+03  0.66528048E+00  0.54064117E+00  0.76645313E+00
  0.44300000E+03  0.66591355E+00  0.54089833E+00  0.76659592E+00
  0.44400000E+03  0.66556665E+00  0.54069860E+00  0.76519243E+00
  0.44500000E+03  0.66676107E+00  0.54118688E+00  0.76387867E+00
  0.44600000E+03  0.66578526E+00  0.54077821E+00  0.76296025E+00
  0.44700000E+03  0.66411815E+00  0.53919173E+00  0.76542074E+00
  0.44800000E+03  0.66564904E+00  0.54086219E+00  0.76603971E+00
  0.44900000E+03  0.66627951E+00  0.54111516E+00  0.76618671E+00
  0.45000000E+03  0.66593637E+00  0.54091941E+00  0.76478741E+00
  0.45100000E+03  0.66712108E+00  0.54140340E+00  0.76347625E+00
  0.45200000E+03  0.66614674E+00  0.54099878E+00  0.76254659E+00
  0.45300000E+03  0.66446496E+00  0.53940179E+00  0.76501124E+00
  0.45400000E+03  0.66601056E+00  0.54107970E+00  0.76563281E+00
  0.45500000E+03  0.66663853E+00  0.54132855E+00  0.76578393E+00
  0.45600000E+03  0.66629910E+00  0.54113675E+00  0.76438871E+00
  0.45700000E+03  0.66747427E+00  0.54161651E+00  0.76308011E+00
  0.45800000E+03  0.66650135E+00  0.54121591E+00  0.76213949E+00
  0.45900000E+03  0.66480513E+00  0.53960858E+00  0.76460820E+00
  0.46000000E+03  0.66636525E+00  0.54129380E+00  0.76523232E+00
  0.46100000E+03  0.66699081E+00  0.54153861E+00  0.76538746E+00
  0.46200000E+03  0.66665862E+00  0.54135071E+00  0.76399624E+00
  0.46300000E+03  0.66782082E+00  0.54182632E+00  0.76269014E+00
  0.46400000E+03  0.66684928E+00  0.54142969E+00  0.76173882E+00
  0.46500000E+03  0.66513886E+00  0.53981219E+00  0.76421151E+00
  0.46600000E+03  0.66671328E+00  0.54150459E+00  0.76483812E+00
  0.46700000E+03  0.66733654E+00  0.54174542E+00  0.76499719E+00
  0.46800000E+03  0.66701308E+00  0.54156139E+00  0.76360988E+00
  0.46900000E+03  0.66816092E+00  0.54203292E+00  0.76230622E+00
  0.47000000E+03  0.66719070E+00  0.54164022E+00  0.76134447E+00
  0.47100000E+03  0.66546632E+00  0.54001271E+00  0.76382104E+00
  0.47200000E+03  0.66705486E+00  0.54171215E+00  0.76445009E+00
  0.47300000E+03  0.66767590E+00  0.54194907E+00  0.76461300E+00
  0.47400000E+03  0.66736102E+00  0.54176888E+00  0.76322952E+00
  0.47500000E+03  0.66849474E+00  0.54223639E+00  0.76192825E+00
  0.47600000E+03  0.66752581E+00  0.54184758E+00  0.76095632E+00
  0.47700000E+03  0.66578769E+00  0.54021023E+00  0.76343669E+00
  0.47800000E+03  0.66739014E+00  0.54191658E+00  0.76406813E+00
  0.47900000E+03  0.66800904E+00  0.54214966E+00  0.76423480E+00
  0.48000000E+03  0.66770262E+00  0.54197326E+00  0.76285506E+00
  0.48100000E+03  0.66882244E+00  0.54243682E+00  0.76155613E+00
  0.48200000E+03  0.66785476E+00  0.54205185E+00  0.76057425E+00
  0.48300000E+03  0.66610313E+00  0.54040483E+00  0.76305834E+00
  0.48400000E+03  0.66772113E+00  0.54211796E+00  0.76369212E+00
  0.48500000E+03  0.66833614E+00  0.54234726E+00  0.76386247E+00
  0.48600000E+03  0.66803804E+00  0.54217461E+00  0.76248638E+00
  0.48700000E+03  0.66914419E+00  0.54263429E+00  0.76118974E+00
  0.48800000E+03  0.66818118E+00  0.54225311E+00  0.76019816E+00
  0.48900000E+03  0.66641280E+00  0.54059657E+00  0.76268588E+00
  0.49000000E+03  0.66805112E+00  0.54231636E+00  0.76332195E+00
  0.49100000E+03  0.66865734E+00  0.54254195E+00  0.76349590E+00
  0.49200000E+03  0.66836744E+00  0.54237301E+00  0.76212340E+00
  0.49300000E+03  0.66946014E+00  0.54282888E+00  0.76082901E+00
  0.49400000E+03  0.66850578E+00  0.54245145E+00  0.75982794E+00
  0.49500000E+03  0.66671684E+00  0.54078553E+00  0.76231922E+00
  0.49600000E+03  0.66837522E+00  0.54251186E+00  0.76295753E+00
  0.49700000E+03  0.66897281E+00  0.54273380E+00  0.76313500E+00
  0.49800000E+03  0.66869096E+00  0.54256852E+00  0.76176600E+00
  0.49900000E+03  0.66977045E+00  0.54302064E+00  0.76047381E+00
  0.50000000E+03  0.66882502E+00  0.54264691E+00  0.75946348E+00
  0.50100000E+03  0.66701542E+00  0.54097178E+00  0.76195824E+00
  0.50200000E+03  0.66869359E+00  0.54270453E+00  0.76259875E+00
  0.50300000E+03  0.66928268E+00  0.54292288E+00  0.76277967E+00
  0.50400000E+03  0.66900877E+00  0.54276122E+00  0.76141411E+00
  0.50500000E+03  0.67007524E+00  0.54320965E+00  0.76012407E+00
  0.50600000E+03  0.66913864E+00  0.54283958E+00  0.75910468E+00
  0.50700000E+03  0.66730865E+00  0.54115539E+00  0.76160285E+00
  0.50800000E+03  0.66900637E+00  0.54289443E+00  0.76224551E+00
  0.50900000E+03  0.66958710E+00  0.54310925E+00  0.76242981E+00
  0.51000000E+03  0.66932099E+00  0.54295118E+00  0.76106761E+00
  0.51100000E+03  0.67037466E+00  0.54339598E+00  0.75977968E+00
  0.51200000E+03  0.66944677E+00  0.54302952E+00  0.75875144E+00
  0.51300000E+03  0.66759668E+00  0.54133640E+00  0.76125295E+00
  0.51400000E+03  0.66931370E+00  0.54308163E+00  0.76189772E+00
  0.51500000E+03  0.66988618E+00  0.54329298E+00  0.76208533E+00
  0.51600000E+03  0.66962776E+00  0.54313845E+00  0.76072641E+00
  0.51700000E+03  0.67066883E+00  0.54357968E+00  0.75944056E+00
  0.51800000E+03  0.66974954E+00  0.54321678E+00  0.75840366E+00
  0.51900000E+03  0.66787964E+00  0.54151489E+00  0.76090843E+00
  0.52000000E+03  0.66961570E+00  0.54326619E+00  0.76155528E+00
  0.52100000E+03  0.67018007E+00  0.54347412E+00  0.76174613E+00
  0.52200000E+03  0.66992922E+00  0.54332309E+00  0.76039044E+00
  0.52300000E+03  0.67095789E+00  0.54376081E+00  0.75910662E+00
  0.52400000E+03  0.67004708E+00  0.54340143E+00  0.75806124E+00
  0.52500000E+03  0.66815764E+00  0.54169090E+00  0.76056922E+00
  0.52600000E+03  0.66991250E+00  0.54344817E+00  0.76121809E+00
  0.52700000E+03  0.67046889E+00  0.54365274E+00  0.76141212E+00
  0.52800000E+03  0.67022548E+00  0.54350516E+00  0.76005960E+00
  0.52900000E+03  0.67124195E+00  0.54393943E+00  0.75877777E+00
  0.53000000E+03  0.67033951E+00  0.54358352E+00  0.75772410E+00
  0.53100000E+03  0.66843353E+00  0.54186449E+00  0.76023522E+00
  0.53200000E+03  0.67020422E+00  0.54362762E+00  0.76088608E+00
  0.53300000E+03  0.67075274E+00  0.54382888E+00  0.76108322E+00
  0.53400000E+03  0.67051668E+00  0.54368471E+00  0.75973379E+00
  0.53500000E+03  0.67152114E+00  0.54411558E+00  0.75845392E+00
  0.53600000E+03  0.67062694E+00  0.54376310E+00  0.75739213E+00
  0.53700000E+03  0.66870823E+00  0.54203570E+00  0.75990634E+00
  0.53800000E+03  0.67049097E+00  0.54380459E+00  0.76055915E+00
  0.53900000E+03  0.67103176E+00  0.54400260E+00  0.76075934E+00
  0.54000000E+03  0.67080291E+00  0.54386180E+00  0.75941295E+00
  0.54100000E+03  0.67179556E+00  0.54428932E+00  0.75813500E+00
  0.54200000E+03  0.67090950E+00  0.54394022E+00  0.75706526E+00
  0.54300000E+03  0.66897825E+00  0.54220460E+00  0.75958248E+00
  0.54400000E+03  0.67077287E+00  0.54397913E+00  0.76023721E+00
  0.54500000E+03  0.67130604E+00  0.54417395E+00  0.76044039E+00
  0.54600000E+03  0.67108430E+00  0.54403646E+00  0.75909698E+00
  0.54700000E+03  0.67206532E+00  0.54446070E+00  0.75782091E+00
  0.54800000E+03  0.67118729E+00  0.54411493E+00  0.75674339E+00
  0.54900000E+03  0.66924370E+00  0.54237121E+00  0.75926358E+00
  0.55000000E+03  0.67105003E+00  0.54415130E+00  0.75992018E+00
  0.55100000E+03  0.67157569E+00  0.54434297E+00  0.76012630E+00
  0.55200000E+03  0.67136095E+00  0.54420876E+00  0.75878581E+00
  0.55300000E+03  0.67233053E+00  0.54462976E+00  0.75751158E+00
  0.55400000E+03  0.67146041E+00  0.54428728E+00  0.75642645E+00
  0.55500000E+03  0.66950467E+00  0.54253559E+00  0.75894953E+00
  0.55600000E+03  0.67132255E+00  0.54432113E+00  0.75960797E+00
  0.55700000E+03  0.67184082E+00  0.54450971E+00  0.75981697E+00
  0.55800000E+03  0.67163298E+00  0.54437873E+00  0.75847935E+00
  0.55900000E+03  0.67259128E+00  0.54479655E+00  0.75720693E+00
  0.56000000E+03  0.67172898E+00  0.54445731E+00  0.75611433E+00
  0.56100000E+03  0.66976127E+00  0.54269777E+00  0.75864027E+00
  0.56200000E+03  0.67159053E+00  0.54448868E+00  0.75930052E+00
  0.56300000E+03  0.67210153E+00  0.54467420E+00  0.75951234E+00
  0.56400000E+03  0.67190047E+00  0.54454642E+00  0.75817753E+00
  0.56500000E+03  0.67285069E+00  0.54496110E+00  0.75690689E+00
  0.56600000E+03  0.67199308E+00  0.54462507E+00  0.75580698E+00
  0.56700000E+03  0.67001360E+00  0.54285781E+00  0.75833570E+00
  0.56800000E+03  0.67185407E+00  0.54465398E+00  0.75899773E+00
  0.56900000E+03  0.67235790E+00  0.54483650E+00  0.75921232E+00
  0.57000000E+03  0.67216352E+00  0.54471187E+00  0.75788027E+00
  0.57100000E+03  0.67310665E+00  0.54512346E+00  0.75661138E+00
  0.57200000E+03  0.67225281E+00  0.54479058E+00  0.75550429E+00
  0.57300000E+03  0.67026174E+00  0.54301572E+00  0.75803576E+00
  0.57400000E+03  0.67211326E+00  0.54481706E+00  0.75869953E+00
  0.57500000E+03  0.67261004E+00  0.54499664E+00  0.75891684E+00
  0.57600000E+03  0.67242224E+00  0.54487512E+00  0.75758749E+00
  0.57700000E+03  0.67335836E+00  0.54528365E+00  0.75632032E+00
  0.57800000E+03  0.67250827E+00  0.54495390E+00  0.75520621E+00
  0.57900000E+03  0.67273383E+00  0.54511299E+00  0.75664099E+00
  0.58000000E+03  0.67015772E+00  0.54294616E+00  0.75840585E+00
  0.58100000E+03  0.67286030E+00  0.54515561E+00  0.75862582E+00
  0.58200000E+03  0.67250716E+00  0.54499427E+00  0.75813188E+00
  0.58300000E+03  0.67360580E+00  0.54544168E+00  0.75603364E+00
  0.58400000E+03  0.67275955E+00  0.54511506E+00  0.75491264E+00
  0.58500000E+03  0.67298394E+00  0.54527107E+00  0.75634912E+00
  0.58600000E+03  0.67040548E+00  0.54310277E+00  0.75811660E+00
  0.58700000E+03  0.67310422E+00  0.54531154E+00  0.75833920E+00
  0.58800000E+03  0.67275641E+00  0.54515299E+00  0.75784692E+00
  0.58900000E+03  0.67384926E+00  0.54559765E+00  0.75575128E+00
  0.59000000E+03  0.67300672E+00  0.54527409E+00  0.75462352E+00
  0.59100000E+03  0.67322999E+00  0.54542707E+00  0.75606166E+00
  0.59200000E+03  0.67064922E+00  0.54325733E+00  0.75783172E+00
  0.59300000E+03  0.67334417E+00  0.54546542E+00  0.75805689E+00
  0.59400000E+03  0.67300161E+00  0.54530963E+00  0.75756625E+00
  0.59500000E+03  0.67408877E+00  0.54575159E+00  0.75547316E+00
  0.59600000E+03  0.67324987E+00  0.54543103E+00  0.75433878E+00
  0.59700000E+03  0.67347205E+00  0.54558103E+00  0.75577854E+00
  0.59800000E+03  0.67088901E+00  0.54340988E+00  0.75755114E+00
  0.59900000E+03  0.67358022E+00  0.54561728E+00  0.75777884E+00
  0.60000000E+03  0.67324284E+00  0.54546420E+00  0.75728980E+00
  0.60100000E+03  0.67432440E+00  0.54590351E+00  0.75519921E+00
  0.60200000E+03  0.67348910E+00  0.54558592E+00  0.75405833E+00
  0.60300000E+03  0.67371021E+00  0.54573297E+00  0.75549969E+00
  0.60400000E+03  0.67112493E+00  0.54356044E+00  0.75727478E+00
  0.60500000E+03  0.67381245E+00  0.54576716E+00  0.75750496E+00
  0.60600000E+03  0.67348017E+00  0.54561675E+00  0.75701750E+00
  0.60700000E+03  0.67455622E+00  0.54605346E+00  0.75492938E+00
  0.60800000E+03  0.67372446E+00  0.54573878E+00  0.75378211E+00
  0.60900000E+03  0.67394454E+00  0.54588294E+00  0.75522505E+00
  0.61000000E+03  0.67135707E+00  0.54370905E+00  0.75700259E+00
  0.61100000E+03  0.67404094E+00  0.54591508E+00  0.75723520E+00
  0.61200000E+03  0.67371369E+00  0.54576731E+00  0.75674928E+00
  0.61300000E+03  0.67478430E+00  0.54620145E+00  0.75466358E+00
  0.61400000E+03  0.67395605E+00  0.54588964E+00  0.75351006E+00
  0.61500000E+03  0.67417512E+00  0.54603095E+00  0.75495454E+00
  0.61600000E+03  0.67158549E+00  0.54385573E+00  0.75673448E+00
  0.61700000E+03  0.67426576E+00  0.54606108E+00  0.75696948E+00
  0.61800000E+03  0.67394347E+00  0.54591591E+00  0.75648509E+00
  0.61900000E+03  0.67500873E+00  0.54634753E+00  0.75440176E+00
  0.62000000E+03  0.67418393E+00  0.54603855E+00  0.75324209E+00
  0.62100000E+03  0.67440202E+00  0.54617705E+00  0.75468810E+00
  0.62200000E+03  0.67181027E+00  0.54400052E+00  0.75647040E+00
  0.62300000E+03  0.67448698E+00  0.54620519E+00  0.75670775E+00
  0.62400000E+03  0.67416959E+00  0.54606258E+00  0.75622486E+00
  0.62500000E+03  0.67522956E+00  0.54649171E+00  0.75414386E+00
  0.62600000E+03  0.67440817E+00  0.54618552E+00  0.75297816E+00
  0.62700000E+03  0.67462531E+00  0.54632125E+00  0.75442566E+00
  0.62800000E+03  0.67203148E+00  0.54414344E+00  0.75621027E+00
  0.62900000E+03  0.67470468E+00  0.54634743E+00  0.75644994E+00
  0.63000000E+03  0.67439210E+00  0.54620734E+00  0.75596851E+00
  0.63100000E+03  0.67544688E+00  0.54663403E+00  0.75388981E+00
  0.63200000E+03  0.67462885E+00  0.54633058E+00  0.75271819E+00
  0.63300000E+03  0.67484507E+00  0.54646359E+00  0.75416715E+00
  0.63400000E+03  0.67224918E+00  0.54428452E+00  0.75595405E+00
  0.63500000E+03  0.67491892E+00  0.54648783E+00  0.75619598E+00
  0.63600000E+03  0.67461109E+00  0.54635023E+00  0.75571600E+00
  0.63700000E+03  0.67566074E+00  0.54677451E+00  0.75363955E+00
  0.63800000E+03  0.67484868E+00  0.54647377E+00  0.75246212E+00
  0.63900000E+03  0.67506134E+00  0.54660409E+00  0.75391252E+00
  0.64000000E+03  0.67246344E+00  0.54442379E+00  0.75570166E+00
  0.64100000E+03  0.67512976E+00  0.54662642E+00  0.75594582E+00
  0.64200000E+03  0.67482661E+00  0.54649126E+00  0.75546727E+00
  0.64300000E+03  0.67587122E+00  0.54691318E+00  0.75339303E+00
  0.64400000E+03  0.67506743E+00  0.54661510E+00  0.75220989E+00
  0.64500000E+03  0.67527421E+00  0.54674278E+00  0.75366171E+00
  0.64600000E+03  0.67267432E+00  0.54456127E+00  0.75545304E+00
  0.64700000E+03  0.67533727E+00  0.54676322E+00  0.75569940E+00
  0.64800000E+03  0.67503874E+00  0.54663048E+00  0.75522224E+00
  0.64900000E+03  0.67607837E+00  0.54705007E+00  0.75315018E+00
  0.65000000E+03  0.67528274E+00  0.54675461E+00  0.75196143E+00
  0.65100000E+03  0.67548374E+00  0.54687968E+00  0.75341465E+00
  0.65200000E+03  0.67288190E+00  0.54469698E+00  0.75520814E+00
  0.65300000E+03  0.67554151E+00  0.54689825E+00  0.75545665E+00
  0.65400000E+03  0.67524753E+00  0.54676789E+00  0.75498087E+00
  0.65500000E+03  0.67628226E+00  0.54718519E+00  0.75291094E+00
  0.65600000E+03  0.67549469E+00  0.54689232E+00  0.75171669E+00
  0.65700000E+03  0.67568998E+00  0.54701482E+00  0.75317127E+00
  0.65800000E+03  0.67308622E+00  0.54483095E+00  0.75496690E+00
  0.65900000E+03  0.67574255E+00  0.54703156E+00  0.75521752E+00
  0.66000000E+03  0.67545305E+00  0.54690353E+00  0.75474309E+00
  0.66100000E+03  0.67648295E+00  0.54731858E+00  0.75267527E+00
  0.66200000E+03  0.67570332E+00  0.54702825E+00  0.75147560E+00
  0.66300000E+03  0.67589299E+00  0.54714823E+00  0.75293154E+00
  0.66400000E+03  0.67328735E+00  0.54496320E+00  0.75472925E+00
  0.66500000E+03  0.67594043E+00  0.54716314E+00  0.75498196E+00
  0.66600000E+03  0.67565536E+00  0.54703743E+00  0.75450885E+00
  0.66700000E+03  0.67668050E+00  0.54745025E+00  0.75244310E+00
  0.66800000E+03  0.67590871E+00  0.54716244E+00  0.75123812E+00
  0.66900000E+03  0.67609285E+00  0.54727992E+00  0.75269538E+00
  0.67000000E+03  0.67348535E+00  0.54509376E+00  0.75449515E+00
  0.67100000E+03  0.67613523E+00  0.54729304E+00  0.75474990E+00
  0.67200000E+03  0.67585451E+00  0.54716960E+00  0.75427810E+00
  0.67300000E+03  0.67687496E+00  0.54758023E+00  0.75221438E+00
  0.67400000E+03  0.67611090E+00  0.54729489E+00  0.75100418E+00
  0.67500000E+03  0.67628959E+00  0.54740992E+00  0.75246274E+00
  0.67600000E+03  0.67368027E+00  0.54522265E+00  0.75426453E+00
  0.67700000E+03  0.67632699E+00  0.54742127E+00  0.75452129E+00
  0.67800000E+03  0.67605056E+00  0.54730007E+00  0.75405078E+00
  0.67900000E+03  0.67706639E+00  0.54770854E+00  0.75198906E+00
  0.68000000E+03  0.67630996E+00  0.54742563E+00  0.75077372E+00
  0.68100000E+03  0.67648328E+00  0.54753825E+00  0.75223357E+00
  0.68200000E+03  0.67387216E+00  0.54534989E+00  0.75403734E+00
  0.68300000E+03  0.67651576E+00  0.54754785E+00  0.75429609E+00
  0.68400000E+03  0.67624357E+00  0.54742885E+00  0.75382684E+00
  0.68500000E+03  0.67725484E+00  0.54783521E+00  0.75176708E+00
  0.68600000E+03  0.67650594E+00  0.54755470E+00  0.75054670E+00
  0.68700000E+03  0.67667397E+00  0.54766493E+00  0.75200780E+00
  0.68800000E+03  0.67406448E+00  0.54547550E+00  0.75381353E+00
  0.68900000E+03  0.67670161E+00  0.54767281E+00  0.75407423E+00
  0.69000000E+03  0.67643359E+00  0.54755598E+00  0.75360622E+00
  0.69100000E+03  0.67744037E+00  0.54796025E+00  0.75154840E+00
  0.69200000E+03  0.67669889E+00  0.54768210E+00  0.75032305E+00
  0.69300000E+03  0.67686171E+00  0.54778998E+00  0.75178540E+00
  0.69400000E+03  0.67425404E+00  0.54559950E+00  0.75359305E+00
  0.69500000E+03  0.67688459E+00  0.54779616E+00  0.75385566E+00
  0.69600000E+03  0.67662068E+00  0.54768147E+00  0.75338888E+00
  0.69700000E+03  0.67762303E+00  0.54808368E+00  0.75133296E+00
  0.69800000E+03  0.67688888E+00  0.54780786E+00  0.75010274E+00
  0.69900000E+03  0.67704656E+00  0.54791343E+00  0.75156630E+00
  0.70000000E+03  0.67444069E+00  0.54572191E+00  0.75337584E+00
  0.70100000E+03  0.67706473E+00  0.54791793E+00  0.75364034E+00
  0.70200000E+03  0.67680487E+00  0.54780535E+00  0.75317476E+00
  0.70300000E+03  0.67780287E+00  0.54820553E+00  0.75112071E+00
  0.70400000E+03  0.67707594E+00  0.54793200E+00  0.74988569E+00
  0.70500000E+03  0.67722857E+00  0.54803530E+00  0.75135046E+00
  0.70600000E+03  0.67462448E+00  0.54584276E+00  0.75316186E+00
  0.70700000E+03  0.67724210E+00  0.54803814E+00  0.75342821E+00
  0.70800000E+03  0.67698624E+00  0.54792763E+00  0.75296381E+00
  0.70900000E+03  0.67797994E+00  0.54832582E+00  0.75091160E+00
  0.71000000E+03  0.67726012E+00  0.54805454E+00  0.74967187E+00
  0.71100000E+03  0.67740778E+00  0.54815560E+00  0.75113782E+00
  0.71200000E+03  0.67480544E+00  0.54596206E+00  0.75295105E+00
  0.71300000E+03  0.67741674E+00  0.54815680E+00  0.75321922E+00
  0.71400000E+03  0.67716481E+00  0.54804833E+00  0.75275599E+00
  0.71500000E+03  0.67815428E+00  0.54844456E+00  0.75070559E+00
  0.71600000E+03  0.67744149E+00  0.54817550E+00  0.74946123E+00
  0.71700000E+03  0.67758424E+00  0.54827435E+00  0.75092834E+00
  0.71800000E+03  0.67498364E+00  0.54607982E+00  0.75274337E+00
  0.71900000E+03  0.67758870E+00  0.54827394E+00  0.75301333E+00
  0.72000000E+03  0.67734065E+00  0.54816748E+00  0.75255125E+00
  0.72100000E+03  0.67832595E+00  0.54856177E+00  0.75050263E+00
  0.72200000E+03  0.67762008E+00  0.54829490E+00  0.74925371E+00
  0.72300000E+03  0.67775800E+00  0.54839157E+00  0.75072196E+00
  0.72400000E+03  0.67515912E+00  0.54619608E+00  0.75253876E+00
  0.72500000E+03  0.67775803E+00  0.54838957E+00  0.75281049E+00
  0.72600000E+03  0.67751380E+00  0.54828510E+00  0.75234953E+00
  0.72700000E+03  0.67849498E+00  0.54867747E+00  0.75030266E+00
  0.72800000E+03  0.67779595E+00  0.54841276E+00  0.74904927E+00
  0.72900000E+03  0.67792910E+00  0.54850729E+00  0.75051865E+00
  0.73000000E+03  0.67533192E+00  0.54631084E+00  0.75233719E+00
  0.73100000E+03  0.67792476E+00  0.54850371E+00  0.75261064E+00
  0.73200000E+03  0.67768430E+00  0.54840119E+00  0.75215080E+00
  0.73300000E+03  0.67866143E+00  0.54879169E+00  0.75010566E+00
  0.73400000E+03  0.67796913E+00  0.54852910E+00  0.74884785E+00
  0.73500000E+03  0.67809759E+00  0.54862151E+00  0.75031834E+00
  0.73600000E+03  0.67550209E+00  0.54642413E+00  0.75213859E+00
  0.73700000E+03  0.67808894E+00  0.54861639E+00  0.75241376E+00
  0.73800000E+03  0.67785219E+00  0.54851579E+00  0.75195501E+00
  0.73900000E+03  0.67882534E+00  0.54890444E+00  0.74991156E+00
  0.74000000E+03  0.67813968E+00  0.54864394E+00  0.74864942E+00
  0.74100000E+03  0.67826352E+00  0.54873427E+00  0.75012100E+00
  0.74200000E+03  0.67566967E+00  0.54653597E+00  0.75194294E+00
  0.74300000E+03  0.67825062E+00  0.54872761E+00  0.75221979E+00
  0.74400000E+03  0.67801753E+00  0.54862891E+00  0.75176211E+00
  0.74500000E+03  0.67898674E+00  0.54901573E+00  0.74972033E+00
  0.74600000E+03  0.67830763E+00  0.54875729E+00  0.74845393E+00
  0.74700000E+03  0.67842692E+00  0.54884557E+00  0.74992658E+00
  0.74800000E+03  0.67583470E+00  0.54664636E+00  0.75175018E+00
  0.74900000E+03  0.67840984E+00  0.54883740E+00  0.75202868E+00
  0.75000000E+03  0.67818036E+00  0.54874056E+00  0.75157206E+00
  0.75100000E+03  0.67914569E+00  0.54912559E+00  0.74953193E+00
  0.75200000E+03  0.67847304E+00  0.54886918E+00  0.74826133E+00
  0.75300000E+03  0.67858785E+00  0.54895544E+00  0.74973503E+00
  0.75400000E+03  0.67599724E+00  0.54675533E+00  0.75156026E+00
  0.75500000E+03  0.67856664E+00  0.54894577E+00  0.75184039E+00
  0.75600000E+03  0.67834071E+00  0.54885077E+00  0.75138482E+00
  0.75700000E+03  0.67930222E+00  0.54923403E+00  0.74934630E+00
  0.75800000E+03  0.67863593E+00  0.54897962E+00  0.74807157E+00
  0.75900000E+03  0.67874633E+00  0.54906388E+00  0.74954632E+00
  0.76000000E+03  0.67615731E+00  0.54686290E+00  0.75137316E+00
  0.76100000E+03  0.67872105E+00  0.54905275E+00  0.75165489E+00
  0.76200000E+03  0.67849862E+00  0.54895955E+00  0.75120034E+00
  0.76300000E+03  0.67945637E+00  0.54934107E+00  0.74916341E+00
  0.76400000E+03  0.67879636E+00  0.54908862E+00  0.74788462E+00
  0.76500000E+03  0.67890240E+00  0.54917092E+00  0.74936039E+00
  0.76600000E+03  0.67631496E+00  0.54696908E+00  0.75118881E+00
  0.76700000E+03  0.67887313E+00  0.54915834E+00  0.75147212E+00
  0.76800000E+03  0.67865415E+00  0.54906692E+00  0.75101858E+00
  0.76900000E+03  0.67960819E+00  0.54944673E+00  0.74898322E+00
  0.77000000E+03  0.67895437E+00  0.54919622E+00  0.74770044E+00
  0.77100000E+03  0.67905612E+00  0.54927658E+00  0.74917721E+00
  0.77200000E+03  0.67647022E+00  0.54707389E+00  0.75100719E+00
  0.77300000E+03  0.67902290E+00  0.54926257E+00  0.75129205E+00
  0.77400000E+03  0.67880732E+00  0.54917290E+00  0.75083951E+00
  0.77500000E+03  0.67975829E+00  0.54955101E+00  0.74880569E+00
  0.77600000E+03  0.67910998E+00  0.54930241E+00  0.74751897E+00
  0.77700000E+03  0.67920751E+00  0.54938087E+00  0.74899674E+00
  0.77800000E+03  0.67662315E+00  0.54717735E+00  0.75082825E+00
  0.77900000E+03  0.67917040E+00  0.54936544E+00  0.75111463E+00
  0.78000000E+03  0.67895817E+00  0.54927751E+00  0.75066307E+00
  0.78100000E+03  0.67990918E+00  0.54965395E+00  0.74863077E+00
  0.78200000E+03  0.67926325E+00  0.54940722E+00  0.74734019E+00
  0.78300000E+03  0.67935662E+00  0.54948381E+00  0.74881893E+00
  0.78400000E+03  0.67677377E+00  0.54727946E+00  0.75065195E+00
  0.78500000E+03  0.67931567E+00  0.54946699E+00  0.75093984E+00
  0.78600000E+03  0.67910675E+00  0.54938075E+00  0.75048923E+00
  0.78700000E+03  0.68005780E+00  0.54975555E+00  0.74845843E+00
  0.78800000E+03  0.67941421E+00  0.54951067E+00  0.74716404E+00
  0.78900000E+03  0.67950348E+00  0.54958541E+00  0.74864374E+00
  0.79000000E+03  0.67692212E+00  0.54738025E+00  0.75047824E+00
  0.79100000E+03  0.67945876E+00  0.54956721E+00  0.75076761E+00
  0.79200000E+03  0.67925308E+00  0.54948265E+00  0.75031796E+00
  0.79300000E+03  0.68020418E+00  0.54985583E+00  0.74828862E+00
  0.79400000E+03  0.67956290E+00  0.54961278E+00  0.74699049E+00
  0.79500000E+03  0.67964813E+00  0.54968569E+00  0.74847114E+00
  0.79600000E+03  0.67706824E+00  0.54747974E+00  0.75030710E+00
  0.79700000E+03  0.67959968E+00  0.54966613E+00  0.75059793E+00
  0.79800000E+03  0.67939721E+00  0.54958322E+00  0.75014921E+00
  0.79900000E+03  0.68034835E+00  0.54995481E+00  0.74812132E+00
  0.80000000E+03  0.67970934E+00  0.54971355E+00  0.74681949E+00
  0.80100000E+03  0.67979060E+00  0.54978466E+00  0.74830108E+00
  0.80200000E+03  0.67721216E+00  0.54757793E+00  0.75013848E+00
  0.80300000E+03  0.67973848E+00  0.54976377E+00  0.75043074E+00
  0.80400000E+03  0.67953917E+00  0.54968247E+00  0.74998294E+00
  0.80500000E+03  0.68049036E+00  0.55005250E+00  0.74795648E+00
  0.80600000E+03  0.67985359E+00  0.54981300E+00  0.74665102E+00
  0.80700000E+03  0.67993093E+00  0.54988235E+00  0.74813352E+00
  0.80800000E+03  0.67735392E+00  0.54767484E+00  0.74997234E+00
  0.80900000E+03  0.67987519E+00  0.54986013E+00  0.75026601E+00
  0.81000000E+03  0.67967900E+00  0.54978044E+00  0.74981912E+00
  0.81100000E+03  0.68063023E+00  0.55014891E+00  0.74779406E+00
  0.81200000E+03  0.67999567E+00  0.54991115E+00  0.74648504E+00
  0.81300000E+03  0.68006915E+00  0.54997876E+00  0.74796844E+00
  0.81400000E+03  0.67749355E+00  0.54777049E+00  0.74980865E+00
  0.81500000E+03  0.68000985E+00  0.54995524E+00  0.75010371E+00
  0.81600000E+03  0.67981672E+00  0.54987712E+00  0.74965771E+00
  0.81700000E+03  0.68076800E+00  0.55024407E+00  0.74763403E+00
  0.81800000E+03  0.68013562E+00  0.55000802E+00  0.74632149E+00
  0.81900000E+03  0.68020529E+00  0.55007391E+00  0.74780578E+00
  0.82000000E+03  0.67763109E+00  0.54786490E+00  0.74964737E+00
  0.82100000E+03  0.68014249E+00  0.55004911E+00  0.74994380E+00
  0.82200000E+03  0.67995238E+00  0.54997253E+00  0.74949868E+00
  0.82300000E+03  0.68090370E+00  0.55033798E+00  0.74747636E+00
  0.82400000E+03  0.68027347E+00  0.55010362E+00  0.74616036E+00
  0.82500000E+03  0.68033940E+00  0.55016782E+00  0.74764552E+00
  0.82600000E+03  0.67776657E+00  0.54795807E+00  0.74948846E+00
  0.82700000E+03  0.68027313E+00  0.55014175E+00  0.74978624E+00
  0.82800000E+03  0.68008600E+00  0.55006670E+00  0.74934198E+00
  0.82900000E+03  0.68103737E+00  0.55043067E+00  0.74732100E+00
  0.83000000E+03  0.68040926E+00  0.55019797E+00  0.74600159E+00
  0.83100000E+03  0.68047149E+00  0.55026050E+00  0.74748762E+00
  0.83200000E+03  0.67790002E+00  0.54805003E+00  0.74933189E+00
  0.83300000E+03  0.68040181E+00  0.55023318E+00  0.74963100E+00
  0.83400000E+03  0.68021762E+00  0.55015963E+00  0.74918759E+00
  0.83500000E+03  0.68116904E+00  0.55052214E+00  0.74716793E+00
  0.83600000E+03  0.68054301E+00  0.55029107E+00  0.74584517E+00
  0.83700000E+03  0.68060161E+00  0.55035196E+00  0.74733204E+00
  0.83800000E+03  0.67803148E+00  0.54814078E+00  0.74917763E+00
  0.83900000E+03  0.68052857E+00  0.55032340E+00  0.74947804E+00
  0.84000000E+03  0.68034727E+00  0.55025133E+00  0.74903547E+00
  0.84100000E+03  0.68129873E+00  0.55061241E+00  0.74701711E+00
  0.84200000E+03  0.68067476E+00  0.55038296E+00  0.74569104E+00
  0.84300000E+03  0.68072978E+00  0.55044222E+00  0.74717876E+00
  0.84400000E+03  0.67816097E+00  0.54823034E+00  0.74902563E+00
  0.84500000E+03  0.68065343E+00  0.55041245E+00  0.74932733E+00
  0.84600000E+03  0.68047498E+00  0.55034183E+00  0.74888558E+00
  0.84700000E+03  0.68142649E+00  0.55070149E+00  0.74686850E+00
  0.84800000E+03  0.68080455E+00  0.55047363E+00  0.74553919E+00
  0.84900000E+03  0.68085603E+00  0.55053130E+00  0.74702772E+00
  0.85000000E+03  0.67828852E+00  0.54831872E+00  0.74887587E+00
  0.85100000E+03  0.68077642E+00  0.55050032E+00  0.74917883E+00
  0.85200000E+03  0.68060078E+00  0.55043114E+00  0.74873790E+00
  0.85300000E+03  0.68155233E+00  0.55078941E+00  0.74672208E+00
  0.85400000E+03  0.68093239E+00  0.55056310E+00  0.74538956E+00
  0.85500000E+03  0.68098040E+00  0.55061920E+00  0.74687891E+00
  0.85600000E+03  0.67841417E+00  0.54840594E+00  0.74872831E+00
  0.85700000E+03  0.68089757E+00  0.55058704E+00  0.74903252E+00
  0.85800000E+03  0.68072470E+00  0.55051927E+00  0.74859239E+00
  0.85900000E+03  0.68167630E+00  0.55087616E+00  0.74657780E+00
  0.86000000E+03  0.68105833E+00  0.55065140E+00  0.74524214E+00
  0.86100000E+03  0.68110291E+00  0.55070594E+00  0.74673228E+00
  0.86200000E+03  0.67853795E+00  0.54849202E+00  0.74858291E+00
  0.86300000E+03  0.68101691E+00  0.55067262E+00  0.74888835E+00
  0.86400000E+03  0.68084677E+00  0.55060624E+00  0.74844901E+00
  0.86500000E+03  0.68179841E+00  0.55096178E+00  0.74643565E+00
  0.86600000E+03  0.68118239E+00  0.55073852E+00  0.74509688E+00
  0.86700000E+03  0.68122359E+00  0.55079154E+00  0.74658781E+00
  0.86800000E+03  0.67865988E+00  0.54857696E+00  0.74843966E+00
  0.86900000E+03  0.68113447E+00  0.55075707E+00  0.74874631E+00
  0.87000000E+03  0.68096701E+00  0.55069205E+00  0.74830774E+00
  0.87100000E+03  0.68191871E+00  0.55104626E+00  0.74629558E+00
  0.87200000E+03  0.68130460E+00  0.55082449E+00  0.74495376E+00
  0.87300000E+03  0.68134247E+00  0.55087601E+00  0.74644546E+00
  0.87400000E+03  0.67877999E+00  0.54866078E+00  0.74829850E+00
  0.87500000E+03  0.68125028E+00  0.55084040E+00  0.74860635E+00
  0.87600000E+03  0.68108547E+00  0.55077673E+00  0.74816854E+00
  0.87700000E+03  0.68203721E+00  0.55112962E+00  0.74615757E+00
  0.87800000E+03  0.68142498E+00  0.55090933E+00  0.74481274E+00
  0.87900000E+03  0.68145958E+00  0.55095936E+00  0.74630521E+00
  0.88000000E+03  0.67889832E+00  0.54874349E+00  0.74815942E+00
  0.88100000E+03  0.68136436E+00  0.55092263E+00  0.74846844E+00
  0.88200000E+03  0.68120215E+00  0.55086029E+00  0.74803139E+00
  0.88300000E+03  0.68215394E+00  0.55121188E+00  0.74602158E+00
  0.88400000E+03  0.68154358E+00  0.55099303E+00  0.74467379E+00
  0.88500000E+03  0.68157495E+00  0.55104161E+00  0.74616701E+00
  0.88600000E+03  0.67901488E+00  0.54882511E+00  0.74802239E+00
  0.88700000E+03  0.68147674E+00  0.55100377E+00  0.74833256E+00
  0.88800000E+03  0.68131710E+00  0.55094274E+00  0.74789625E+00
  0.88900000E+03  0.68226894E+00  0.55129305E+00  0.74588759E+00
  0.89000000E+03  0.68166040E+00  0.55107563E+00  0.74453689E+00
  0.89100000E+03  0.68168860E+00  0.55112277E+00  0.74603084E+00
  0.89200000E+03  0.67912971E+00  0.54890565E+00  0.74788736E+00
  0.89300000E+03  0.68158789E+00  0.55108384E+00  0.74819867E+00
  0.89400000E+03  0.68143034E+00  0.55102409E+00  0.74776309E+00
  0.89500000E+03  0.68238222E+00  0.55137315E+00  0.74575556E+00
  0.89600000E+03  0.68177549E+00  0.55115712E+00  0.74440199E+00
  0.89700000E+03  0.68180055E+00  0.55120284E+00  0.74589668E+00
  0.89800000E+03  0.67924283E+00  0.54898512E+00  0.74775432E+00
  0.89900000E+03  0.68169913E+00  0.55116284E+00  0.74806675E+00
  0.90000000E+03  0.68154189E+00  0.55110436E+00  0.74763189E+00
  0.90100000E+03  0.68249382E+00  0.55145218E+00  0.74562548E+00
  0.90200000E+03  0.68188887E+00  0.55123753E+00  0.74426908E+00
  0.90300000E+03  0.68191084E+00  0.55128185E+00  0.74576448E+00
  0.90400000E+03  0.67935426E+00  0.54906353E+00  0.74762323E+00
  0.90500000E+03  0.68180871E+00  0.55124079E+00  0.74793676E+00
  0.90600000E+03  0.68165178E+00  0.55118355E+00  0.74750261E+00
  0.90700000E+03  0.68260376E+00  0.55153015E+00  0.74549729E+00
  0.90800000E+03  0.68200057E+00  0.55131687E+00  0.74413811E+00
  0.90900000E+03  0.68201950E+00  0.55135981E+00  0.74563422E+00
  0.91000000E+03  0.67946405E+00  0.54914090E+00  0.74749406E+00
  0.91100000E+03  0.68191667E+00  0.55131770E+00  0.74780868E+00
  0.91200000E+03  0.68176004E+00  0.55126170E+00  0.74737523E+00
  0.91300000E+03  0.68271206E+00  0.55160709E+00  0.74537099E+00
  0.91400000E+03  0.68211060E+00  0.55139514E+00  0.74400907E+00
  0.91500000E+03  0.68212653E+00  0.55143673E+00  0.74550587E+00
  0.91600000E+03  0.67957220E+00  0.54921723E+00  0.74736679E+00
  0.91700000E+03  0.68202301E+00  0.55139359E+00  0.74768248E+00
  0.91800000E+03  0.68186669E+00  0.55133879E+00  0.74724972E+00
  0.91900000E+03  0.68281876E+00  0.55168300E+00  0.74524654E+00
  0.92000000E+03  0.68221900E+00  0.55147237E+00  0.74388192E+00
  0.92100000E+03  0.68223198E+00  0.55151263E+00  0.74537941E+00
  0.92200000E+03  0.67967874E+00  0.54929255E+00  0.74724138E+00
  0.92300000E+03  0.68212778E+00  0.55146846E+00  0.74755813E+00
  0.92400000E+03  0.68197175E+00  0.55141486E+00  0.74712604E+00
  0.92500000E+03  0.68292387E+00  0.55175790E+00  0.74512392E+00
  0.92600000E+03  0.68232579E+00  0.55154857E+00  0.74375663E+00
  0.92700000E+03  0.68233586E+00  0.55158750E+00  0.74525480E+00
  0.92800000E+03  0.67978371E+00  0.54936687E+00  0.74711781E+00
  0.92900000E+03  0.68223100E+00  0.55154234E+00  0.74743560E+00
  0.93000000E+03  0.68207525E+00  0.55148990E+00  0.74700418E+00
  0.93100000E+03  0.68302742E+00  0.55183179E+00  0.74500309E+00
  0.93200000E+03  0.68243099E+00  0.55162374E+00  0.74363319E+00
  0.93300000E+03  0.68243820E+00  0.55166138E+00  0.74513202E+00
  0.93400000E+03  0.67988711E+00  0.54944019E+00  0.74699606E+00
  0.93500000E+03  0.68233268E+00  0.55161522E+00  0.74731487E+00
  0.93600000E+03  0.68217722E+00  0.55156394E+00  0.74688411E+00
  0.93700000E+03  0.68312943E+00  0.55190470E+00  0.74488404E+00
  0.93800000E+03  0.68253464E+00  0.55169790E+00  0.74351155E+00
  0.93900000E+03  0.68253902E+00  0.55173426E+00  0.74501104E+00
  0.94000000E+03  0.67998899E+00  0.54951253E+00  0.74687609E+00
  0.94100000E+03  0.68243285E+00  0.55168713E+00  0.74719591E+00
  0.94200000E+03  0.68227767E+00  0.55163699E+00  0.74676580E+00
  0.94300000E+03  0.68322993E+00  0.55197662E+00  0.74476672E+00
  0.94400000E+03  0.68263674E+00  0.55177107E+00  0.74339170E+00
  0.94500000E+03  0.68263834E+00  0.55180617E+00  0.74489184E+00
  0.94600000E+03  0.68008935E+00  0.54958389E+00  0.74675788E+00
  0.94700000E+03  0.68253153E+00  0.55175808E+00  0.74707869E+00
  0.94800000E+03  0.68237664E+00  0.55170905E+00  0.74664922E+00
  0.94900000E+03  0.68332893E+00  0.55204758E+00  0.74465113E+00
  0.95000000E+03  0.68273734E+00  0.55184325E+00  0.74327361E+00
  0.95100000E+03  0.68273620E+00  0.55187711E+00  0.74477438E+00
  0.95200000E+03  0.68018822E+00  0.54965430E+00  0.74664141E+00
  0.95300000E+03  0.68262876E+00  0.55182807E+00  0.74696319E+00
  0.95400000E+03  0.68247413E+00  0.55178015E+00  0.74653435E+00
  0.95500000E+03  0.68342647E+00  0.55211759E+00  0.74453723E+00
  0.95600000E+03  0.68283674E+00  0.55191446E+00  0.74315725E+00
  0.95700000E+03  0.68283260E+00  0.55194710E+00  0.74465864E+00
  0.95800000E+03  0.68028563E+00  0.54972377E+00  0.74652664E+00
  0.95900000E+03  0.68272454E+00  0.55189712E+00  0.74684939E+00
  0.96000000E+03  0.68257018E+00  0.55185028E+00  0.74642116E+00
  0.96100000E+03  0.68352257E+00  0.55218665E+00  0.74442500E+00
  0.96200000E+03  0.68293579E+00  0.55198471E+00  0.74304259E+00
  0.96300000E+03  0.68292757E+00  0.55201614E+00  0.74454460E+00
  0.96400000E+03  0.68038160E+00  0.54979229E+00  0.74641355E+00
  0.96500000E+03  0.68281890E+00  0.55196524E+00  0.74673725E+00
  0.96600000E+03  0.68266481E+00  0.55191947E+00  0.74630963E+00
  0.96700000E+03  0.68361724E+00  0.55225479E+00  0.74431442E+00
  0.96800000E+03  0.68303336E+00  0.55205401E+00  0.74292962E+00
  0.96900000E+03  0.68302114E+00  0.55208425E+00  0.74443223E+00
  0.97000000E+03  0.68047615E+00  0.54985990E+00  0.74630212E+00
  0.97100000E+03  0.68291186E+00  0.55203244E+00  0.74662675E+00
  0.97200000E+03  0.68275803E+00  0.55198772E+00  0.74619973E+00
  0.97300000E+03  0.68371051E+00  0.55232200E+00  0.74420545E+00
  0.97400000E+03  0.68312949E+00  0.55212237E+00  0.74281830E+00
  0.97500000E+03  0.68311332E+00  0.55215144E+00  0.74432151E+00
  0.97600000E+03  0.68056929E+00  0.54992659E+00  0.74619232E+00
  0.97700000E+03  0.68300345E+00  0.55209873E+00  0.74651788E+00
  0.97800000E+03  0.68284987E+00  0.55205505E+00  0.74609145E+00
  0.97900000E+03  0.68380239E+00  0.55238830E+00  0.74409808E+00
  0.98000000E+03  0.68322420E+00  0.55218981E+00  0.74270861E+00
  0.98100000E+03  0.68320413E+00  0.55221772E+00  0.74421241E+00
  0.98200000E+03  0.68066106E+00  0.54999238E+00  0.74608413E+00
  0.98300000E+03  0.68309368E+00  0.55216413E+00  0.74641059E+00
  0.98400000E+03  0.68294063E+00  0.55212147E+00  0.74598475E+00
  0.98500000E+03  0.68389292E+00  0.55245371E+00  0.74399228E+00
  0.98600000E+03  0.68331751E+00  0.55225633E+00  0.74260053E+00
  0.98700000E+03  0.68329360E+00  0.55228311E+00  0.74410491E+00
  0.98800000E+03  0.68075147E+00  0.55005728E+00  0.74597753E+00
  0.98900000E+03  0.68318258E+00  0.55222864E+00  0.74630488E+00
  0.99000000E+03  0.68303197E+00  0.55218698E+00  0.74587961E+00
  0.99100000E+03  0.68398210E+00  0.55251823E+00  0.74388803E+00
  0.99200000E+03  0.68340943E+00  0.55232195E+00  0.74249403E+00
  0.99300000E+03  0.68338175E+00  0.55234761E+00  0.74399899E+00
  0.99400000E+03  0.68084054E+00  0.55012130E+00  0.74587249E+00
  0.99500000E+03  0.68327016E+00  0.55229228E+00  0.74620072E+00
  0.99600000E+03  0.68312195E+00  0.55225161E+00  0.74577602E+00
  0.99700000E+03  0.68406997E+00  0.55258188E+00  0.74378531E+00
  0.99800000E+03  0.68350000E+00  0.55238667E+00  0.74238909E+00
  0.99900000E+03  0.68346859E+00  0.55241123E+00  0.74389462E+00
  0.10000000E+04  0.68317709E+00  0.55229448E+00  0.74576899E+00
