 # t   L1   L2   Linf
  0.10000000E+01  0.12661736E-01  0.53711495E-01  0.61463494E+00
  0.20000000E+01  0.17480256E-01  0.62238186E-01  0.63271369E+00
  0.30000000E+01  0.21062804E-01  0.67376337E-01  0.63717084E+00
  0.40000000E+01  0.24125240E-01  0.71776031E-01  0.64521096E+00
  0.50000000E+01  0.26794977E-01  0.74964841E-01  0.64678935E+00
  0.60000000E+01  0.29206896E-01  0.78049037E-01  0.65249927E+00
  0.70000000E+01  0.31392499E-01  0.80428878E-01  0.65322038E+00
  0.80000000E+01  0.33508522E-01  0.82961364E-01  0.65786217E+00
  0.90000000E+01  0.35446562E-01  0.84889217E-01  0.65820221E+00
  0.10000000E+02  0.37001644E-01  0.85175535E-01  0.66222218E+00
  0.11000000E+02  0.38493544E-01  0.85297539E-01  0.62905847E+00
  0.12000000E+02  0.40138805E-01  0.86877879E-01  0.63018000E+00
  0.13000000E+02  0.41812041E-01  0.88713817E-01  0.63481626E+00
  0.14000000E+02  0.43319141E-01  0.90110311E-01  0.63557214E+00
  0.15000000E+02  0.44882557E-01  0.91781745E-01  0.63968171E+00
  0.16000000E+02  0.46300219E-01  0.93036251E-01  0.64033671E+00
  0.17000000E+02  0.47789896E-01  0.94604842E-01  0.64433036E+00
  0.18000000E+02  0.49170666E-01  0.96123209E-01  0.64767214E+00
  0.19000000E+02  0.50523262E-01  0.97225531E-01  0.64796418E+00
  0.20000000E+02  0.51876030E-01  0.98661655E-01  0.65127103E+00
  0.21000000E+02  0.53151344E-01  0.99684701E-01  0.65151078E+00
  0.22000000E+02  0.54424095E-01  0.10103405E+00  0.65551179E+00
  0.23000000E+02  0.55644292E-01  0.10203403E+00  0.65609599E+00
  0.24000000E+02  0.56791260E-01  0.10323984E+00  0.65853828E+00
  0.25000000E+02  0.57967272E-01  0.10414941E+00  0.65797714E+00
  0.26000000E+02  0.59079862E-01  0.10529443E+00  0.66076250E+00
  0.27000000E+02  0.60180101E-01  0.10609908E+00  0.66078527E+00
  0.28000000E+02  0.61251051E-01  0.10718661E+00  0.66341413E+00
  0.29000000E+02  0.62051503E-01  0.10675687E+00  0.66572386E+00
  0.30000000E+02  0.63038383E-01  0.10756381E+00  0.66767081E+00
  0.31000000E+02  0.63786349E-01  0.10712211E+00  0.64570555E+00
  0.32000000E+02  0.64758480E-01  0.10795736E+00  0.64733517E+00
  0.33000000E+02  0.65838178E-01  0.10910204E+00  0.65051589E+00
  0.34000000E+02  0.66769046E-01  0.10990777E+00  0.64991403E+00
  0.35000000E+02  0.67813170E-01  0.11098589E+00  0.65066482E+00
  0.36000000E+02  0.68724668E-01  0.11169370E+00  0.64939482E+00
  0.37000000E+02  0.69782017E-01  0.11266333E+00  0.65195052E+00
  0.38000000E+02  0.70763540E-01  0.11360777E+00  0.65440202E+00
  0.39000000E+02  0.71668588E-01  0.11418222E+00  0.65440522E+00
  0.40000000E+02  0.72589689E-01  0.11502777E+00  0.65673852E+00
  0.41000000E+02  0.73472088E-01  0.11558610E+00  0.65670987E+00
  0.42000000E+02  0.74288565E-01  0.11636285E+00  0.65898869E+00
  0.43000000E+02  0.75136980E-01  0.11696578E+00  0.65897677E+00
  0.44000000E+02  0.75990816E-01  0.11786814E+00  0.66292965E+00
  0.45000000E+02  0.76559490E-01  0.11744283E+00  0.66874076E+00
  0.46000000E+02  0.77350148E-01  0.11814686E+00  0.67182749E+00
  0.47000000E+02  0.77891387E-01  0.11767120E+00  0.65283078E+00
  0.48000000E+02  0.78668332E-01  0.11840537E+00  0.65523914E+00
  0.49000000E+02  0.79577075E-01  0.11943223E+00  0.65910982E+00
  0.50000000E+02  0.80369240E-01  0.12017292E+00  0.65965128E+00
  0.51000000E+02  0.81281679E-01  0.12118963E+00  0.66131459E+00
  0.52000000E+02  0.82070061E-01  0.12189268E+00  0.65985717E+00
  0.53000000E+02  0.82996609E-01  0.12285638E+00  0.65950928E+00
  0.54000000E+02  0.83853642E-01  0.12377687E+00  0.65836546E+00
  0.55000000E+02  0.84673882E-01  0.12437375E+00  0.65486528E+00
  0.56000000E+02  0.85504762E-01  0.12523415E+00  0.65673016E+00
  0.57000000E+02  0.86294908E-01  0.12574463E+00  0.65670799E+00
  0.58000000E+02  0.87046557E-01  0.12647036E+00  0.65868289E+00
  0.59000000E+02  0.87782603E-01  0.12690606E+00  0.65854274E+00
  0.60000000E+02  0.88463087E-01  0.12747649E+00  0.66038967E+00
  0.61000000E+02  0.89164594E-01  0.12786132E+00  0.66019310E+00
  0.62000000E+02  0.89810687E-01  0.12844606E+00  0.66198355E+00
  0.63000000E+02  0.90233107E-01  0.12777404E+00  0.64373295E+00
  0.64000000E+02  0.90821305E-01  0.12812493E+00  0.64382547E+00
  0.65000000E+02  0.91268042E-01  0.12759062E+00  0.64561359E+00
  0.66000000E+02  0.91854839E-01  0.12794923E+00  0.64557660E+00
  0.67000000E+02  0.92610765E-01  0.12857521E+00  0.64756484E+00
  0.68000000E+02  0.93203108E-01  0.12896441E+00  0.64757889E+00
  0.69000000E+02  0.93975249E-01  0.12964322E+00  0.64959032E+00
  0.70000000E+02  0.94550603E-01  0.13007784E+00  0.64964083E+00
  0.71000000E+02  0.95340083E-01  0.13082141E+00  0.65165587E+00
  0.72000000E+02  0.95998179E-01  0.13157881E+00  0.65559020E+00
  0.73000000E+02  0.96696954E-01  0.13211925E+00  0.65973397E+00
  0.74000000E+02  0.97385411E-01  0.13296536E+00  0.66620409E+00
  0.75000000E+02  0.98083759E-01  0.13355315E+00  0.67017232E+00
  0.76000000E+02  0.98720496E-01  0.13440194E+00  0.67620821E+00
  0.77000000E+02  0.99406123E-01  0.13502592E+00  0.67962154E+00
  0.78000000E+02  0.99986009E-01  0.13581905E+00  0.68484617E+00
  0.79000000E+02  0.10066724E+00  0.13646551E+00  0.68741488E+00
  0.80000000E+02  0.10125870E+00  0.13733313E+00  0.69155809E+00
  0.81000000E+02  0.10192040E+00  0.13798746E+00  0.69309506E+00
  0.82000000E+02  0.10250023E+00  0.13886611E+00  0.69600199E+00
  0.83000000E+02  0.10288422E+00  0.13858793E+00  0.69822452E+00
  0.84000000E+02  0.10338441E+00  0.13919626E+00  0.69805172E+00
  0.85000000E+02  0.10369280E+00  0.13866219E+00  0.68193158E+00
  0.86000000E+02  0.10419090E+00  0.13926035E+00  0.68139289E+00
  0.87000000E+02  0.10489263E+00  0.14013914E+00  0.68200754E+00
  0.88000000E+02  0.10537683E+00  0.14071007E+00  0.68046996E+00
  0.89000000E+02  0.10609093E+00  0.14156144E+00  0.68000597E+00
  0.90000000E+02  0.10656523E+00  0.14209789E+00  0.67761307E+00
  0.91000000E+02  0.10727085E+00  0.14291648E+00  0.67625254E+00
  0.92000000E+02  0.10787313E+00  0.14370765E+00  0.67449347E+00
  0.93000000E+02  0.10850282E+00  0.14421851E+00  0.67114045E+00
  0.94000000E+02  0.10906849E+00  0.14492074E+00  0.66881732E+00
  0.95000000E+02  0.10970172E+00  0.14538903E+00  0.66509172E+00
  0.96000000E+02  0.11022560E+00  0.14596294E+00  0.66441830E+00
  0.97000000E+02  0.11086567E+00  0.14638859E+00  0.66454935E+00
  0.98000000E+02  0.11139226E+00  0.14696665E+00  0.66634559E+00
  0.99000000E+02  0.11202927E+00  0.14735031E+00  0.66636136E+00
  0.10000000E+03  0.11255528E+00  0.14789080E+00  0.66800872E+00
  0.10100000E+03  0.11288424E+00  0.14730397E+00  0.65262392E+00
  0.10200000E+03  0.11333041E+00  0.14759433E+00  0.65258325E+00
  0.10300000E+03  0.11370880E+00  0.14715970E+00  0.65419161E+00
  0.10400000E+03  0.11414241E+00  0.14743936E+00  0.65403967E+00
  0.10500000E+03  0.11478352E+00  0.14794343E+00  0.65551156E+00
  0.10600000E+03  0.11521993E+00  0.14819039E+00  0.65525992E+00
  0.10700000E+03  0.11584919E+00  0.14866617E+00  0.65661144E+00
  0.10800000E+03  0.11625748E+00  0.14888556E+00  0.65627640E+00
  0.10900000E+03  0.11686174E+00  0.14934138E+00  0.65752896E+00
  0.11000000E+03  0.11735238E+00  0.14978136E+00  0.65873471E+00
  0.11100000E+03  0.11788013E+00  0.15000547E+00  0.65831145E+00
  0.11200000E+03  0.11831430E+00  0.15038783E+00  0.65946050E+00
  0.11300000E+03  0.11881534E+00  0.15059974E+00  0.65901431E+00
  0.11400000E+03  0.11917473E+00  0.15089348E+00  0.66013824E+00
  0.11500000E+03  0.11966569E+00  0.15109900E+00  0.65969715E+00
  0.11600000E+03  0.12004834E+00  0.15144096E+00  0.66082754E+00
  0.11700000E+03  0.12052723E+00  0.15164599E+00  0.66041813E+00
  0.11800000E+03  0.12088833E+00  0.15200042E+00  0.66158341E+00
  0.11900000E+03  0.12108331E+00  0.15132978E+00  0.64711976E+00
  0.12000000E+03  0.12141622E+00  0.15151180E+00  0.64680156E+00
  0.12100000E+03  0.12169192E+00  0.15109314E+00  0.64809978E+00
  0.12200000E+03  0.12201703E+00  0.15127557E+00  0.64784844E+00
  0.12300000E+03  0.12253814E+00  0.15168846E+00  0.64921594E+00
  0.12400000E+03  0.12286599E+00  0.15188328E+00  0.64904250E+00
  0.12500000E+03  0.12339498E+00  0.15231990E+00  0.65048960E+00
  0.12600000E+03  0.12370878E+00  0.15253088E+00  0.65040017E+00
  0.12700000E+03  0.12423664E+00  0.15299697E+00  0.65193190E+00
  0.12800000E+03  0.12465793E+00  0.15347431E+00  0.65350526E+00
  0.12900000E+03  0.12510619E+00  0.15374956E+00  0.65354472E+00
  0.13000000E+03  0.12547636E+00  0.15421343E+00  0.65520105E+00
  0.13100000E+03  0.12592032E+00  0.15451056E+00  0.65532077E+00
  0.13200000E+03  0.12624524E+00  0.15491871E+00  0.65705242E+00
  0.13300000E+03  0.12669783E+00  0.15523855E+00  0.65724286E+00
  0.13400000E+03  0.12706692E+00  0.15573167E+00  0.65903666E+00
  0.13500000E+03  0.12751531E+00  0.15607481E+00  0.65928344E+00
  0.13600000E+03  0.12789034E+00  0.15660803E+00  0.66409537E+00
  0.13700000E+03  0.12808498E+00  0.15615265E+00  0.66971686E+00
  0.13800000E+03  0.12840968E+00  0.15650359E+00  0.67310565E+00
  0.13900000E+03  0.12858133E+00  0.15597226E+00  0.65634762E+00
  0.14000000E+03  0.12890827E+00  0.15632704E+00  0.65972977E+00
  0.14100000E+03  0.12943951E+00  0.15693866E+00  0.66534193E+00
  0.14200000E+03  0.12977424E+00  0.15731509E+00  0.66866730E+00
  0.14300000E+03  0.13031254E+00  0.15795749E+00  0.67417707E+00
  0.14400000E+03  0.13065950E+00  0.15835349E+00  0.67739649E+00
  0.14500000E+03  0.13122372E+00  0.15902558E+00  0.68274757E+00
  0.14600000E+03  0.13169171E+00  0.15971726E+00  0.68798854E+00
  0.14700000E+03  0.13217220E+00  0.16016078E+00  0.69096195E+00
  0.14800000E+03  0.13261442E+00  0.16083137E+00  0.69597109E+00
  0.14900000E+03  0.13311264E+00  0.16128697E+00  0.69874204E+00
  0.15000000E+03  0.13352550E+00  0.16188663E+00  0.70348088E+00
  0.15100000E+03  0.13403445E+00  0.16235173E+00  0.70602169E+00
  0.15200000E+03  0.13448264E+00  0.16302011E+00  0.71045767E+00
  0.15300000E+03  0.13499864E+00  0.16349206E+00  0.71274530E+00
  0.15400000E+03  0.13546774E+00  0.16417983E+00  0.71685111E+00
  0.15500000E+03  0.13572434E+00  0.16388448E+00  0.72076217E+00
  0.15600000E+03  0.13613655E+00  0.16434684E+00  0.72261951E+00
  0.15700000E+03  0.13630777E+00  0.16369310E+00  0.70748190E+00
  0.15800000E+03  0.13673188E+00  0.16415145E+00  0.70937122E+00
  0.15900000E+03  0.13734519E+00  0.16486765E+00  0.71298941E+00
  0.16000000E+03  0.13776718E+00  0.16532741E+00  0.71458948E+00
  0.16100000E+03  0.13837228E+00  0.16605084E+00  0.71783379E+00
  0.16200000E+03  0.13878700E+00  0.16651001E+00  0.71913312E+00
  0.16300000E+03  0.13941232E+00  0.16723931E+00  0.72199002E+00
  0.16400000E+03  0.13995085E+00  0.16798252E+00  0.72462502E+00
  0.16500000E+03  0.14046547E+00  0.16845127E+00  0.72543943E+00
  0.16600000E+03  0.14096206E+00  0.16915213E+00  0.72767306E+00
  0.16700000E+03  0.14146583E+00  0.16961471E+00  0.72817004E+00
  0.16800000E+03  0.14190788E+00  0.17022749E+00  0.72999842E+00
  0.16900000E+03  0.14240104E+00  0.17068254E+00  0.73017709E+00
  0.17000000E+03  0.14287819E+00  0.17134161E+00  0.73160065E+00
  0.17100000E+03  0.14337210E+00  0.17178741E+00  0.73146375E+00
  0.17200000E+03  0.14384791E+00  0.17244669E+00  0.73248757E+00
  0.17300000E+03  0.14406675E+00  0.17215567E+00  0.73329034E+00
  0.17400000E+03  0.14446213E+00  0.17257745E+00  0.73267569E+00
  0.17500000E+03  0.14454228E+00  0.17188410E+00  0.72088564E+00
  0.17600000E+03  0.14493343E+00  0.17230278E+00  0.72033278E+00
  0.17700000E+03  0.14546740E+00  0.17295599E+00  0.72085707E+00
  0.17800000E+03  0.14584786E+00  0.17336368E+00  0.72001613E+00
  0.17900000E+03  0.14637121E+00  0.17400901E+00  0.72017857E+00
  0.18000000E+03  0.14674491E+00  0.17440505E+00  0.71906609E+00
  0.18100000E+03  0.14726853E+00  0.17504265E+00  0.71888817E+00
  0.18200000E+03  0.14775235E+00  0.17569547E+00  0.71852781E+00
  0.18300000E+03  0.14816761E+00  0.17607797E+00  0.71703066E+00
  0.18400000E+03  0.14859569E+00  0.17667906E+00  0.71636998E+00
  0.18500000E+03  0.14900050E+00  0.17704857E+00  0.71465643E+00
  0.18600000E+03  0.14936804E+00  0.17755938E+00  0.71372479E+00
  0.18700000E+03  0.14975014E+00  0.17791637E+00  0.71182015E+00
  0.18800000E+03  0.15015076E+00  0.17846301E+00  0.71064879E+00
  0.18900000E+03  0.15052561E+00  0.17880749E+00  0.70857952E+00
  0.19000000E+03  0.15091615E+00  0.17934913E+00  0.70720082E+00
  0.19100000E+03  0.15101681E+00  0.17895111E+00  0.70571588E+00
  0.19200000E+03  0.15131711E+00  0.17927340E+00  0.70344062E+00
  0.19300000E+03  0.15134017E+00  0.17867425E+00  0.69462914E+00
  0.19400000E+03  0.15165100E+00  0.17900026E+00  0.69243654E+00
  0.19500000E+03  0.15206297E+00  0.17953120E+00  0.69091902E+00
  0.19600000E+03  0.15236604E+00  0.17984637E+00  0.68863005E+00
  0.19700000E+03  0.15278125E+00  0.18036944E+00  0.68698661E+00
  0.19800000E+03  0.15308837E+00  0.18067411E+00  0.68462553E+00
  0.19900000E+03  0.15351257E+00  0.18119054E+00  0.68288501E+00
  0.20000000E+03  0.15392726E+00  0.18172607E+00  0.68109653E+00
  0.20100000E+03  0.15426062E+00  0.18201684E+00  0.67866276E+00
  0.20200000E+03  0.15463828E+00  0.18250336E+00  0.67681698E+00
  0.20300000E+03  0.15496692E+00  0.18278447E+00  0.67436277E+00
  0.20400000E+03  0.15528516E+00  0.18318871E+00  0.67248124E+00
  0.20500000E+03  0.15561394E+00  0.18346080E+00  0.67002173E+00
  0.20600000E+03  0.15596951E+00  0.18390028E+00  0.67096714E+00
  0.20700000E+03  0.15629288E+00  0.18416354E+00  0.67122726E+00
  0.20800000E+03  0.15664836E+00  0.18460057E+00  0.67285499E+00
  0.20900000E+03  0.15668161E+00  0.18409359E+00  0.66186654E+00
  0.21000000E+03  0.15696695E+00  0.18434179E+00  0.66081520E+00
  0.21100000E+03  0.15703892E+00  0.18391322E+00  0.66246572E+00
  0.21200000E+03  0.15733435E+00  0.18416752E+00  0.66270105E+00
  0.21300000E+03  0.15772477E+00  0.18460037E+00  0.66431361E+00
  0.21400000E+03  0.15801756E+00  0.18484658E+00  0.66452641E+00
  0.21500000E+03  0.15841390E+00  0.18527441E+00  0.66610463E+00
  0.21600000E+03  0.15870590E+00  0.18551279E+00  0.66629857E+00
  0.21700000E+03  0.15911105E+00  0.18593681E+00  0.66784609E+00
  0.21800000E+03  0.15951213E+00  0.18638131E+00  0.66937491E+00
  0.21900000E+03  0.15983882E+00  0.18660954E+00  0.66954409E+00
  0.22000000E+03  0.16020010E+00  0.18700826E+00  0.67104588E+00
  0.22100000E+03  0.16052338E+00  0.18722943E+00  0.67120216E+00
  0.22200000E+03  0.16083482E+00  0.18755200E+00  0.67267732E+00
  0.22300000E+03  0.16116845E+00  0.18776646E+00  0.67282033E+00
  0.22400000E+03  0.16151294E+00  0.18812458E+00  0.67426723E+00
  0.22500000E+03  0.16183423E+00  0.18833247E+00  0.67439475E+00
  0.22600000E+03  0.16217360E+00  0.18869038E+00  0.67580978E+00
  0.22700000E+03  0.16219445E+00  0.18811117E+00  0.66415952E+00
  0.22800000E+03  0.16248561E+00  0.18830750E+00  0.66430749E+00
  0.22900000E+03  0.16262543E+00  0.18803628E+00  0.66576033E+00
  0.23000000E+03  0.16291446E+00  0.18823777E+00  0.66588386E+00
  0.23100000E+03  0.16328419E+00  0.18859484E+00  0.66729332E+00
  0.23200000E+03  0.16357240E+00  0.18878991E+00  0.66738625E+00
  0.23300000E+03  0.16395113E+00  0.18914386E+00  0.66874526E+00
  0.23400000E+03  0.16424235E+00  0.18933260E+00  0.66880131E+00
  0.23500000E+03  0.16462159E+00  0.18968448E+00  0.67010308E+00
  0.23600000E+03  0.16500583E+00  0.19005796E+00  0.67136829E+00
  0.23700000E+03  0.16532245E+00  0.19023819E+00  0.67135513E+00
  0.23800000E+03  0.16566554E+00  0.19056793E+00  0.67255471E+00
  0.23900000E+03  0.16596560E+00  0.19074197E+00  0.67249238E+00
  0.24000000E+03  0.16626550E+00  0.19099817E+00  0.67362288E+00
  0.24100000E+03  0.16655627E+00  0.19116609E+00  0.67350911E+00
  0.24200000E+03  0.16685117E+00  0.19145818E+00  0.67456909E+00
  0.24300000E+03  0.16713856E+00  0.19162006E+00  0.67440343E+00
  0.24400000E+03  0.16745528E+00  0.19191309E+00  0.67539347E+00
  0.24500000E+03  0.16743520E+00  0.19128894E+00  0.66447426E+00
  0.24600000E+03  0.16768967E+00  0.19144260E+00  0.66429827E+00
  0.24700000E+03  0.16782862E+00  0.19127767E+00  0.66529445E+00
  0.24800000E+03  0.16807994E+00  0.19143280E+00  0.66507012E+00
  0.24900000E+03  0.16839953E+00  0.19172402E+00  0.66600200E+00
  0.25000000E+03  0.16863492E+00  0.19187344E+00  0.66573334E+00
  0.25100000E+03  0.16895167E+00  0.19216301E+00  0.66660615E+00
  0.25200000E+03  0.16918375E+00  0.19230702E+00  0.66629810E+00
  0.25300000E+03  0.16949557E+00  0.19259626E+00  0.66711799E+00
  0.25400000E+03  0.16982020E+00  0.19290916E+00  0.66790904E+00
  0.25500000E+03  0.17006891E+00  0.19304602E+00  0.66754963E+00
  0.25600000E+03  0.17034344E+00  0.19331788E+00  0.66829803E+00
  0.25700000E+03  0.17058255E+00  0.19345041E+00  0.66791349E+00
  0.25800000E+03  0.17080886E+00  0.19365074E+00  0.66862588E+00
  0.25900000E+03  0.17104216E+00  0.19377932E+00  0.66822166E+00
  0.26000000E+03  0.17129149E+00  0.19401924E+00  0.66890432E+00
  0.26100000E+03  0.17151875E+00  0.19414441E+00  0.66848539E+00
  0.26200000E+03  0.17176582E+00  0.19438914E+00  0.66914401E+00
  0.26300000E+03  0.17168970E+00  0.19376392E+00  0.65887686E+00
  0.26400000E+03  0.17190362E+00  0.19388703E+00  0.65847732E+00
  0.26500000E+03  0.17202461E+00  0.19375626E+00  0.65917518E+00
  0.26600000E+03  0.17224260E+00  0.19387849E+00  0.65876708E+00
  0.26700000E+03  0.17250877E+00  0.19412612E+00  0.65944752E+00
  0.26800000E+03  0.17271613E+00  0.19424591E+00  0.65903379E+00
  0.26900000E+03  0.17298376E+00  0.19449649E+00  0.65970014E+00
  0.27000000E+03  0.17319261E+00  0.19461422E+00  0.65928302E+00
  0.27100000E+03  0.17347111E+00  0.19486906E+00  0.65993782E+00
  0.27200000E+03  0.17376617E+00  0.19515040E+00  0.66058464E+00
  0.27300000E+03  0.17398473E+00  0.19526598E+00  0.66016384E+00
  0.27400000E+03  0.17423029E+00  0.19551073E+00  0.66080164E+00
  0.27500000E+03  0.17444138E+00  0.19562516E+00  0.66038007E+00
  0.27600000E+03  0.17464844E+00  0.19580013E+00  0.66100950E+00
  0.27700000E+03  0.17486793E+00  0.19591349E+00  0.66058706E+00
  0.27800000E+03  0.17510166E+00  0.19613300E+00  0.66120811E+00
  0.27900000E+03  0.17531535E+00  0.19624557E+00  0.66078416E+00
  0.28000000E+03  0.17555371E+00  0.19647343E+00  0.66139626E+00
  0.28100000E+03  0.17548366E+00  0.19588263E+00  0.65155061E+00
  0.28200000E+03  0.17568596E+00  0.19599616E+00  0.65114116E+00
  0.28300000E+03  0.17579747E+00  0.19584241E+00  0.65178394E+00
  0.28400000E+03  0.17599970E+00  0.19595286E+00  0.65136887E+00
  0.28500000E+03  0.17626953E+00  0.19618643E+00  0.65199807E+00
  0.28600000E+03  0.17647821E+00  0.19629597E+00  0.65157562E+00
  0.28700000E+03  0.17675091E+00  0.19653501E+00  0.65218957E+00
  0.28800000E+03  0.17696093E+00  0.19664372E+00  0.65175782E+00
  0.28900000E+03  0.17724975E+00  0.19688922E+00  0.65235477E+00
  0.29000000E+03  0.17757419E+00  0.19716166E+00  0.65294033E+00
  0.29100000E+03  0.17782550E+00  0.19727052E+00  0.65249018E+00
  0.29200000E+03  0.17810268E+00  0.19750798E+00  0.65305655E+00
  0.29300000E+03  0.17836843E+00  0.19761644E+00  0.65259282E+00
  0.29400000E+03  0.17865130E+00  0.19778231E+00  0.65313902E+00
  0.29500000E+03  0.17895167E+00  0.19789028E+00  0.65266068E+00
  0.29600000E+03  0.17925590E+00  0.19810349E+00  0.65318640E+00
  0.29700000E+03  0.17955214E+00  0.19821113E+00  0.65269308E+00
  0.29800000E+03  0.17985842E+00  0.19843386E+00  0.65319887E+00
  0.29900000E+03  0.17987988E+00  0.19788999E+00  0.64356359E+00
  0.30000000E+03  0.18014736E+00  0.19799849E+00  0.64306031E+00
  0.30100000E+03  0.18029859E+00  0.19777435E+00  0.64356982E+00
  0.30200000E+03  0.18056389E+00  0.19787729E+00  0.64305126E+00
  0.30300000E+03  0.18089288E+00  0.19810642E+00  0.64354214E+00
  0.30400000E+03  0.18115228E+00  0.19820875E+00  0.64301067E+00
  0.30500000E+03  0.18148096E+00  0.19844451E+00  0.64348678E+00
  0.30600000E+03  0.18173391E+00  0.19854630E+00  0.64294587E+00
  0.30700000E+03  0.18207055E+00  0.19878962E+00  0.64341231E+00
  0.30800000E+03  0.18241347E+00  0.19905925E+00  0.64387548E+00
  0.30900000E+03  0.18269068E+00  0.19916320E+00  0.64332957E+00
  0.31000000E+03  0.18299458E+00  0.19939887E+00  0.64379330E+00
  0.31100000E+03  0.18326415E+00  0.19950300E+00  0.64325147E+00
  0.31200000E+03  0.18350938E+00  0.19966482E+00  0.64372359E+00
  0.31300000E+03  0.18377263E+00  0.19976913E+00  0.64319264E+00
  0.31400000E+03  0.18404465E+00  0.19998135E+00  0.64368170E+00
  0.31500000E+03  0.18430595E+00  0.20008619E+00  0.64316896E+00
  0.31600000E+03  0.18457594E+00  0.20030951E+00  0.64368400E+00
  0.31700000E+03  0.18459715E+00  0.19982374E+00  0.63397080E+00
  0.31800000E+03  0.18483236E+00  0.19992909E+00  0.63346881E+00
  0.31900000E+03  0.18491075E+00  0.19959946E+00  0.63401487E+00
  0.32000000E+03  0.18513669E+00  0.19969838E+00  0.63354379E+00
  0.32100000E+03  0.18542722E+00  0.19993181E+00  0.63413082E+00
  0.32200000E+03  0.18563828E+00  0.20003140E+00  0.63369815E+00
  0.32300000E+03  0.18593940E+00  0.20027391E+00  0.63433488E+00
  0.32400000E+03  0.18615609E+00  0.20037451E+00  0.63394760E+00
  0.32500000E+03  0.18647302E+00  0.20062727E+00  0.63464201E+00
  0.32600000E+03  0.18678450E+00  0.20090549E+00  0.63537037E+00
  0.32700000E+03  0.18703003E+00  0.20101392E+00  0.63506539E+00
  0.32800000E+03  0.18729474E+00  0.20126108E+00  0.63586164E+00
  0.32900000E+03  0.18753603E+00  0.20137233E+00  0.63561592E+00
  0.33000000E+03  0.18774828E+00  0.20154569E+00  0.63648498E+00
  0.33100000E+03  0.18799145E+00  0.20166010E+00  0.63630193E+00
  0.33200000E+03  0.18823112E+00  0.20188923E+00  0.63724719E+00
  0.33300000E+03  0.18847822E+00  0.20200740E+00  0.63712886E+00
  0.33400000E+03  0.18871902E+00  0.20225175E+00  0.63815211E+00
  0.33500000E+03  0.18872516E+00  0.20182471E+00  0.63685910E+00
  0.33600000E+03  0.18892090E+00  0.20194292E+00  0.63849288E+00
  0.33700000E+03  0.18893516E+00  0.20150856E+00  0.62902162E+00
  0.33800000E+03  0.18912511E+00  0.20162286E+00  0.62900390E+00
  0.33900000E+03  0.18941466E+00  0.20188829E+00  0.63016043E+00
  0.34000000E+03  0.18959781E+00  0.20200686E+00  0.63020537E+00
  0.34100000E+03  0.18990247E+00  0.20228600E+00  0.63307832E+00
  0.34200000E+03  0.19008394E+00  0.20240929E+00  0.63473443E+00
  0.34300000E+03  0.19040536E+00  0.20270313E+00  0.63836439E+00
  0.34400000E+03  0.19069330E+00  0.20302093E+00  0.64200624E+00
  0.34500000E+03  0.19094152E+00  0.20316143E+00  0.64368703E+00
  0.34600000E+03  0.19118424E+00  0.20345257E+00  0.64734590E+00
  0.34700000E+03  0.19143579E+00  0.20359926E+00  0.64903736E+00
  0.34800000E+03  0.19164469E+00  0.20381814E+00  0.65270788E+00
  0.34900000E+03  0.19191644E+00  0.20397109E+00  0.65440604E+00
  0.35000000E+03  0.19216099E+00  0.20425112E+00  0.65808259E+00
  0.35100000E+03  0.19243760E+00  0.20441052E+00  0.65978332E+00
  0.35200000E+03  0.19268482E+00  0.20470947E+00  0.66346013E+00
  0.35300000E+03  0.19272512E+00  0.20433270E+00  0.66713399E+00
  0.35400000E+03  0.19291726E+00  0.20449162E+00  0.66883029E+00
  0.35500000E+03  0.19290508E+00  0.20397613E+00  0.65271069E+00
  0.35600000E+03  0.19310340E+00  0.20413366E+00  0.65440381E+00
  0.35700000E+03  0.19345162E+00  0.20446039E+00  0.65808133E+00
  0.35800000E+03  0.19365340E+00  0.20462426E+00  0.65976784E+00
  0.35900000E+03  0.19400301E+00  0.20496620E+00  0.66343345E+00
  0.36000000E+03  0.19420711E+00  0.20513638E+00  0.66510891E+00
  0.36100000E+03  0.19456470E+00  0.20549384E+00  0.66875667E+00
  0.36200000E+03  0.19487699E+00  0.20587551E+00  0.67239119E+00
  0.36300000E+03  0.19516151E+00  0.20606388E+00  0.67404088E+00
  0.36400000E+03  0.19544619E+00  0.20641975E+00  0.67764856E+00
  0.36500000E+03  0.19573889E+00  0.20661408E+00  0.67927638E+00
  0.36600000E+03  0.19597945E+00  0.20689616E+00  0.68285185E+00
  0.36700000E+03  0.19627005E+00  0.20709614E+00  0.68445402E+00
  0.36800000E+03  0.19654255E+00  0.20744003E+00  0.68799229E+00
  0.36900000E+03  0.19683792E+00  0.20764548E+00  0.68956536E+00
  0.37000000E+03  0.19712063E+00  0.20800764E+00  0.69306188E+00
  0.37100000E+03  0.19717471E+00  0.20766729E+00  0.69653205E+00
  0.37200000E+03  0.19741226E+00  0.20787270E+00  0.69805356E+00
  0.37300000E+03  0.19736654E+00  0.20728984E+00  0.68216746E+00
  0.37400000E+03  0.19760566E+00  0.20749408E+00  0.68369943E+00
  0.37500000E+03  0.19797078E+00  0.20787935E+00  0.68715585E+00
  0.37600000E+03  0.19821691E+00  0.20808858E+00  0.68865381E+00
  0.37700000E+03  0.19858859E+00  0.20848703E+00  0.69206242E+00
  0.37800000E+03  0.19883400E+00  0.20870099E+00  0.69352459E+00
  0.37900000E+03  0.19922552E+00  0.20911263E+00  0.69688293E+00
  0.38000000E+03  0.19959750E+00  0.20954999E+00  0.70021075E+00
  0.38100000E+03  0.19990410E+00  0.20977618E+00  0.70161426E+00
  0.38200000E+03  0.20023741E+00  0.21018578E+00  0.70488903E+00
  0.38300000E+03  0.20054645E+00  0.21041595E+00  0.70625440E+00
  0.38400000E+03  0.20084164E+00  0.21074859E+00  0.70947518E+00
  0.38500000E+03  0.20115726E+00  0.21098250E+00  0.71080238E+00
  0.38600000E+03  0.20148756E+00  0.21137493E+00  0.71396873E+00
  0.38700000E+03  0.20180527E+00  0.21161239E+00  0.71525813E+00
  0.38800000E+03  0.20214163E+00  0.21202071E+00  0.71837007E+00
  0.38900000E+03  0.20222613E+00  0.21170288E+00  0.72144940E+00
  0.39000000E+03  0.20250758E+00  0.21194043E+00  0.72268026E+00
  0.39100000E+03  0.20243727E+00  0.21130179E+00  0.70740742E+00
  0.39200000E+03  0.20271666E+00  0.21153800E+00  0.70866495E+00
  0.39300000E+03  0.20312011E+00  0.21196356E+00  0.71174858E+00
  0.39400000E+03  0.20341316E+00  0.21220290E+00  0.71297259E+00
  0.39500000E+03  0.20382580E+00  0.21263946E+00  0.71600630E+00
  0.39600000E+03  0.20411178E+00  0.21288177E+00  0.71719782E+00
  0.39700000E+03  0.20452344E+00  0.21332938E+00  0.72018229E+00
  0.39800000E+03  0.20493935E+00  0.21380331E+00  0.72313672E+00
  0.39900000E+03  0.20527294E+00  0.21405330E+00  0.72427821E+00
  0.40000000E+03  0.20565424E+00  0.21449796E+00  0.72718420E+00
  0.40100000E+03  0.20598582E+00  0.21475060E+00  0.72829547E+00
  0.40200000E+03  0.20631849E+00  0.21511654E+00  0.73115343E+00
  0.40300000E+03  0.20665296E+00  0.21537173E+00  0.73223511E+00
  0.40400000E+03  0.20701870E+00  0.21579578E+00  0.73504521E+00
  0.40500000E+03  0.20735117E+00  0.21605343E+00  0.73609764E+00
  0.40600000E+03  0.20772610E+00  0.21649178E+00  0.73885976E+00
  0.40700000E+03  0.20780196E+00  0.21618512E+00  0.74159155E+00
  0.40800000E+03  0.20810686E+00  0.21644279E+00  0.74259672E+00
  0.40900000E+03  0.20802257E+00  0.21576228E+00  0.72814566E+00
  0.41000000E+03  0.20833495E+00  0.21601895E+00  0.72918906E+00
  0.41100000E+03  0.20874366E+00  0.21647174E+00  0.73194727E+00
  0.41200000E+03  0.20904825E+00  0.21673062E+00  0.73296173E+00
  0.41300000E+03  0.20946152E+00  0.21719314E+00  0.73567156E+00
  0.41400000E+03  0.20977112E+00  0.21745414E+00  0.73665622E+00
  0.41500000E+03  0.21019947E+00  0.21792649E+00  0.73931627E+00
  0.41600000E+03  0.21062945E+00  0.21842534E+00  0.74194441E+00
  0.41700000E+03  0.21095099E+00  0.21869147E+00  0.74287873E+00
  0.41800000E+03  0.21133942E+00  0.21916042E+00  0.74545452E+00
  0.41900000E+03  0.21166279E+00  0.21942842E+00  0.74635600E+00
  0.42000000E+03  0.21200951E+00  0.21981828E+00  0.74887771E+00
  0.42100000E+03  0.21233172E+00  0.22008810E+00  0.74974503E+00
  0.42200000E+03  0.21270809E+00  0.22053455E+00  0.75221094E+00
  0.42300000E+03  0.21303020E+00  0.22080602E+00  0.75304282E+00
  0.42400000E+03  0.21341892E+00  0.22126550E+00  0.75545133E+00
  0.42500000E+03  0.21346650E+00  0.22096176E+00  0.75782363E+00
  0.42600000E+03  0.21376879E+00  0.22123341E+00  0.75859633E+00
  0.42700000E+03  0.21363014E+00  0.22052453E+00  0.74508400E+00
  0.42800000E+03  0.21393867E+00  0.22079558E+00  0.74589601E+00
  0.42900000E+03  0.21433191E+00  0.22126685E+00  0.74828875E+00
  0.43000000E+03  0.21463564E+00  0.22153922E+00  0.74906295E+00
  0.43100000E+03  0.21502683E+00  0.22201880E+00  0.75139605E+00
  0.43200000E+03  0.21532597E+00  0.22229232E+00  0.75213197E+00
  0.43300000E+03  0.21572722E+00  0.22278032E+00  0.75440496E+00
  0.43400000E+03  0.21615945E+00  0.22329522E+00  0.75664083E+00
  0.43500000E+03  0.21645943E+00  0.22357059E+00  0.75731544E+00
  0.43600000E+03  0.21685404E+00  0.22405475E+00  0.75949139E+00
  0.43700000E+03  0.21715456E+00  0.22433097E+00  0.76012831E+00
  0.43800000E+03  0.21749500E+00  0.22473583E+00  0.76224513E+00
  0.43900000E+03  0.21778871E+00  0.22501288E+00  0.76284535E+00
  0.44000000E+03  0.21815131E+00  0.22547209E+00  0.76490434E+00
  0.44100000E+03  0.21844439E+00  0.22574981E+00  0.76546926E+00
  0.44200000E+03  0.21881047E+00  0.22622034E+00  0.76747218E+00
  0.44300000E+03  0.21882413E+00  0.22591002E+00  0.76944088E+00
  0.44400000E+03  0.21912030E+00  0.22618789E+00  0.76995265E+00
  0.44500000E+03  0.21894274E+00  0.22546391E+00  0.75742051E+00
  0.44600000E+03  0.21922909E+00  0.22574132E+00  0.75797392E+00
  0.44700000E+03  0.21960039E+00  0.22622080E+00  0.75997591E+00
  0.44800000E+03  0.21988437E+00  0.22649840E+00  0.76049998E+00
  0.44900000E+03  0.22026503E+00  0.22698494E+00  0.76245348E+00
  0.45000000E+03  0.22055035E+00  0.22726262E+00  0.76295078E+00
  0.45100000E+03  0.22093926E+00  0.22775653E+00  0.76485882E+00
  0.45200000E+03  0.22134964E+00  0.22827702E+00  0.76673878E+00
  0.45300000E+03  0.22162981E+00  0.22855455E+00  0.76719785E+00
  0.45400000E+03  0.22199233E+00  0.22904351E+00  0.76903725E+00
  0.45500000E+03  0.22226773E+00  0.22932139E+00  0.76947664E+00
  0.45600000E+03  0.22258817E+00  0.22973154E+00  0.77127872E+00
  0.45700000E+03  0.22286533E+00  0.23000986E+00  0.77170126E+00
  0.45800000E+03  0.22321540E+00  0.23047232E+00  0.77346919E+00
  0.45900000E+03  0.22348966E+00  0.23075103E+00  0.77387758E+00
  0.46000000E+03  0.22383805E+00  0.23122357E+00  0.77561436E+00
  0.46100000E+03  0.22382638E+00  0.23090313E+00  0.77733053E+00
  0.46200000E+03  0.22409704E+00  0.23118109E+00  0.77771955E+00
  0.46300000E+03  0.22389742E+00  0.23045280E+00  0.76610520E+00
  0.46400000E+03  0.22416550E+00  0.23073027E+00  0.76654088E+00
  0.46500000E+03  0.22452830E+00  0.23121279E+00  0.76832381E+00
  0.46600000E+03  0.22479162E+00  0.23148994E+00  0.76875177E+00
  0.46700000E+03  0.22516081E+00  0.23197917E+00  0.77051081E+00
  0.46800000E+03  0.22542288E+00  0.23225593E+00  0.77093278E+00
  0.46900000E+03  0.22579927E+00  0.23275233E+00  0.77266971E+00
  0.47000000E+03  0.22620017E+00  0.23327240E+00  0.77439034E+00
  0.47100000E+03  0.22647257E+00  0.23355098E+00  0.77480326E+00
  0.47200000E+03  0.22682379E+00  0.23403933E+00  0.77650366E+00
  0.47300000E+03  0.22709185E+00  0.23431839E+00  0.77691340E+00
  0.47400000E+03  0.22740614E+00  0.23472925E+00  0.77859424E+00
  0.47500000E+03  0.22768510E+00  0.23500891E+00  0.77900122E+00
  0.47600000E+03  0.22801818E+00  0.23547027E+00  0.78066273E+00
  0.47700000E+03  0.22828890E+00  0.23575044E+00  0.78106700E+00
  0.47800000E+03  0.22861686E+00  0.23622096E+00  0.78270897E+00
  0.47900000E+03  0.22860440E+00  0.23590092E+00  0.78433510E+00
  0.48000000E+03  0.22886211E+00  0.23617715E+00  0.78473204E+00
  0.48100000E+03  0.22865410E+00  0.23544759E+00  0.77396657E+00
  0.48200000E+03  0.22890620E+00  0.23572288E+00  0.77441139E+00
  0.48300000E+03  0.22928805E+00  0.23620795E+00  0.77611351E+00
  0.48400000E+03  0.22954513E+00  0.23648245E+00  0.77655423E+00
  0.48500000E+03  0.22993552E+00  0.23697375E+00  0.77823472E+00
  0.48600000E+03  0.23018526E+00  0.23724732E+00  0.77867022E+00
  0.48700000E+03  0.23057651E+00  0.23774524E+00  0.78032755E+00
  0.48800000E+03  0.23097832E+00  0.23826052E+00  0.78196654E+00
  0.48900000E+03  0.23126872E+00  0.23854052E+00  0.78238884E+00
  0.49000000E+03  0.23161037E+00  0.23902363E+00  0.78400175E+00
  0.49100000E+03  0.23191931E+00  0.23930374E+00  0.78441502E+00
  0.49200000E+03  0.23224071E+00  0.23971036E+00  0.78599973E+00
  0.49300000E+03  0.23256489E+00  0.23999059E+00  0.78640219E+00
  0.49400000E+03  0.23291882E+00  0.24044510E+00  0.78795642E+00
  0.49500000E+03  0.23324771E+00  0.24072525E+00  0.78834621E+00
  0.49600000E+03  0.23361495E+00  0.24118726E+00  0.78986758E+00
  0.49700000E+03  0.23365532E+00  0.24088406E+00  0.79136495E+00
  0.49800000E+03  0.23393826E+00  0.24115365E+00  0.79172885E+00
  0.49900000E+03  0.23377393E+00  0.24041816E+00  0.78185624E+00
  0.50000000E+03  0.23405034E+00  0.24068583E+00  0.78226801E+00
  0.50100000E+03  0.23447729E+00  0.24116764E+00  0.78382667E+00
  0.50200000E+03  0.23475349E+00  0.24143334E+00  0.78422097E+00
  0.50300000E+03  0.23520295E+00  0.24191983E+00  0.78574091E+00
  0.50400000E+03  0.23547819E+00  0.24218338E+00  0.78611582E+00
  0.50500000E+03  0.23593454E+00  0.24267485E+00  0.78759464E+00
  0.50600000E+03  0.23634883E+00  0.24317514E+00  0.78904489E+00
  0.50700000E+03  0.23669732E+00  0.24345032E+00  0.78938362E+00
  0.50800000E+03  0.23707133E+00  0.24391728E+00  0.79078910E+00
  0.50900000E+03  0.23742378E+00  0.24419132E+00  0.79110375E+00
  0.51000000E+03  0.23775003E+00  0.24458225E+00  0.79246224E+00
  0.51100000E+03  0.23810304E+00  0.24485510E+00  0.79275110E+00
  0.51200000E+03  0.23844638E+00  0.24529075E+00  0.79406048E+00
  0.51300000E+03  0.23880573E+00  0.24556213E+00  0.79432193E+00
  0.51400000E+03  0.23914380E+00  0.24600326E+00  0.79558019E+00
  0.51500000E+03  0.23921021E+00  0.24572494E+00  0.79680446E+00
  0.51600000E+03  0.23946594E+00  0.24597744E+00  0.79701796E+00
  0.51700000E+03  0.23932112E+00  0.24522971E+00  0.78817328E+00
  0.51800000E+03  0.23957559E+00  0.24547953E+00  0.78843676E+00
  0.51900000E+03  0.24003228E+00  0.24594491E+00  0.78970817E+00
  0.52000000E+03  0.24027587E+00  0.24619156E+00  0.78994089E+00
  0.52100000E+03  0.24074052E+00  0.24665974E+00  0.79115707E+00
  0.52200000E+03  0.24097926E+00  0.24690312E+00  0.79135778E+00
  0.52300000E+03  0.24145056E+00  0.24737445E+00  0.79251717E+00
  0.52400000E+03  0.24182012E+00  0.24784724E+00  0.79363958E+00
  0.52500000E+03  0.24217369E+00  0.24810661E+00  0.79378588E+00
  0.52600000E+03  0.24250336E+00  0.24854520E+00  0.79484933E+00
  0.52700000E+03  0.24286358E+00  0.24880218E+00  0.79496088E+00
  0.52800000E+03  0.24313764E+00  0.24916586E+00  0.79596417E+00
  0.52900000E+03  0.24349026E+00  0.24942046E+00  0.79604010E+00
  0.53000000E+03  0.24378084E+00  0.24982641E+00  0.79698218E+00
  0.53100000E+03  0.24413945E+00  0.25007848E+00  0.79702174E+00
  0.53200000E+03  0.24442667E+00  0.25048873E+00  0.79790171E+00
  0.53300000E+03  0.24452295E+00  0.25022977E+00  0.79874200E+00
  0.53400000E+03  0.24473201E+00  0.25045697E+00  0.79872138E+00
  0.53500000E+03  0.24457989E+00  0.24969741E+00  0.79103079E+00
  0.53600000E+03  0.24478926E+00  0.24992225E+00  0.79106223E+00
  0.53700000E+03  0.24522824E+00  0.25035976E+00  0.79194289E+00
  0.53800000E+03  0.24543155E+00  0.25058105E+00  0.79193669E+00
  0.53900000E+03  0.24587399E+00  0.25102032E+00  0.79275375E+00
  0.54000000E+03  0.24608238E+00  0.25123805E+00  0.79270955E+00
  0.54100000E+03  0.24653412E+00  0.25167960E+00  0.79346263E+00
  0.54200000E+03  0.24686279E+00  0.25211900E+00  0.79417521E+00
  0.54300000E+03  0.24719655E+00  0.25235515E+00  0.79406907E+00
  0.54400000E+03  0.24748386E+00  0.25276054E+00  0.79471739E+00
  0.54500000E+03  0.24781597E+00  0.25299385E+00  0.79457291E+00
  0.54600000E+03  0.24805885E+00  0.25332639E+00  0.79515704E+00
  0.54700000E+03  0.24838295E+00  0.25355699E+00  0.79497431E+00
  0.54800000E+03  0.24865034E+00  0.25393035E+00  0.79549446E+00
  0.54900000E+03  0.24897626E+00  0.25415814E+00  0.79527372E+00
  0.55000000E+03  0.24925299E+00  0.25453553E+00  0.79573028E+00
  0.55100000E+03  0.24930914E+00  0.25428139E+00  0.79614693E+00
  0.55200000E+03  0.24949930E+00  0.25448176E+00  0.79586542E+00
  0.55300000E+03  0.24929690E+00  0.25372128E+00  0.78937747E+00
  0.55400000E+03  0.24948270E+00  0.25392025E+00  0.78914817E+00
  0.55500000E+03  0.24988389E+00  0.25432638E+00  0.78960527E+00
  0.55600000E+03  0.25006957E+00  0.25452192E+00  0.78933898E+00
  0.55700000E+03  0.25047238E+00  0.25492962E+00  0.78973393E+00
  0.55800000E+03  0.25065222E+00  0.25512174E+00  0.78943129E+00
  0.55900000E+03  0.25105807E+00  0.25553164E+00  0.78976501E+00
  0.56000000E+03  0.25136834E+00  0.25593826E+00  0.79006035E+00
  0.56100000E+03  0.25166508E+00  0.25614978E+00  0.78970031E+00
  0.56200000E+03  0.25193052E+00  0.25652299E+00  0.78993613E+00
  0.56300000E+03  0.25221870E+00  0.25673172E+00  0.78954189E+00
  0.56400000E+03  0.25243525E+00  0.25703424E+00  0.78971943E+00
  0.56500000E+03  0.25272308E+00  0.25724029E+00  0.78929199E+00
  0.56600000E+03  0.25295701E+00  0.25758246E+00  0.78941262E+00
  0.56700000E+03  0.25323713E+00  0.25778575E+00  0.78895304E+00
  0.56800000E+03  0.25347297E+00  0.25813181E+00  0.78901821E+00
  0.56900000E+03  0.25350169E+00  0.25786466E+00  0.78904851E+00
  0.57000000E+03  0.25366795E+00  0.25803908E+00  0.78853885E+00
  0.57100000E+03  0.25345249E+00  0.25729245E+00  0.78320823E+00
  0.57200000E+03  0.25361117E+00  0.25746623E+00  0.78274918E+00
  0.57300000E+03  0.25397063E+00  0.25784156E+00  0.78282626E+00
  0.57400000E+03  0.25412713E+00  0.25801194E+00  0.78233766E+00
  0.57500000E+03  0.25448924E+00  0.25838876E+00  0.78236255E+00
  0.57600000E+03  0.25463693E+00  0.25855574E+00  0.78184554E+00
  0.57700000E+03  0.25499581E+00  0.25893472E+00  0.78181979E+00
  0.57800000E+03  0.25527438E+00  0.25930983E+00  0.78176191E+00
  0.57900000E+03  0.25553713E+00  0.25949666E+00  0.78120068E+00
  0.58000000E+03  0.25576933E+00  0.25983854E+00  0.78109458E+00
  0.58100000E+03  0.25602787E+00  0.26002249E+00  0.78050789E+00
  0.58200000E+03  0.25621239E+00  0.26029560E+00  0.78035508E+00
  0.58300000E+03  0.25646635E+00  0.26047676E+00  0.77974399E+00
  0.58400000E+03  0.25667447E+00  0.26078824E+00  0.77954593E+00
  0.58500000E+03  0.25692277E+00  0.26096651E+00  0.77891146E+00
  0.58600000E+03  0.25711577E+00  0.26128161E+00  0.77866953E+00
  0.58700000E+03  0.25710082E+00  0.26098576E+00  0.77839934E+00
  0.58800000E+03  0.25723586E+00  0.26113428E+00  0.77772814E+00
  0.58900000E+03  0.25701389E+00  0.26041153E+00  0.77344393E+00
  0.59000000E+03  0.25714315E+00  0.26055984E+00  0.77281979E+00
  0.59100000E+03  0.25747263E+00  0.26090394E+00  0.77260127E+00
  0.59200000E+03  0.25759641E+00  0.26104886E+00  0.77195531E+00
  0.59300000E+03  0.25792306E+00  0.26139415E+00  0.77169491E+00
  0.59400000E+03  0.25804226E+00  0.26153568E+00  0.77102780E+00
  0.59500000E+03  0.25836531E+00  0.26188290E+00  0.77072650E+00
  0.59600000E+03  0.25861282E+00  0.26222671E+00  0.77039853E+00
  0.59700000E+03  0.25883927E+00  0.26238742E+00  0.76969751E+00
  0.59800000E+03  0.25903946E+00  0.26269788E+00  0.76933004E+00
  0.59900000E+03  0.25926367E+00  0.26285549E+00  0.76860920E+00
  0.60000000E+03  0.25942276E+00  0.26309899E+00  0.76820293E+00
  0.60100000E+03  0.25964475E+00  0.26325357E+00  0.76746260E+00
  0.60200000E+03  0.25981490E+00  0.26353428E+00  0.76701817E+00
  0.60300000E+03  0.26002993E+00  0.26368574E+00  0.76625859E+00
  0.60400000E+03  0.26020055E+00  0.26396985E+00  0.76577652E+00
  0.60500000E+03  0.26015371E+00  0.26363686E+00  0.76526972E+00
  0.60600000E+03  0.26025985E+00  0.26375990E+00  0.76447858E+00
  0.60700000E+03  0.26001693E+00  0.26306569E+00  0.76111354E+00
  0.60800000E+03  0.26011993E+00  0.26318895E+00  0.76036333E+00
  0.60900000E+03  0.26042111E+00  0.26350017E+00  0.75990312E+00
  0.61000000E+03  0.26052473E+00  0.26362020E+00  0.75913293E+00
  0.61100000E+03  0.26081578E+00  0.26393218E+00  0.75863446E+00
  0.61200000E+03  0.26091368E+00  0.26404897E+00  0.75784426E+00
  0.61300000E+03  0.26120940E+00  0.26436251E+00  0.75730779E+00
  0.61400000E+03  0.26143322E+00  0.26467536E+00  0.75674650E+00
  0.61500000E+03  0.26162904E+00  0.26480830E+00  0.75592326E+00
  0.61600000E+03  0.26180314E+00  0.26508787E+00  0.75532442E+00
  0.61700000E+03  0.26199081E+00  0.26521748E+00  0.75448105E+00
  0.61800000E+03  0.26213527E+00  0.26543176E+00  0.75384489E+00
  0.61900000E+03  0.26232894E+00  0.26555808E+00  0.75298132E+00
  0.62000000E+03  0.26248740E+00  0.26580856E+00  0.75230813E+00
  0.62100000E+03  0.26267149E+00  0.26593148E+00  0.75142433E+00
  0.62200000E+03  0.26282628E+00  0.26618524E+00  0.75071444E+00
  0.62300000E+03  0.26274094E+00  0.26581405E+00  0.74998094E+00
  0.62400000E+03  0.26283843E+00  0.26591316E+00  0.74906425E+00
  0.62500000E+03  0.26259607E+00  0.26525065E+00  0.74649503E+00
  0.62600000E+03  0.26269099E+00  0.26535051E+00  0.74561117E+00
  0.62700000E+03  0.26295341E+00  0.26562658E+00  0.74491247E+00
  0.62800000E+03  0.26305721E+00  0.26572340E+00  0.74400740E+00
  0.62900000E+03  0.26331811E+00  0.26599965E+00  0.74327140E+00
  0.63000000E+03  0.26341540E+00  0.26609343E+00  0.74234536E+00
  0.63100000E+03  0.26367866E+00  0.26637067E+00  0.74157275E+00
  0.63200000E+03  0.26389734E+00  0.26665299E+00  0.74077700E+00
  0.63300000E+03  0.26406197E+00  0.26675652E+00  0.73981767E+00
  0.63400000E+03  0.26424068E+00  0.26700598E+00  0.73898679E+00
  0.63500000E+03  0.26439915E+00  0.26710585E+00  0.73800764E+00
  0.63600000E+03  0.26453614E+00  0.26729147E+00  0.73714271E+00
  0.63700000E+03  0.26469479E+00  0.26738770E+00  0.73614443E+00
  0.63800000E+03  0.26486180E+00  0.26760866E+00  0.73524673E+00
  0.63900000E+03  0.26501714E+00  0.26770117E+00  0.73423014E+00
  0.64000000E+03  0.26518979E+00  0.26792531E+00  0.73330115E+00
  0.64100000E+03  0.26506326E+00  0.26751744E+00  0.73235276E+00
  0.64200000E+03  0.26516715E+00  0.26759448E+00  0.73130862E+00
  0.64300000E+03  0.26492686E+00  0.26696674E+00  0.72938434E+00
  0.64400000E+03  0.26503765E+00  0.26704511E+00  0.72836438E+00
  0.64500000E+03  0.26525590E+00  0.26728288E+00  0.72744451E+00
  0.64600000E+03  0.26536855E+00  0.26735844E+00  0.72640791E+00
  0.64700000E+03  0.26559480E+00  0.26759579E+00  0.72545950E+00
  0.64800000E+03  0.26571302E+00  0.26766857E+00  0.72440766E+00
  0.64900000E+03  0.26594864E+00  0.26790638E+00  0.72343288E+00
  0.65000000E+03  0.26618663E+00  0.26815913E+00  0.72244190E+00
  0.65100000E+03  0.26631747E+00  0.26823135E+00  0.72136853E+00
  0.65200000E+03  0.26651115E+00  0.26845190E+00  0.72035498E+00
  0.65300000E+03  0.26663849E+00  0.26852022E+00  0.71927068E+00
  0.65400000E+03  0.26678560E+00  0.26867843E+00  0.71823716E+00
  0.65500000E+03  0.26691282E+00  0.26874293E+00  0.71714384E+00
  0.65600000E+03  0.26709614E+00  0.26893594E+00  0.71609311E+00
  0.65700000E+03  0.26722371E+00  0.26899657E+00  0.71499281E+00
  0.65800000E+03  0.26741756E+00  0.26919298E+00  0.71392776E+00
  0.65900000E+03  0.26725900E+00  0.26874967E+00  0.71285389E+00
  0.66000000E+03  0.26738971E+00  0.26880751E+00  0.71174625E+00
  0.66100000E+03  0.26715787E+00  0.26821682E+00  0.71024995E+00
  0.66200000E+03  0.26729106E+00  0.26827656E+00  0.70915827E+00
  0.66300000E+03  0.26747512E+00  0.26847432E+00  0.70811876E+00
  0.66400000E+03  0.26761343E+00  0.26853172E+00  0.70702462E+00
  0.66500000E+03  0.26781388E+00  0.26872901E+00  0.70597686E+00
  0.66600000E+03  0.26795735E+00  0.26878415E+00  0.70488259E+00
  0.66700000E+03  0.26815704E+00  0.26898200E+00  0.70382979E+00
  0.66800000E+03  0.26841196E+00  0.26920877E+00  0.70277356E+00
  0.66900000E+03  0.26851773E+00  0.26925006E+00  0.70168314E+00
  0.67000000E+03  0.26873593E+00  0.26944540E+00  0.70062697E+00
  0.67100000E+03  0.26884014E+00  0.26948313E+00  0.69954252E+00
  0.67200000E+03  0.26901352E+00  0.26961795E+00  0.69848964E+00
  0.67300000E+03  0.26911518E+00  0.26965227E+00  0.69741353E+00
  0.67400000E+03  0.26932824E+00  0.26982189E+00  0.69636711E+00
  0.67500000E+03  0.26943037E+00  0.26985289E+00  0.69530166E+00
  0.67600000E+03  0.26964508E+00  0.27002656E+00  0.69426482E+00
  0.67700000E+03  0.26945795E+00  0.26955126E+00  0.69323292E+00
  0.67800000E+03  0.26961886E+00  0.26959515E+00  0.69218803E+00
  0.67900000E+03  0.26940164E+00  0.26904278E+00  0.69085243E+00
  0.68000000E+03  0.26956504E+00  0.26908898E+00  0.68981615E+00
  0.68100000E+03  0.26972980E+00  0.26925079E+00  0.68883040E+00
  0.68200000E+03  0.26990248E+00  0.26929537E+00  0.68780941E+00
  0.68300000E+03  0.27007312E+00  0.26945764E+00  0.68683910E+00
  0.68400000E+03  0.27024240E+00  0.26950068E+00  0.68583543E+00
  0.68500000E+03  0.27042188E+00  0.26966462E+00  0.68488325E+00
  0.68600000E+03  0.27070695E+00  0.26987244E+00  0.68394069E+00
  0.68700000E+03  0.27079854E+00  0.26988872E+00  0.68296726E+00
  0.68800000E+03  0.27104377E+00  0.27006589E+00  0.68204671E+00
  0.68900000E+03  0.27113851E+00  0.27007974E+00  0.68109518E+00
  0.69000000E+03  0.27134068E+00  0.27019826E+00  0.68019886E+00
  0.69100000E+03  0.27143392E+00  0.27020992E+00  0.67927070E+00
  0.69200000E+03  0.27166489E+00  0.27036362E+00  0.67840058E+00
  0.69300000E+03  0.27175871E+00  0.27037327E+00  0.67749711E+00
  0.69400000E+03  0.27199678E+00  0.27053187E+00  0.67665493E+00
  0.69500000E+03  0.27180742E+00  0.27003317E+00  0.67582768E+00
  0.69600000E+03  0.27199870E+00  0.27006986E+00  0.67496451E+00
  0.69700000E+03  0.27180896E+00  0.26955624E+00  0.67354828E+00
  0.69800000E+03  0.27200649E+00  0.26959523E+00  0.67268767E+00
  0.69900000E+03  0.27217967E+00  0.26973222E+00  0.67191237E+00
  0.70000000E+03  0.27238251E+00  0.26977028E+00  0.67107816E+00
  0.70100000E+03  0.27256310E+00  0.26990942E+00  0.67033281E+00
  0.70200000E+03  0.27276994E+00  0.26994660E+00  0.66952563E+00
  0.70300000E+03  0.27295705E+00  0.27008923E+00  0.66881112E+00
  0.70400000E+03  0.27327702E+00  0.27028625E+00  0.66811286E+00
  0.70500000E+03  0.27338969E+00  0.27028876E+00  0.66734832E+00
  0.70600000E+03  0.27368407E+00  0.27045571E+00  0.66692837E+00
  0.70700000E+03  0.27380336E+00  0.27045743E+00  0.66691113E+00
  0.70800000E+03  0.27404692E+00  0.27056737E+00  0.66779235E+00
  0.70900000E+03  0.27415868E+00  0.27056856E+00  0.66777664E+00
  0.71000000E+03  0.27441781E+00  0.27071397E+00  0.66865795E+00
  0.71100000E+03  0.27452930E+00  0.27071482E+00  0.66864364E+00
  0.71200000E+03  0.27479020E+00  0.27086579E+00  0.66952495E+00
  0.71300000E+03  0.27461023E+00  0.27035644E+00  0.66219082E+00
  0.71400000E+03  0.27483033E+00  0.27039168E+00  0.66155044E+00
  0.71500000E+03  0.27468464E+00  0.26991657E+00  0.66228810E+00
  0.71600000E+03  0.27490143E+00  0.26995374E+00  0.66227653E+00
  0.71700000E+03  0.27507175E+00  0.27008059E+00  0.66317022E+00
  0.71800000E+03  0.27528142E+00  0.27011727E+00  0.66315957E+00
  0.71900000E+03  0.27545886E+00  0.27024809E+00  0.66405278E+00
  0.72000000E+03  0.27566822E+00  0.27028428E+00  0.66404295E+00
  0.72100000E+03  0.27584928E+00  0.27042046E+00  0.66493561E+00
  0.72200000E+03  0.27616767E+00  0.27061308E+00  0.66582730E+00
  0.72300000E+03  0.27627659E+00  0.27061485E+00  0.66581854E+00
  0.72400000E+03  0.27655259E+00  0.27077766E+00  0.66670960E+00
  0.72500000E+03  0.27665987E+00  0.27078023E+00  0.66670144E+00
  0.72600000E+03  0.27687969E+00  0.27088736E+00  0.66759185E+00
  0.72700000E+03  0.27698656E+00  0.27089096E+00  0.66758424E+00
  0.72800000E+03  0.27722476E+00  0.27103346E+00  0.66847397E+00
  0.72900000E+03  0.27733226E+00  0.27103825E+00  0.66846688E+00
  0.73000000E+03  0.27757464E+00  0.27118656E+00  0.66935597E+00
  0.73100000E+03  0.27740232E+00  0.27067962E+00  0.66123742E+00
  0.73200000E+03  0.27760701E+00  0.27071677E+00  0.66123028E+00
  0.73300000E+03  0.27747594E+00  0.27028035E+00  0.66212999E+00
  0.73400000E+03  0.27767367E+00  0.27031898E+00  0.66212320E+00
  0.73500000E+03  0.27784539E+00  0.27044910E+00  0.66302215E+00
  0.73600000E+03  0.27803689E+00  0.27048739E+00  0.66301575E+00
  0.73700000E+03  0.27821502E+00  0.27062289E+00  0.66391405E+00
  0.73800000E+03  0.27841013E+00  0.27066080E+00  0.66390813E+00
  0.73900000E+03  0.27860794E+00  0.27080308E+00  0.66480594E+00
  0.74000000E+03  0.27890621E+00  0.27099476E+00  0.66570303E+00
  0.74100000E+03  0.27901706E+00  0.27100677E+00  0.66569812E+00
  0.74200000E+03  0.27925767E+00  0.27116856E+00  0.66659506E+00
  0.74300000E+03  0.27937139E+00  0.27118254E+00  0.66659097E+00
  0.74400000E+03  0.27957368E+00  0.27128962E+00  0.66748802E+00
  0.74500000E+03  0.27969091E+00  0.27130573E+00  0.66748497E+00
  0.74600000E+03  0.27991820E+00  0.27144765E+00  0.66838244E+00
  0.74700000E+03  0.28004257E+00  0.27146599E+00  0.66838066E+00
  0.74800000E+03  0.28027324E+00  0.27161357E+00  0.66927890E+00
  0.74900000E+03  0.28011016E+00  0.27111868E+00  0.66113708E+00
  0.75000000E+03  0.28029092E+00  0.27115869E+00  0.66113459E+00
  0.75100000E+03  0.28018270E+00  0.27076280E+00  0.66204277E+00
  0.75200000E+03  0.28035908E+00  0.27080395E+00  0.66204185E+00
  0.75300000E+03  0.28055359E+00  0.27094632E+00  0.66295128E+00
  0.75400000E+03  0.28072905E+00  0.27098700E+00  0.66295227E+00
  0.75500000E+03  0.28093129E+00  0.27113551E+00  0.66386340E+00
  0.75600000E+03  0.28110078E+00  0.27117566E+00  0.66386666E+00
  0.75700000E+03  0.28131006E+00  0.27133174E+00  0.66477999E+00
  0.75800000E+03  0.28158082E+00  0.27152296E+00  0.66569430E+00
  0.75900000E+03  0.28171449E+00  0.27155201E+00  0.66570199E+00
  0.76000000E+03  0.28193662E+00  0.27171299E+00  0.66661934E+00
  0.76100000E+03  0.28207724E+00  0.27174462E+00  0.66663037E+00
  0.76200000E+03  0.28225436E+00  0.27185137E+00  0.66755135E+00
  0.76300000E+03  0.28239750E+00  0.27188566E+00  0.66756617E+00
  0.76400000E+03  0.28259915E+00  0.27202651E+00  0.66849136E+00
  0.76500000E+03  0.28274755E+00  0.27206350E+00  0.66851045E+00
  0.76600000E+03  0.28295561E+00  0.27220958E+00  0.66944047E+00
  0.76700000E+03  0.28281312E+00  0.27173073E+00  0.66123761E+00
  0.76800000E+03  0.28297065E+00  0.27177249E+00  0.66125671E+00
  0.76900000E+03  0.28290637E+00  0.27142048E+00  0.66219776E+00
  0.77000000E+03  0.28306151E+00  0.27146313E+00  0.66222178E+00
  0.77100000E+03  0.28327813E+00  0.27162147E+00  0.66316853E+00
  0.77200000E+03  0.28342721E+00  0.27166331E+00  0.66319797E+00
  0.77300000E+03  0.28364799E+00  0.27182797E+00  0.66415108E+00
  0.77400000E+03  0.28379180E+00  0.27186894E+00  0.66418645E+00
  0.77500000E+03  0.28402975E+00  0.27204140E+00  0.66514655E+00
  0.77600000E+03  0.28427805E+00  0.27223032E+00  0.66611037E+00
  0.77700000E+03  0.28444087E+00  0.27227872E+00  0.66615610E+00
  0.77800000E+03  0.28463768E+00  0.27243686E+00  0.66712792E+00
  0.77900000E+03  0.28480430E+00  0.27248797E+00  0.66718089E+00
  0.78000000E+03  0.28495041E+00  0.27259197E+00  0.66816132E+00
  0.78100000E+03  0.28511959E+00  0.27264582E+00  0.66822202E+00
  0.78200000E+03  0.28529239E+00  0.27278317E+00  0.66921168E+00
  0.78300000E+03  0.28546990E+00  0.27283975E+00  0.66928060E+00
  0.78400000E+03  0.28564842E+00  0.27298181E+00  0.67028009E+00
  0.78500000E+03  0.28553705E+00  0.27251713E+00  0.66197005E+00
  0.78600000E+03  0.28566522E+00  0.27255811E+00  0.66204045E+00
  0.78700000E+03  0.28564401E+00  0.27225350E+00  0.66305301E+00
  0.78800000E+03  0.28576942E+00  0.27229519E+00  0.66313231E+00
  0.78900000E+03  0.28601923E+00  0.27246920E+00  0.66415559E+00
  0.79000000E+03  0.28613889E+00  0.27250969E+00  0.66424425E+00
  0.79100000E+03  0.28639042E+00  0.27268987E+00  0.66527878E+00
  0.79200000E+03  0.28650184E+00  0.27272911E+00  0.66537723E+00
  0.79300000E+03  0.28676080E+00  0.27291706E+00  0.66642353E+00
  0.79400000E+03  0.28697235E+00  0.27310084E+00  0.66747612E+00
  0.79500000E+03  0.28716307E+00  0.27316775E+00  0.66759073E+00
  0.79600000E+03  0.28734197E+00  0.27332021E+00  0.66865579E+00
  0.79700000E+03  0.28754215E+00  0.27338971E+00  0.66878117E+00
  0.79800000E+03  0.28766237E+00  0.27348811E+00  0.66985912E+00
  0.79900000E+03  0.28786013E+00  0.27356025E+00  0.66999561E+00
  0.80000000E+03  0.28799400E+00  0.27369140E+00  0.67108680E+00
  0.80100000E+03  0.28819875E+00  0.27376617E+00  0.67123469E+00
  0.80200000E+03  0.28834095E+00  0.27390162E+00  0.67233943E+00
  0.80300000E+03  0.28825231E+00  0.27344537E+00  0.66388609E+00
  0.80400000E+03  0.28835002E+00  0.27348302E+00  0.66403715E+00
  0.80500000E+03  0.28837663E+00  0.27322846E+00  0.66515733E+00
  0.80600000E+03  0.28846880E+00  0.27326675E+00  0.66532026E+00
  0.80700000E+03  0.28873873E+00  0.27345469E+00  0.66645458E+00
  0.80800000E+03  0.28882179E+00  0.27349152E+00  0.66662960E+00
  0.80900000E+03  0.28909983E+00  0.27368550E+00  0.66777823E+00
  0.81000000E+03  0.28918098E+00  0.27372086E+00  0.66796549E+00
  0.81100000E+03  0.28947806E+00  0.27392261E+00  0.66912856E+00
  0.81200000E+03  0.28965978E+00  0.27409928E+00  0.67029915E+00
  0.81300000E+03  0.28987810E+00  0.27418308E+00  0.67050574E+00
  0.81400000E+03  0.29001124E+00  0.27432812E+00  0.67169081E+00
  0.81500000E+03  0.29023554E+00  0.27441446E+00  0.67190982E+00
  0.81600000E+03  0.29031500E+00  0.27450586E+00  0.67310930E+00
  0.81700000E+03  0.29054294E+00  0.27459480E+00  0.67334071E+00
  0.81800000E+03  0.29065289E+00  0.27471860E+00  0.67455448E+00
  0.81900000E+03  0.29089002E+00  0.27481013E+00  0.67479820E+00
  0.82000000E+03  0.29099717E+00  0.27493815E+00  0.67602605E+00
  0.82100000E+03  0.29092359E+00  0.27448373E+00  0.66742439E+00
  0.82200000E+03  0.29098678E+00  0.27451706E+00  0.66767279E+00
  0.82300000E+03  0.29105853E+00  0.27431434E+00  0.66891821E+00
  0.82400000E+03  0.29111879E+00  0.27434840E+00  0.66917895E+00
  0.82500000E+03  0.29141872E+00  0.27454945E+00  0.67043842E+00
  0.82600000E+03  0.29147195E+00  0.27458210E+00  0.67071128E+00
  0.82700000E+03  0.29178014E+00  0.27478921E+00  0.67198442E+00
  0.82800000E+03  0.29182451E+00  0.27482046E+00  0.67226914E+00
  0.82900000E+03  0.29213916E+00  0.27503550E+00  0.67355549E+00
  0.83000000E+03  0.29228694E+00  0.27520527E+00  0.67484827E+00
  0.83100000E+03  0.29253506E+00  0.27530531E+00  0.67515076E+00
  0.83200000E+03  0.29262917E+00  0.27544367E+00  0.67645586E+00
  0.83300000E+03  0.29287927E+00  0.27554632E+00  0.67676923E+00
  0.83400000E+03  0.29293435E+00  0.27563185E+00  0.67808600E+00
  0.83500000E+03  0.29319590E+00  0.27573718E+00  0.67840978E+00
  0.83600000E+03  0.29327201E+00  0.27585504E+00  0.67973747E+00
  0.83700000E+03  0.29353533E+00  0.27596304E+00  0.68007112E+00
  0.83800000E+03  0.29361006E+00  0.27608531E+00  0.68140895E+00
  0.83900000E+03  0.29355283E+00  0.27562748E+00  0.67270012E+00
  0.84000000E+03  0.29358373E+00  0.27565783E+00  0.67303933E+00
  0.84100000E+03  0.29370310E+00  0.27550792E+00  0.67439607E+00
  0.84200000E+03  0.29373135E+00  0.27553923E+00  0.67474465E+00
  0.84300000E+03  0.29405852E+00  0.27575402E+00  0.67611079E+00
  0.84400000E+03  0.29408080E+00  0.27578423E+00  0.67646810E+00
  0.84500000E+03  0.29441564E+00  0.27600517E+00  0.67784272E+00
  0.84600000E+03  0.29443037E+00  0.27603431E+00  0.67820807E+00
  0.84700000E+03  0.29477674E+00  0.27626332E+00  0.67959015E+00
  0.84800000E+03  0.29489095E+00  0.27642861E+00  0.68097506E+00
  0.84900000E+03  0.29516902E+00  0.27654520E+00  0.68135131E+00
  0.85000000E+03  0.29522977E+00  0.27667990E+00  0.68274198E+00
  0.85100000E+03  0.29551477E+00  0.27679919E+00  0.68312432E+00
  0.85200000E+03  0.29553782E+00  0.27688209E+00  0.68451962E+00
  0.85300000E+03  0.29582672E+00  0.27700413E+00  0.68490722E+00
  0.85400000E+03  0.29587057E+00  0.27711943E+00  0.68630598E+00
  0.85500000E+03  0.29616474E+00  0.27724420E+00  0.68669798E+00
  0.85600000E+03  0.29621235E+00  0.27736426E+00  0.68809899E+00
  0.85700000E+03  0.29617484E+00  0.27689992E+00  0.67937236E+00
  0.85800000E+03  0.29617769E+00  0.27693034E+00  0.67977033E+00
  0.85900000E+03  0.29635103E+00  0.27683303E+00  0.68119103E+00
  0.86000000E+03  0.29634977E+00  0.27686474E+00  0.68159259E+00
  0.86100000E+03  0.29670394E+00  0.27709414E+00  0.68301442E+00
  0.86200000E+03  0.29669491E+00  0.27712517E+00  0.68341866E+00
  0.86300000E+03  0.29706067E+00  0.27736069E+00  0.68484034E+00
  0.86400000E+03  0.29704917E+00  0.27739107E+00  0.68524635E+00
  0.86500000E+03  0.29743115E+00  0.27763464E+00  0.68666657E+00
  0.86600000E+03  0.29752911E+00  0.27779891E+00  0.68808428E+00
  0.86700000E+03  0.29783811E+00  0.27793219E+00  0.68849086E+00
  0.86800000E+03  0.29788481E+00  0.27806713E+00  0.68990501E+00
  0.86900000E+03  0.29820205E+00  0.27820306E+00  0.69031092E+00
  0.87000000E+03  0.29819490E+00  0.27828717E+00  0.69172016E+00
  0.87100000E+03  0.29851549E+00  0.27842576E+00  0.69212443E+00
  0.87200000E+03  0.29852516E+00  0.27854231E+00  0.69352742E+00
  0.87300000E+03  0.29885267E+00  0.27868352E+00  0.69392909E+00
  0.87400000E+03  0.29887954E+00  0.27880512E+00  0.69532445E+00
  0.87500000E+03  0.29885854E+00  0.27833318E+00  0.68670485E+00
  0.87600000E+03  0.29884659E+00  0.27836705E+00  0.68711293E+00
  0.87700000E+03  0.29906723E+00  0.27832044E+00  0.68852877E+00
  0.87800000E+03  0.29905682E+00  0.27835585E+00  0.68893334E+00
  0.87900000E+03  0.29943449E+00  0.27859960E+00  0.69034031E+00
  0.88000000E+03  0.29942396E+00  0.27863467E+00  0.69074039E+00
  0.88100000E+03  0.29981129E+00  0.27888425E+00  0.69213713E+00
  0.88200000E+03  0.29980605E+00  0.27891900E+00  0.69253173E+00
  0.88300000E+03  0.30019568E+00  0.27917631E+00  0.69391687E+00
  0.88400000E+03  0.30028438E+00  0.27934253E+00  0.69529356E+00
  0.88500000E+03  0.30061319E+00  0.27949137E+00  0.69567720E+00
  0.88600000E+03  0.30065473E+00  0.27962955E+00  0.69704013E+00
  0.88700000E+03  0.30098054E+00  0.27978076E+00  0.69741579E+00
  0.88800000E+03  0.30097613E+00  0.27986874E+00  0.69876363E+00
  0.88900000E+03  0.30130664E+00  0.28002230E+00  0.69913036E+00
  0.89000000E+03  0.30133910E+00  0.28014259E+00  0.70046178E+00
  0.89100000E+03  0.30167229E+00  0.28029841E+00  0.70081863E+00
  0.89200000E+03  0.30171311E+00  0.28042381E+00  0.70213232E+00
  0.89300000E+03  0.30166842E+00  0.27994470E+00  0.69375829E+00
  0.89400000E+03  0.30167423E+00  0.27998417E+00  0.69412194E+00
  0.89500000E+03  0.30190012E+00  0.27998428E+00  0.69545674E+00
  0.89600000E+03  0.30190806E+00  0.28002531E+00  0.69580962E+00
  0.89700000E+03  0.30229069E+00  0.28028105E+00  0.69712549E+00
  0.89800000E+03  0.30230068E+00  0.28032184E+00  0.69746670E+00
  0.89900000E+03  0.30268491E+00  0.28058284E+00  0.69876239E+00
  0.90000000E+03  0.30269591E+00  0.28062338E+00  0.69909103E+00
  0.90100000E+03  0.30308736E+00  0.28089152E+00  0.70036532E+00
  0.90200000E+03  0.30318371E+00  0.28106083E+00  0.70162556E+00
  0.90300000E+03  0.30350266E+00  0.28122218E+00  0.70193226E+00
  0.90400000E+03  0.30356573E+00  0.28136426E+00  0.70316927E+00
  0.90500000E+03  0.30389148E+00  0.28152743E+00  0.70346124E+00
  0.90600000E+03  0.30391449E+00  0.28161952E+00  0.70467391E+00
  0.90700000E+03  0.30423589E+00  0.28178447E+00  0.70495040E+00
  0.90800000E+03  0.30427745E+00  0.28190845E+00  0.70613770E+00
  0.90900000E+03  0.30459743E+00  0.28207507E+00  0.70639796E+00
  0.91000000E+03  0.30464080E+00  0.28220390E+00  0.70755890E+00
  0.91100000E+03  0.30457299E+00  0.28171898E+00  0.69955811E+00
  0.91200000E+03  0.30458846E+00  0.28176389E+00  0.69982534E+00
  0.91300000E+03  0.30482944E+00  0.28180427E+00  0.70100775E+00
  0.91400000E+03  0.30484919E+00  0.28185046E+00  0.70125811E+00
  0.91500000E+03  0.30521478E+00  0.28211345E+00  0.70241332E+00
  0.91600000E+03  0.30523044E+00  0.28215919E+00  0.70264618E+00
  0.91700000E+03  0.30559051E+00  0.28242666E+00  0.70377333E+00
  0.91800000E+03  0.30560739E+00  0.28247191E+00  0.70398812E+00
  0.91900000E+03  0.30597697E+00  0.28274573E+00  0.70508644E+00
  0.92000000E+03  0.30609112E+00  0.28291675E+00  0.70616661E+00
  0.92100000E+03  0.30640209E+00  0.28308558E+00  0.70635144E+00
  0.92200000E+03  0.30647183E+00  0.28322933E+00  0.70740170E+00
  0.92300000E+03  0.30678027E+00  0.28339926E+00  0.70756723E+00
  0.92400000E+03  0.30680395E+00  0.28349284E+00  0.70858703E+00
  0.92500000E+03  0.30711247E+00  0.28366381E+00  0.70873288E+00
  0.92600000E+03  0.30715781E+00  0.28378862E+00  0.70972173E+00
  0.92700000E+03  0.30746071E+00  0.28396051E+00  0.70984759E+00
  0.92800000E+03  0.30750760E+00  0.28408964E+00  0.71080508E+00
  0.92900000E+03  0.30742328E+00  0.28360094E+00  0.70327032E+00
  0.93000000E+03  0.30744542E+00  0.28364866E+00  0.70340355E+00
  0.93100000E+03  0.30767973E+00  0.28372076E+00  0.70438311E+00
  0.93200000E+03  0.30770063E+00  0.28376920E+00  0.70449619E+00
  0.93300000E+03  0.30804766E+00  0.28403309E+00  0.70544419E+00
  0.93400000E+03  0.30806772E+00  0.28408062E+00  0.70553692E+00
  0.93500000E+03  0.30841859E+00  0.28434820E+00  0.70645312E+00
  0.93600000E+03  0.30843685E+00  0.28439476E+00  0.70652539E+00
  0.93700000E+03  0.30879012E+00  0.28466793E+00  0.70740962E+00
  0.93800000E+03  0.30890093E+00  0.28483706E+00  0.70827412E+00
  0.93900000E+03  0.30919360E+00  0.28500742E+00  0.70831355E+00
  0.94000000E+03  0.30926481E+00  0.28514840E+00  0.70914599E+00
  0.94100000E+03  0.30955579E+00  0.28531916E+00  0.70916490E+00
  0.94200000E+03  0.30957787E+00  0.28540960E+00  0.70996532E+00
  0.94300000E+03  0.30986666E+00  0.28558072E+00  0.70996377E+00
  0.94400000E+03  0.30991185E+00  0.28570160E+00  0.71073229E+00
  0.94500000E+03  0.31020074E+00  0.28587299E+00  0.71071041E+00
  0.94600000E+03  0.31025325E+00  0.28599756E+00  0.71144721E+00
  0.94700000E+03  0.31014614E+00  0.28550798E+00  0.70441914E+00
  0.94800000E+03  0.31016523E+00  0.28555429E+00  0.70440527E+00
  0.94900000E+03  0.31039844E+00  0.28564916E+00  0.70516494E+00
  0.95000000E+03  0.31041528E+00  0.28569549E+00  0.70513099E+00
  0.95100000E+03  0.31075209E+00  0.28595423E+00  0.70585926E+00
  0.95200000E+03  0.31077321E+00  0.28599912E+00  0.70580542E+00
  0.95300000E+03  0.31110627E+00  0.28626096E+00  0.70650261E+00
  0.95400000E+03  0.31112194E+00  0.28630435E+00  0.70642913E+00
  0.95500000E+03  0.31145547E+00  0.28657130E+00  0.70709559E+00
  0.95600000E+03  0.31155889E+00  0.28673390E+00  0.70774324E+00
  0.95700000E+03  0.31183553E+00  0.28690081E+00  0.70763893E+00
  0.95800000E+03  0.31190109E+00  0.28703389E+00  0.70825655E+00
  0.95900000E+03  0.31217750E+00  0.28720074E+00  0.70813345E+00
  0.96000000E+03  0.31219507E+00  0.28728289E+00  0.70872155E+00
  0.96100000E+03  0.31247196E+00  0.28744966E+00  0.70858004E+00
  0.96200000E+03  0.31251462E+00  0.28756154E+00  0.70913919E+00
  0.96300000E+03  0.31278852E+00  0.28772820E+00  0.70897971E+00
  0.96400000E+03  0.31282950E+00  0.28784320E+00  0.70951053E+00
  0.96500000E+03  0.31272153E+00  0.28735686E+00  0.70297315E+00
  0.96600000E+03  0.31273870E+00  0.28739738E+00  0.70282187E+00
  0.96700000E+03  0.31296949E+00  0.28750766E+00  0.70337568E+00
  0.96800000E+03  0.31298395E+00  0.28754757E+00  0.70320685E+00
  0.96900000E+03  0.31330095E+00  0.28779711E+00  0.70373294E+00
  0.97000000E+03  0.31331232E+00  0.28783511E+00  0.70354704E+00
  0.97100000E+03  0.31363507E+00  0.28808749E+00  0.70404613E+00
  0.97200000E+03  0.31364724E+00  0.28812353E+00  0.70384368E+00
  0.97300000E+03  0.31397710E+00  0.28838083E+00  0.70431652E+00
  0.97400000E+03  0.31407366E+00  0.28853259E+00  0.70477331E+00
  0.97500000E+03  0.31433797E+00  0.28869325E+00  0.70454546E+00
  0.97600000E+03  0.31438531E+00  0.28881407E+00  0.70497729E+00
  0.97700000E+03  0.31465237E+00  0.28897450E+00  0.70473439E+00
  0.97800000E+03  0.31466090E+00  0.28904405E+00  0.70514214E+00
  0.97900000E+03  0.31492724E+00  0.28920426E+00  0.70488483E+00
  0.98000000E+03  0.31496683E+00  0.28930302E+00  0.70526943E+00
  0.98100000E+03  0.31523686E+00  0.28946301E+00  0.70499838E+00
  0.98200000E+03  0.31528393E+00  0.28956450E+00  0.70536080E+00
  0.98300000E+03  0.31517164E+00  0.28908634E+00  0.69924768E+00
  0.98400000E+03  0.31517989E+00  0.28911764E+00  0.69898435E+00
  0.98500000E+03  0.31541471E+00  0.28923860E+00  0.69936902E+00
  0.98600000E+03  0.31542315E+00  0.28926881E+00  0.69909255E+00
  0.98700000E+03  0.31572728E+00  0.28950748E+00  0.69945592E+00
  0.98800000E+03  0.31573262E+00  0.28953546E+00  0.69916706E+00
  0.98900000E+03  0.31604645E+00  0.28977694E+00  0.69951019E+00
  0.99000000E+03  0.31605025E+00  0.28980267E+00  0.69920969E+00
  0.99100000E+03  0.31637619E+00  0.29004912E+00  0.69953366E+00
  0.99200000E+03  0.31646960E+00  0.29018680E+00  0.69984592E+00
  0.99300000E+03  0.31673421E+00  0.29034051E+00  0.69952827E+00
  0.99400000E+03  0.31677590E+00  0.29044621E+00  0.69982318E+00
  0.99500000E+03  0.31703627E+00  0.29059972E+00  0.69949598E+00
  0.99600000E+03  0.31703981E+00  0.29065382E+00  0.69977473E+00
  0.99700000E+03  0.31730891E+00  0.29080715E+00  0.69943884E+00
  0.99800000E+03  0.31734481E+00  0.29089025E+00  0.69970265E+00
  0.99900000E+03  0.31761246E+00  0.29104342E+00  0.69935893E+00
  0.10000000E+04  0.31573016E+00  0.28915949E+00  0.69352922E+00
