 # t   L1   L2   Linf
  0.10000000E+01  0.43657011E-01  0.93748147E-01  0.58979326E+00
  0.20000000E+01  0.63172784E-01  0.11283947E+00  0.63080420E+00
  0.30000000E+01  0.78426190E-01  0.12613723E+00  0.64588449E+00
  0.40000000E+01  0.89605864E-01  0.13242263E+00  0.66373069E+00
  0.50000000E+01  0.99702195E-01  0.13705004E+00  0.59648268E+00
  0.60000000E+01  0.10953551E+00  0.14634458E+00  0.61499287E+00
  0.70000000E+01  0.12012049E+00  0.15683779E+00  0.63466654E+00
  0.80000000E+01  0.12857384E+00  0.16492716E+00  0.64567473E+00
  0.90000000E+01  0.13649195E+00  0.17133209E+00  0.65295849E+00
  0.10000000E+02  0.14189399E+00  0.17330146E+00  0.64360793E+00
  0.11000000E+02  0.14822759E+00  0.17527208E+00  0.61231061E+00
  0.12000000E+02  0.15509518E+00  0.18047224E+00  0.61846527E+00
  0.13000000E+02  0.16311249E+00  0.18718362E+00  0.63087025E+00
  0.14000000E+02  0.16954731E+00  0.19291004E+00  0.65226172E+00
  0.15000000E+02  0.17596735E+00  0.19847524E+00  0.67358830E+00
  0.16000000E+02  0.18089330E+00  0.20122626E+00  0.70059048E+00
  0.17000000E+02  0.18549270E+00  0.20279977E+00  0.65702222E+00
  0.18000000E+02  0.19153263E+00  0.20865504E+00  0.67487819E+00
  0.19000000E+02  0.19919254E+00  0.21592372E+00  0.69536033E+00
  0.20000000E+02  0.20468776E+00  0.22172578E+00  0.71067253E+00
  0.21000000E+02  0.20873536E+00  0.22391738E+00  0.72069006E+00
  0.22000000E+02  0.21140557E+00  0.22366559E+00  0.67656573E+00
  0.23000000E+02  0.21746048E+00  0.22901751E+00  0.68446617E+00
  0.24000000E+02  0.22268249E+00  0.23411277E+00  0.68793620E+00
  0.25000000E+02  0.22793669E+00  0.23830177E+00  0.68447622E+00
  0.26000000E+02  0.23225803E+00  0.24189715E+00  0.68175468E+00
  0.27000000E+02  0.23500328E+00  0.24209269E+00  0.67683008E+00
  0.28000000E+02  0.23730536E+00  0.24131779E+00  0.64355223E+00
  0.29000000E+02  0.24206341E+00  0.24488489E+00  0.63945554E+00
  0.30000000E+02  0.24616739E+00  0.24833953E+00  0.64846145E+00
  0.31000000E+02  0.25118670E+00  0.25141473E+00  0.65453878E+00
  0.32000000E+02  0.25451831E+00  0.25392354E+00  0.66503925E+00
  0.33000000E+02  0.25665816E+00  0.25340666E+00  0.62953298E+00
  0.34000000E+02  0.25870610E+00  0.25345460E+00  0.63597105E+00
  0.35000000E+02  0.26309778E+00  0.25662179E+00  0.64666433E+00
  0.36000000E+02  0.26667623E+00  0.25958974E+00  0.65672790E+00
  0.37000000E+02  0.27142812E+00  0.26262575E+00  0.66190757E+00
  0.38000000E+02  0.27381312E+00  0.26480109E+00  0.67072348E+00
  0.39000000E+02  0.27593807E+00  0.26425727E+00  0.63802477E+00
  0.40000000E+02  0.27784306E+00  0.26508564E+00  0.64298504E+00
  0.41000000E+02  0.28202362E+00  0.26813567E+00  0.65159711E+00
  0.42000000E+02  0.28519277E+00  0.27080453E+00  0.65958491E+00
  0.43000000E+02  0.28974889E+00  0.27385607E+00  0.66329527E+00
  0.44000000E+02  0.29191837E+00  0.27579906E+00  0.67031821E+00
  0.45000000E+02  0.29352867E+00  0.27538597E+00  0.64065240E+00
  0.46000000E+02  0.29568951E+00  0.27660947E+00  0.64448931E+00
  0.47000000E+02  0.29927056E+00  0.27963103E+00  0.65162125E+00
  0.48000000E+02  0.30215535E+00  0.28217020E+00  0.65817318E+00
  0.49000000E+02  0.30627026E+00  0.28530485E+00  0.66086125E+00
  0.50000000E+02  0.30805532E+00  0.28715117E+00  0.66629535E+00
  0.51000000E+02  0.30927516E+00  0.28701239E+00  0.63961576E+00
  0.52000000E+02  0.31082373E+00  0.28829748E+00  0.64211341E+00
  0.53000000E+02  0.31456243E+00  0.29133757E+00  0.64722100E+00
  0.54000000E+02  0.31666598E+00  0.29370264E+00  0.65155177E+00
  0.55000000E+02  0.32031999E+00  0.29683428E+00  0.65238536E+00
  0.56000000E+02  0.32146545E+00  0.29839181E+00  0.65533481E+00
  0.57000000E+02  0.32279101E+00  0.29847376E+00  0.63141836E+00
  0.58000000E+02  0.32358715E+00  0.29934589E+00  0.63923104E+00
  0.59000000E+02  0.32669723E+00  0.30221385E+00  0.64649212E+00
  0.60000000E+02  0.32839512E+00  0.30410308E+00  0.65103413E+00
  0.61000000E+02  0.33185804E+00  0.30702813E+00  0.65482607E+00
  0.62000000E+02  0.33186230E+00  0.30799953E+00  0.66357149E+00
  0.63000000E+02  0.33333976E+00  0.30820351E+00  0.67019184E+00
  0.64000000E+02  0.33330878E+00  0.30829223E+00  0.67441682E+00
  0.65000000E+02  0.33643677E+00  0.31083114E+00  0.67588081E+00
  0.66000000E+02  0.33670771E+00  0.31204870E+00  0.67859178E+00
  0.67000000E+02  0.34020446E+00  0.31466946E+00  0.68327726E+00
  0.68000000E+02  0.33994883E+00  0.31492211E+00  0.68667559E+00
  0.69000000E+02  0.34133790E+00  0.31521503E+00  0.68686946E+00
  0.70000000E+02  0.34019441E+00  0.31435076E+00  0.68578160E+00
  0.71000000E+02  0.34318895E+00  0.31655656E+00  0.68660650E+00
  0.72000000E+02  0.34328737E+00  0.31707577E+00  0.68892882E+00
  0.73000000E+02  0.34638357E+00  0.31943457E+00  0.68847525E+00
  0.74000000E+02  0.34544770E+00  0.31899338E+00  0.68570337E+00
  0.75000000E+02  0.34676081E+00  0.31939922E+00  0.68034523E+00
  0.76000000E+02  0.34531122E+00  0.31757950E+00  0.68071907E+00
  0.77000000E+02  0.34800280E+00  0.31957639E+00  0.68051999E+00
  0.78000000E+02  0.34758093E+00  0.31951417E+00  0.67753532E+00
  0.79000000E+02  0.35027222E+00  0.32175020E+00  0.67319460E+00
  0.80000000E+02  0.34919400E+00  0.32076772E+00  0.66601110E+00
  0.81000000E+02  0.35159598E+00  0.32258272E+00  0.66391651E+00
  0.82000000E+02  0.34988388E+00  0.32062704E+00  0.66237047E+00
  0.83000000E+02  0.35073437E+00  0.32064250E+00  0.65845746E+00
  0.84000000E+02  0.34983761E+00  0.31975105E+00  0.65331033E+00
  0.85000000E+02  0.35309823E+00  0.32246227E+00  0.64597300E+00
  0.86000000E+02  0.35164846E+00  0.32115345E+00  0.64169089E+00
  0.87000000E+02  0.35379834E+00  0.32300761E+00  0.63832273E+00
  0.88000000E+02  0.35197973E+00  0.32098064E+00  0.65295692E+00
  0.89000000E+02  0.35257588E+00  0.32065591E+00  0.62923866E+00
  0.90000000E+02  0.35163138E+00  0.31956639E+00  0.62335951E+00
  0.91000000E+02  0.35478654E+00  0.32243718E+00  0.63760411E+00
  0.92000000E+02  0.35313049E+00  0.32101789E+00  0.65541242E+00
  0.93000000E+02  0.35523447E+00  0.32298267E+00  0.66711596E+00
  0.94000000E+02  0.35356993E+00  0.32106228E+00  0.68523566E+00
  0.95000000E+02  0.35389580E+00  0.32042070E+00  0.64040538E+00
  0.96000000E+02  0.35285075E+00  0.31931977E+00  0.65229178E+00
  0.97000000E+02  0.35596782E+00  0.32239845E+00  0.67062867E+00
  0.98000000E+02  0.35459982E+00  0.32105559E+00  0.68900340E+00
  0.99000000E+02  0.35662509E+00  0.32316709E+00  0.70101179E+00
  0.10000000E+03  0.35516871E+00  0.32152087E+00  0.71928837E+00
  0.10100000E+03  0.35523973E+00  0.32057533E+00  0.67436661E+00
  0.10200000E+03  0.35426537E+00  0.31960802E+00  0.68638912E+00
  0.10300000E+03  0.35739678E+00  0.32290303E+00  0.70467344E+00
  0.10400000E+03  0.35633257E+00  0.32176802E+00  0.72274852E+00
  0.10500000E+03  0.35839687E+00  0.32403840E+00  0.73434082E+00
  0.10600000E+03  0.35715484E+00  0.32275981E+00  0.75188831E+00
  0.10700000E+03  0.35702167E+00  0.32154724E+00  0.70762775E+00
  0.10800000E+03  0.35617363E+00  0.32079170E+00  0.71908068E+00
  0.10900000E+03  0.35943910E+00  0.32429362E+00  0.73647498E+00
  0.11000000E+03  0.35850278E+00  0.32342238E+00  0.75346906E+00
  0.11100000E+03  0.36065643E+00  0.32584848E+00  0.76407658E+00
  0.11200000E+03  0.35970255E+00  0.32491959E+00  0.78026725E+00
  0.11300000E+03  0.35935607E+00  0.32350797E+00  0.73732435E+00
  0.11400000E+03  0.35866445E+00  0.32296918E+00  0.74775308E+00
  0.11500000E+03  0.36195868E+00  0.32666795E+00  0.76377383E+00
  0.11600000E+03  0.36124716E+00  0.32604585E+00  0.77931247E+00
  0.11700000E+03  0.36336826E+00  0.32861951E+00  0.78874134E+00
  0.11800000E+03  0.36228723E+00  0.32792549E+00  0.80340400E+00
  0.11900000E+03  0.36212698E+00  0.32639828E+00  0.76221704E+00
  0.12000000E+03  0.36154824E+00  0.32602975E+00  0.77154213E+00
  0.12100000E+03  0.36486393E+00  0.32992314E+00  0.78614069E+00
  0.12200000E+03  0.36409719E+00  0.32949538E+00  0.80026191E+00
  0.12300000E+03  0.36635403E+00  0.33221187E+00  0.80863414E+00
  0.12400000E+03  0.36522582E+00  0.33159173E+00  0.82193145E+00
  0.12500000E+03  0.36486465E+00  0.33002774E+00  0.78271718E+00
  0.12600000E+03  0.36436843E+00  0.32976810E+00  0.79110144E+00
  0.12700000E+03  0.36794468E+00  0.33386022E+00  0.80446975E+00
  0.12800000E+03  0.36701137E+00  0.33356721E+00  0.81739090E+00
  0.12900000E+03  0.36931504E+00  0.33642579E+00  0.82492034E+00
  0.13000000E+03  0.36832769E+00  0.33572503E+00  0.83707755E+00
  0.13100000E+03  0.36793290E+00  0.33418519E+00  0.79992114E+00
  0.13200000E+03  0.36708995E+00  0.33398595E+00  0.80754408E+00
  0.13300000E+03  0.37087221E+00  0.33827621E+00  0.81985620E+00
  0.13400000E+03  0.37016811E+00  0.33807351E+00  0.83172808E+00
  0.13500000E+03  0.37263069E+00  0.34106818E+00  0.83852904E+00
  0.13600000E+03  0.37115942E+00  0.34017004E+00  0.84963506E+00
  0.13700000E+03  0.37096613E+00  0.33869202E+00  0.81459369E+00
  0.13800000E+03  0.37016752E+00  0.33852589E+00  0.82150525E+00
  0.13900000E+03  0.37415767E+00  0.34299542E+00  0.83277433E+00
  0.14000000E+03  0.37310083E+00  0.34285646E+00  0.84357382E+00
  0.14100000E+03  0.37576710E+00  0.34596468E+00  0.84960222E+00
  0.14200000E+03  0.37428822E+00  0.34479778E+00  0.85956974E+00
  0.14300000E+03  0.37425672E+00  0.34339744E+00  0.82672424E+00
  0.14400000E+03  0.37321054E+00  0.34325383E+00  0.83282852E+00
  0.14500000E+03  0.37739545E+00  0.34785944E+00  0.84291278E+00
  0.14600000E+03  0.37643939E+00  0.34776990E+00  0.85247812E+00
  0.14700000E+03  0.37941908E+00  0.35094867E+00  0.85758519E+00
  0.14800000E+03  0.37742939E+00  0.34947957E+00  0.86623120E+00
  0.14900000E+03  0.37754431E+00  0.34815777E+00  0.83567094E+00
  0.15000000E+03  0.37644380E+00  0.34803471E+00  0.84080078E+00
  0.15100000E+03  0.38110251E+00  0.35271376E+00  0.84950428E+00
  0.15200000E+03  0.37982965E+00  0.35266484E+00  0.85764917E+00
  0.15300000E+03  0.38314963E+00  0.35585634E+00  0.86168643E+00
  0.15400000E+03  0.38093658E+00  0.35407681E+00  0.86885959E+00
  0.15500000E+03  0.38145809E+00  0.35282783E+00  0.84062688E+00
  0.15600000E+03  0.38026789E+00  0.35272511E+00  0.84464982E+00
  0.15700000E+03  0.38520879E+00  0.35740771E+00  0.85184669E+00
  0.15800000E+03  0.38400095E+00  0.35739077E+00  0.85848086E+00
  0.15900000E+03  0.38634554E+00  0.35869234E+00  0.86455931E+00
  0.16000000E+03  0.38150721E+00  0.35327916E+00  0.83446254E+00
  0.16100000E+03  0.38568792E+00  0.35726591E+00  0.84111346E+00
  0.16200000E+03  0.38526344E+00  0.35815077E+00  0.84721738E+00
  0.16300000E+03  0.38946996E+00  0.36180512E+00  0.84973053E+00
  0.16400000E+03  0.38831907E+00  0.36180877E+00  0.85492786E+00
  0.16500000E+03  0.39018671E+00  0.36271968E+00  0.85962373E+00
  0.16600000E+03  0.38551083E+00  0.35744534E+00  0.83201529E+00
  0.16700000E+03  0.38962691E+00  0.36135606E+00  0.83726080E+00
  0.16800000E+03  0.38927343E+00  0.36225655E+00  0.84202230E+00
  0.16900000E+03  0.39311490E+00  0.36579822E+00  0.84358887E+00
  0.17000000E+03  0.39216462E+00  0.36580854E+00  0.84758239E+00
  0.17100000E+03  0.39377717E+00  0.36631337E+00  0.85116504E+00
  0.17200000E+03  0.38919765E+00  0.36120985E+00  0.82569304E+00
  0.17300000E+03  0.39306076E+00  0.36501099E+00  0.82979309E+00
  0.17400000E+03  0.39273622E+00  0.36591502E+00  0.83350386E+00
  0.17500000E+03  0.39641087E+00  0.36932036E+00  0.83437269E+00
  0.17600000E+03  0.39568016E+00  0.36932479E+00  0.83750013E+00
  0.17700000E+03  0.39692674E+00  0.36943067E+00  0.84032715E+00
  0.17800000E+03  0.39265293E+00  0.36451261E+00  0.81651754E+00
  0.17900000E+03  0.39641697E+00  0.36819255E+00  0.81981777E+00
  0.18000000E+03  0.39633195E+00  0.36909094E+00  0.82283914E+00
  0.18100000E+03  0.40001873E+00  0.37235638E+00  0.82330046E+00
  0.18200000E+03  0.39941708E+00  0.37234947E+00  0.82594033E+00
  0.18300000E+03  0.40039281E+00  0.37208134E+00  0.82839482E+00
  0.18400000E+03  0.39637050E+00  0.36735112E+00  0.80570924E+00
  0.18500000E+03  0.40000618E+00  0.37091796E+00  0.80858291E+00
  0.18600000E+03  0.40009928E+00  0.37180966E+00  0.81129024E+00
  0.18700000E+03  0.40374986E+00  0.37494748E+00  0.81163339E+00
  0.18800000E+03  0.40323549E+00  0.37493540E+00  0.81415582E+00
  0.18900000E+03  0.40399251E+00  0.37432977E+00  0.81660108E+00
  0.19000000E+03  0.40022894E+00  0.36978388E+00  0.79449496E+00
  0.19100000E+03  0.40392086E+00  0.37325980E+00  0.79730028E+00
  0.19200000E+03  0.40410584E+00  0.37415481E+00  0.80004341E+00
  0.19300000E+03  0.40774280E+00  0.37718721E+00  0.80052846E+00
  0.19400000E+03  0.40725512E+00  0.37718852E+00  0.80326094E+00
  0.19500000E+03  0.40790101E+00  0.37628830E+00  0.80600868E+00
  0.19600000E+03  0.40428390E+00  0.37192144E+00  0.78398067E+00
  0.19700000E+03  0.40781800E+00  0.37533575E+00  0.78702855E+00
  0.19800000E+03  0.40796040E+00  0.37625413E+00  0.79010128E+00
  0.19900000E+03  0.41151488E+00  0.37920744E+00  0.79519324E+00
  0.20000000E+03  0.41126219E+00  0.37924966E+00  0.80839824E+00
  0.20100000E+03  0.41148721E+00  0.37810082E+00  0.79742081E+00
  0.20200000E+03  0.40785163E+00  0.37390679E+00  0.77847411E+00
  0.20300000E+03  0.41133883E+00  0.37728975E+00  0.79180411E+00
  0.20400000E+03  0.41170500E+00  0.37825698E+00  0.80491514E+00
  0.20500000E+03  0.41521762E+00  0.38115747E+00  0.81279609E+00
  0.20600000E+03  0.41487184E+00  0.38127078E+00  0.82550738E+00
  0.20700000E+03  0.41470453E+00  0.37992027E+00  0.79131131E+00
  0.20800000E+03  0.41126771E+00  0.37589065E+00  0.79623090E+00
  0.20900000E+03  0.41495907E+00  0.37926933E+00  0.80906613E+00
  0.21000000E+03  0.41523551E+00  0.38031006E+00  0.82164998E+00
  0.21100000E+03  0.41858970E+00  0.38318184E+00  0.82914151E+00
  0.21200000E+03  0.41834358E+00  0.38339239E+00  0.84127473E+00
  0.21300000E+03  0.41826766E+00  0.38188645E+00  0.80513493E+00
  0.21400000E+03  0.41477685E+00  0.37800901E+00  0.81269763E+00
  0.21500000E+03  0.41834020E+00  0.38140568E+00  0.82496013E+00
  0.21600000E+03  0.41870202E+00  0.38253843E+00  0.83694789E+00
  0.21700000E+03  0.42217882E+00  0.38540331E+00  0.84400656E+00
  0.21800000E+03  0.42209404E+00  0.38572870E+00  0.85551267E+00
  0.21900000E+03  0.42176202E+00  0.38411151E+00  0.82055549E+00
  0.22000000E+03  0.41834237E+00  0.38036950E+00  0.82769599E+00
  0.22100000E+03  0.42184726E+00  0.38380223E+00  0.83934953E+00
  0.22200000E+03  0.42246020E+00  0.38503709E+00  0.85071721E+00
  0.22300000E+03  0.42598077E+00  0.38791549E+00  0.85733833E+00
  0.22400000E+03  0.42584925E+00  0.38836375E+00  0.86821476E+00
  0.22500000E+03  0.42546592E+00  0.38667641E+00  0.83450448E+00
  0.22600000E+03  0.42216989E+00  0.38304936E+00  0.84122759E+00
  0.22700000E+03  0.42565612E+00  0.38653360E+00  0.85227914E+00
  0.22800000E+03  0.42635214E+00  0.38787315E+00  0.86304253E+00
  0.22900000E+03  0.42986460E+00  0.39078507E+00  0.86925059E+00
  0.23000000E+03  0.42988841E+00  0.39135649E+00  0.87952501E+00
  0.23100000E+03  0.42950842E+00  0.38963677E+00  0.84710150E+00
  0.23200000E+03  0.42625728E+00  0.38610202E+00  0.85343374E+00
  0.23300000E+03  0.42966334E+00  0.38965198E+00  0.86391092E+00
  0.23400000E+03  0.43055489E+00  0.39109392E+00  0.87409931E+00
  0.23500000E+03  0.43422036E+00  0.39405905E+00  0.87992314E+00
  0.23600000E+03  0.43427719E+00  0.39474900E+00  0.88962280E+00
  0.23700000E+03  0.43373261E+00  0.39303145E+00  0.85851524E+00
  0.23800000E+03  0.43055299E+00  0.38956568E+00  0.86447881E+00
  0.23900000E+03  0.43427438E+00  0.39319435E+00  0.87439896E+00
  0.24000000E+03  0.43530484E+00  0.39473397E+00  0.88402477E+00
  0.24100000E+03  0.43894084E+00  0.39777044E+00  0.88947314E+00
  0.24200000E+03  0.43919559E+00  0.39857142E+00  0.89859827E+00
  0.24300000E+03  0.43871369E+00  0.39688737E+00  0.86883879E+00
  0.24400000E+03  0.43567806E+00  0.39346743E+00  0.87443061E+00
  0.24500000E+03  0.43939899E+00  0.39718520E+00  0.88377920E+00
  0.24600000E+03  0.44055762E+00  0.39881636E+00  0.89282043E+00
  0.24700000E+03  0.44434620E+00  0.40193857E+00  0.89787097E+00
  0.24800000E+03  0.44471657E+00  0.40284071E+00  0.90638598E+00
  0.24900000E+03  0.44417740E+00  0.40121791E+00  0.87801541E+00
  0.25000000E+03  0.44094011E+00  0.39782098E+00  0.88320174E+00
  0.25100000E+03  0.44468996E+00  0.40163353E+00  0.89193037E+00
  0.25200000E+03  0.44605524E+00  0.40334833E+00  0.90033366E+00
  0.25300000E+03  0.44991443E+00  0.40656471E+00  0.90493942E+00
  0.25400000E+03  0.45027548E+00  0.40755530E+00  0.91278476E+00
  0.25500000E+03  0.44963360E+00  0.40601722E+00  0.88584725E+00
  0.25600000E+03  0.44641210E+00  0.40262094E+00  0.89057497E+00
  0.25700000E+03  0.45023792E+00  0.40652768E+00  0.89861827E+00
  0.25800000E+03  0.45159171E+00  0.40831562E+00  0.90631929E+00
  0.25900000E+03  0.45548707E+00  0.41162751E+00  0.91042812E+00
  0.26000000E+03  0.45594887E+00  0.41269072E+00  0.91754533E+00
  0.26100000E+03  0.45531010E+00  0.41125600E+00  0.89207435E+00
  0.26200000E+03  0.45198913E+00  0.40783879E+00  0.89629214E+00
  0.26300000E+03  0.45587516E+00  0.41183288E+00  0.90359410E+00
  0.26400000E+03  0.45727987E+00  0.41368069E+00  0.91054450E+00
  0.26500000E+03  0.46112584E+00  0.41708295E+00  0.91412153E+00
  0.26600000E+03  0.46171737E+00  0.41820035E+00  0.92047939E+00
  0.26700000E+03  0.46119513E+00  0.41688292E+00  0.89648114E+00
  0.26800000E+03  0.45775774E+00  0.41342464E+00  0.90016047E+00
  0.26900000E+03  0.46172589E+00  0.41749475E+00  0.90669836E+00
  0.27000000E+03  0.46304312E+00  0.41938721E+00  0.91288757E+00
  0.27100000E+03  0.46699588E+00  0.42287028E+00  0.91593126E+00
  0.27200000E+03  0.46762625E+00  0.42402249E+00  0.92154260E+00
  0.27300000E+03  0.46710791E+00  0.42283225E+00  0.89898345E+00
  0.27400000E+03  0.46359981E+00  0.41931505E+00  0.90213141E+00
  0.27500000E+03  0.46772496E+00  0.42344813E+00  0.90792839E+00
  0.27600000E+03  0.46911147E+00  0.42536972E+00  0.91339295E+00
  0.27700000E+03  0.47311031E+00  0.42892237E+00  0.91593988E+00
  0.27800000E+03  0.47362960E+00  0.43009113E+00  0.92086445E+00
  0.27900000E+03  0.47310443E+00  0.42903497E+00  0.89966654E+00
  0.28000000E+03  0.46973339E+00  0.42544382E+00  0.90232716E+00
  0.28100000E+03  0.47395319E+00  0.42962790E+00  0.90745131E+00
  0.28200000E+03  0.47522390E+00  0.43156446E+00  0.91227061E+00
  0.28300000E+03  0.47919305E+00  0.43517615E+00  0.91438944E+00
  0.28400000E+03  0.47981572E+00  0.43634605E+00  0.91872445E+00
  0.28500000E+03  0.47959507E+00  0.43542871E+00  0.89877007E+00
  0.28600000E+03  0.47600947E+00  0.43175145E+00  0.90101615E+00
  0.28700000E+03  0.48016859E+00  0.43597745E+00  0.90556871E+00
  0.28800000E+03  0.48154014E+00  0.43791718E+00  0.90985134E+00
  0.28900000E+03  0.48564829E+00  0.44157956E+00  0.91163022E+00
  0.29000000E+03  0.48623654E+00  0.44273873E+00  0.91549412E+00
  0.29100000E+03  0.48615741E+00  0.44196326E+00  0.89663665E+00
  0.29200000E+03  0.48246059E+00  0.43819011E+00  0.89855668E+00
  0.29300000E+03  0.48676352E+00  0.44245249E+00  0.90265562E+00
  0.29400000E+03  0.48811687E+00  0.44438592E+00  0.90652248E+00
  0.29500000E+03  0.49213325E+00  0.44809310E+00  0.90805526E+00
  0.29600000E+03  0.49276159E+00  0.44923288E+00  0.91157106E+00
  0.29700000E+03  0.49284839E+00  0.44860058E+00  0.90961176E+00
  0.29800000E+03  0.48897122E+00  0.44472344E+00  0.89533403E+00
  0.29900000E+03  0.49319365E+00  0.44901964E+00  0.89909872E+00
  0.30000000E+03  0.49453665E+00  0.45093880E+00  0.90266846E+00
  0.30100000E+03  0.49859708E+00  0.45468694E+00  0.90404372E+00
  0.30200000E+03  0.49930810E+00  0.45580067E+00  0.91372642E+00
  0.30300000E+03  0.49938589E+00  0.45531085E+00  0.92382308E+00
  0.30400000E+03  0.49530816E+00  0.45132261E+00  0.89171072E+00
  0.30500000E+03  0.49963677E+00  0.45565203E+00  0.90131859E+00
  0.30600000E+03  0.50092908E+00  0.45754919E+00  0.91165274E+00
  0.30700000E+03  0.50499222E+00  0.46133573E+00  0.91798533E+00
  0.30800000E+03  0.50568306E+00  0.46241735E+00  0.92815741E+00
  0.30900000E+03  0.50593173E+00  0.46206706E+00  0.93820646E+00
  0.31000000E+03  0.50166259E+00  0.45796126E+00  0.90556970E+00
  0.31100000E+03  0.50604362E+00  0.46232415E+00  0.91598166E+00
  0.31200000E+03  0.50721406E+00  0.46419073E+00  0.92627477E+00
  0.31300000E+03  0.51137503E+00  0.46801375E+00  0.93258053E+00
  0.31400000E+03  0.51214253E+00  0.46905662E+00  0.94265992E+00
  0.31500000E+03  0.51241981E+00  0.46884070E+00  0.95258455E+00
  0.31600000E+03  0.50788796E+00  0.46461147E+00  0.92039783E+00
  0.31700000E+03  0.51239577E+00  0.46900824E+00  0.93072007E+00
  0.31800000E+03  0.51359192E+00  0.47083410E+00  0.94089068E+00
  0.31900000E+03  0.51793670E+00  0.47469198E+00  0.94710752E+00
  0.32000000E+03  0.51852470E+00  0.47568824E+00  0.95700611E+00
  0.32100000E+03  0.51876199E+00  0.47559962E+00  0.96671540E+00
  0.32200000E+03  0.51418044E+00  0.47124194E+00  0.93514971E+00
  0.32300000E+03  0.51888367E+00  0.47567275E+00  0.94529096E+00
  0.32400000E+03  0.52002499E+00  0.47744616E+00  0.95524550E+00
  0.32500000E+03  0.52432959E+00  0.48133745E+00  0.96130304E+00
  0.32600000E+03  0.52486924E+00  0.48227785E+00  0.97092482E+00
  0.32700000E+03  0.52535357E+00  0.48230816E+00  0.98032245E+00
  0.32800000E+03  0.52061200E+00  0.47781813E+00  0.94955372E+00
  0.32900000E+03  0.52529281E+00  0.48228285E+00  0.95941699E+00
  0.33000000E+03  0.52638491E+00  0.48399074E+00  0.96905870E+00
  0.33100000E+03  0.53082957E+00  0.48791420E+00  0.97488574E+00
  0.33200000E+03  0.53125142E+00  0.48878836E+00  0.98413599E+00
  0.33300000E+03  0.53193517E+00  0.48892857E+00  0.99312937E+00
  0.33400000E+03  0.52698650E+00  0.48430360E+00  0.96332855E+00
  0.33500000E+03  0.53182445E+00  0.48880183E+00  0.97282004E+00
  0.33600000E+03  0.53278960E+00  0.49043038E+00  0.98205760E+00
  0.33700000E+03  0.53723305E+00  0.49438487E+00  0.98758875E+00
  0.33800000E+03  0.53763549E+00  0.49518174E+00  0.99638206E+00
  0.33900000E+03  0.53855161E+00  0.49542272E+00  0.10048898E+01
  0.34000000E+03  0.53343214E+00  0.49066160E+00  0.97621329E+00
  0.34100000E+03  0.53823244E+00  0.49519252E+00  0.98524956E+00
  0.34200000E+03  0.53914074E+00  0.49672780E+00  0.99400379E+00
  0.34300000E+03  0.54377879E+00  0.50071207E+00  0.99918421E+00
  0.34400000E+03  0.54408471E+00  0.50142045E+00  0.10074499E+01
  0.34500000E+03  0.54498540E+00  0.50175331E+00  0.10154067E+01
  0.34600000E+03  0.53974625E+00  0.49685620E+00  0.98798860E+00
  0.34700000E+03  0.54467242E+00  0.50141834E+00  0.99650129E+00
  0.34800000E+03  0.54547871E+00  0.50284700E+00  0.10047092E+01
  0.34900000E+03  0.55012672E+00  0.50685927E+00  0.10094972E+01
  0.35000000E+03  0.55042533E+00  0.50746845E+00  0.10171823E+01
  0.35100000E+03  0.55137173E+00  0.50788460E+00  0.10245411E+01
  0.35200000E+03  0.54602207E+00  0.50285301E+00  0.99848804E+00
  0.35300000E+03  0.55096334E+00  0.50744385E+00  0.10064264E+01
  0.35400000E+03  0.55169381E+00  0.50875384E+00  0.10140430E+01
  0.35500000E+03  0.55649235E+00  0.51279132E+00  0.10184110E+01
  0.35600000E+03  0.55661598E+00  0.51329178E+00  0.10254813E+01
  0.35700000E+03  0.55764812E+00  0.51378276E+00  0.10322142E+01
  0.35800000E+03  0.55212483E+00  0.50861971E+00  0.10076023E+01
  0.35900000E+03  0.55719168E+00  0.51323530E+00  0.10149339E+01
  0.36000000E+03  0.55778078E+00  0.51441663E+00  0.10219331E+01
  0.36100000E+03  0.56265178E+00  0.51847513E+00  0.10258676E+01
  0.36200000E+03  0.56270664E+00  0.51885937E+00  0.10323077E+01
  0.36300000E+03  0.56371247E+00  0.51941656E+00  0.10384053E+01
  0.36400000E+03  0.55813534E+00  0.51412682E+00  0.10152793E+01
  0.36500000E+03  0.56320731E+00  0.51876152E+00  0.10219903E+01
  0.36600000E+03  0.56371474E+00  0.51980717E+00  0.10283642E+01
  0.36700000E+03  0.56868262E+00  0.52388084E+00  0.10318657E+01
  0.36800000E+03  0.56858336E+00  0.52414426E+00  0.10376781E+01
  0.36900000E+03  0.56964704E+00  0.52475847E+00  0.10431489E+01
  0.37000000E+03  0.56390395E+00  0.51934901E+00  0.10215228E+01
  0.37100000E+03  0.56899076E+00  0.52399548E+00  0.10276172E+01
  0.37200000E+03  0.56951474E+00  0.52490222E+00  0.10333755E+01
  0.37300000E+03  0.57443818E+00  0.52898355E+00  0.10364569E+01
  0.37400000E+03  0.57421243E+00  0.52912528E+00  0.10416611E+01
  0.37500000E+03  0.57530523E+00  0.52978653E+00  0.10465298E+01
  0.37600000E+03  0.56943031E+00  0.52426688E+00  0.10263891E+01
  0.37700000E+03  0.57464613E+00  0.52891638E+00  0.10318872E+01
  0.37800000E+03  0.57493853E+00  0.52968546E+00  0.10370554E+01
  0.37900000E+03  0.57993812E+00  0.53376559E+00  0.10397414E+01
  0.38000000E+03  0.57961946E+00  0.53378922E+00  0.10443711E+01
  0.38100000E+03  0.58066897E+00  0.53448651E+00  0.10486759E+01
  0.38200000E+03  0.57471775E+00  0.52886913E+00  0.10299817E+01
  0.38300000E+03  0.57996430E+00  0.53351196E+00  0.10349177E+01
  0.38400000E+03  0.58021091E+00  0.53414962E+00  0.10395344E+01
  0.38500000E+03  0.58520409E+00  0.53821882E+00  0.10418584E+01
  0.38600000E+03  0.58469626E+00  0.53813272E+00  0.10459586E+01
  0.38700000E+03  0.58575637E+00  0.53885406E+00  0.10497475E+01
  0.38800000E+03  0.57975788E+00  0.53315445E+00  0.10324417E+01
  0.38900000E+03  0.58504578E+00  0.53778071E+00  0.10368605E+01
  0.39000000E+03  0.58514579E+00  0.53829823E+00  0.10409732E+01
  0.39100000E+03  0.59006548E+00  0.54234660E+00  0.10429745E+01
  0.39200000E+03  0.58956115E+00  0.54216387E+00  0.10465969E+01
  0.39300000E+03  0.59057418E+00  0.54289641E+00  0.10499234E+01
  0.39400000E+03  0.58450784E+00  0.53713295E+00  0.10339349E+01
  0.39500000E+03  0.58982193E+00  0.54173327E+00  0.10378871E+01
  0.39600000E+03  0.58982210E+00  0.54214660E+00  0.10415481E+01
  0.39700000E+03  0.59475089E+00  0.54616481E+00  0.10432678E+01
  0.39800000E+03  0.59411350E+00  0.54590279E+00  0.10464658E+01
  0.39900000E+03  0.59513681E+00  0.54663312E+00  0.10493835E+01
  0.40000000E+03  0.58907898E+00  0.54082664E+00  0.10346355E+01
  0.40100000E+03  0.59434481E+00  0.54539298E+00  0.10381724E+01
  0.40200000E+03  0.59431166E+00  0.54572190E+00  0.10414329E+01
  0.40300000E+03  0.59911689E+00  0.54970189E+00  0.10429102E+01
  0.40400000E+03  0.59834332E+00  0.54938118E+00  0.10457339E+01
  0.40500000E+03  0.59959192E+00  0.55009578E+00  0.10482918E+01
  0.40600000E+03  0.59350848E+00  0.54426886E+00  0.10347081E+01
  0.40700000E+03  0.59868914E+00  0.54879510E+00  0.10378771E+01
  0.40800000E+03  0.59860555E+00  0.54906208E+00  0.10407830E+01
  0.40900000E+03  0.60334517E+00  0.55299765E+00  0.10420514E+01
  0.41000000E+03  0.60275357E+00  0.55264090E+00  0.10445430E+01
  0.41100000E+03  0.60394956E+00  0.55332654E+00  0.10467812E+01
  0.41200000E+03  0.59780649E+00  0.54750272E+00  0.10342925E+01
  0.41300000E+03  0.60292525E+00  0.55198506E+00  0.10371323E+01
  0.41400000E+03  0.60288199E+00  0.55221385E+00  0.10397201E+01
  0.41500000E+03  0.60761490E+00  0.55610098E+00  0.10408045E+01
  0.41600000E+03  0.60709198E+00  0.55573148E+00  0.10429957E+01
  0.41700000E+03  0.60815233E+00  0.55637575E+00  0.10449427E+01
  0.41800000E+03  0.60201399E+00  0.55057857E+00  0.10334901E+01
  0.41900000E+03  0.60716369E+00  0.55501571E+00  0.10360285E+01
  0.42000000E+03  0.60716345E+00  0.55522988E+00  0.10383230E+01
  0.42100000E+03  0.61186179E+00  0.55906686E+00  0.10392387E+01
  0.42200000E+03  0.61132182E+00  0.55870713E+00  0.10411487E+01
  0.42300000E+03  0.61226772E+00  0.55929881E+00  0.10428207E+01
  0.42400000E+03  0.60625925E+00  0.55355100E+00  0.10323577E+01
  0.42500000E+03  0.61133833E+00  0.55794394E+00  0.10346103E+01
  0.42600000E+03  0.61140065E+00  0.55816550E+00  0.10366240E+01
  0.42700000E+03  0.61603400E+00  0.56195280E+00  0.10373764E+01
  0.42800000E+03  0.61551960E+00  0.56162329E+00  0.10390124E+01
  0.42900000E+03  0.61646946E+00  0.56215279E+00  0.10404141E+01
  0.43000000E+03  0.61047470E+00  0.55647541E+00  0.10309064E+01
  0.43100000E+03  0.61552658E+00  0.56082711E+00  0.10328773E+01
  0.43200000E+03  0.61561588E+00  0.56107531E+00  0.10346120E+01
  0.43300000E+03  0.62021804E+00  0.56481523E+00  0.10351979E+01
  0.43400000E+03  0.61980581E+00  0.56453325E+00  0.10365577E+01
  0.43500000E+03  0.62060907E+00  0.56499285E+00  0.10376849E+01
  0.43600000E+03  0.61465056E+00  0.55940464E+00  0.10291074E+01
  0.43700000E+03  0.61974021E+00  0.56371946E+00  0.10307919E+01
  0.43800000E+03  0.61997315E+00  0.56400989E+00  0.10322413E+01
  0.43900000E+03  0.62453622E+00  0.56770607E+00  0.10326521E+01
  0.44000000E+03  0.62407039E+00  0.56748504E+00  0.10337273E+01
  0.44100000E+03  0.62482155E+00  0.56786911E+00  0.10345710E+01
  0.44200000E+03  0.61894699E+00  0.56238594E+00  0.10269034E+01
  0.44300000E+03  0.62403426E+00  0.56666903E+00  0.10282919E+01
  0.44400000E+03  0.62435227E+00  0.56701302E+00  0.10294460E+01
  0.44500000E+03  0.62892540E+00  0.57066988E+00  0.10296709E+01
  0.44600000E+03  0.62856590E+00  0.57051886E+00  0.10304518E+01
  0.44700000E+03  0.62908759E+00  0.57082397E+00  0.10310030E+01
  0.44800000E+03  0.62335856E+00  0.56545846E+00  0.10242243E+01
  0.44900000E+03  0.62849544E+00  0.56971507E+00  0.10253069E+01
  0.45000000E+03  0.62887523E+00  0.57011944E+00  0.10261570E+01
  0.45100000E+03  0.63341736E+00  0.57374172E+00  0.10261870E+01
  0.45200000E+03  0.63314974E+00  0.57366531E+00  0.10266676E+01
  0.45300000E+03  0.63363236E+00  0.57389024E+00  0.10269222E+01
  0.45400000E+03  0.62799772E+00  0.56865145E+00  0.10210047E+01
  0.45500000E+03  0.63306669E+00  0.57288647E+00  0.10217764E+01
  0.45600000E+03  0.63348993E+00  0.57335362E+00  0.10223197E+01
  0.45700000E+03  0.63808273E+00  0.57694586E+00  0.10221513E+01
  0.45800000E+03  0.63802717E+00  0.57694437E+00  0.10223338E+01
  0.45900000E+03  0.63834131E+00  0.57709008E+00  0.10222972E+01
  0.46000000E+03  0.63280976E+00  0.57198340E+00  0.10172008E+01
  0.46100000E+03  0.63783875E+00  0.57620093E+00  0.10176657E+01
  0.46200000E+03  0.63847403E+00  0.57672921E+00  0.10179098E+01
  0.46300000E+03  0.64310970E+00  0.58029549E+00  0.10175485E+01
  0.46400000E+03  0.64320846E+00  0.58036539E+00  0.10174469E+01
  0.46500000E+03  0.64333634E+00  0.58043491E+00  0.10171370E+01
  0.46600000E+03  0.63785616E+00  0.57546203E+00  0.10128056E+01
  0.46700000E+03  0.64301924E+00  0.57966521E+00  0.10129803E+01
  0.46800000E+03  0.64375915E+00  0.58024949E+00  0.10129457E+01
  0.46900000E+03  0.64835110E+00  0.58379326E+00  0.10124076E+01
  0.47000000E+03  0.64848929E+00  0.58392784E+00  0.10120499E+01
  0.47100000E+03  0.64863485E+00  0.58392612E+00  0.10114990E+01
  0.47200000E+03  0.64317793E+00  0.57908519E+00  0.10078580E+01
  0.47300000E+03  0.64829006E+00  0.58327611E+00  0.10077733E+01
  0.47400000E+03  0.64905739E+00  0.58390862E+00  0.10074951E+01
  0.47500000E+03  0.65369480E+00  0.58743261E+00  0.10068078E+01
  0.47600000E+03  0.65399367E+00  0.58762281E+00  0.10062364E+01
  0.47700000E+03  0.65405543E+00  0.58755648E+00  0.10054906E+01
  0.47800000E+03  0.64856500E+00  0.58284239E+00  0.10024472E+01
  0.47900000E+03  0.65366390E+00  0.58702222E+00  0.10021483E+01
  0.48000000E+03  0.65449528E+00  0.58769337E+00  0.10016755E+01
  0.48100000E+03  0.65918440E+00  0.59119968E+00  0.10008771E+01
  0.48200000E+03  0.65960954E+00  0.59143497E+00  0.10001472E+01
  0.48300000E+03  0.65957546E+00  0.59131206E+00  0.99926510E+00
  0.48400000E+03  0.65416328E+00  0.58671685E+00  0.99671058E+00
  0.48500000E+03  0.65916385E+00  0.59088604E+00  0.99625508E+00
  0.48600000E+03  0.66016140E+00  0.59158535E+00  0.99564824E+00
  0.48700000E+03  0.66481221E+00  0.59507559E+00  0.99478546E+00
  0.48800000E+03  0.66530859E+00  0.59534480E+00  0.99396231E+00
  0.48900000E+03  0.66513392E+00  0.59517449E+00  0.99301106E+00
  0.49000000E+03  0.65982850E+00  0.59068790E+00  0.99082528E+00
  0.49100000E+03  0.66480073E+00  0.59484636E+00  0.99027999E+00
  0.49200000E+03  0.66579432E+00  0.59556336E+00  0.98960778E+00
  0.49300000E+03  0.67048070E+00  0.59903874E+00  0.98961795E+00
  0.49400000E+03  0.67094798E+00  0.59933095E+00  0.99437289E+00
  0.49500000E+03  0.67077312E+00  0.59912314E+00  0.98693835E+00
  0.49600000E+03  0.66550599E+00  0.59473324E+00  0.98499572E+00
  0.49700000E+03  0.67038299E+00  0.59888063E+00  0.98852284E+00
  0.49800000E+03  0.67139968E+00  0.59960554E+00  0.99322383E+00
  0.49900000E+03  0.67609968E+00  0.60306706E+00  0.99595831E+00
  0.50000000E+03  0.67659554E+00  0.60337227E+00  0.10002323E+01
  0.50100000E+03  0.67634986E+00  0.60313722E+00  0.98718242E+00
  0.50200000E+03  0.67113622E+00  0.59883109E+00  0.99002693E+00
  0.50300000E+03  0.67589081E+00  0.60296698E+00  0.99450365E+00
  0.50400000E+03  0.67701161E+00  0.60369139E+00  0.99871934E+00
  0.50500000E+03  0.68168030E+00  0.60713988E+00  0.10011083E+01
  0.50600000E+03  0.68216538E+00  0.60744957E+00  0.10048841E+01
  0.50700000E+03  0.68184812E+00  0.60719751E+00  0.99280659E+00
  0.50800000E+03  0.67663814E+00  0.60296191E+00  0.99531132E+00
  0.50900000E+03  0.68137329E+00  0.60708590E+00  0.99929810E+00
  0.51000000E+03  0.68259669E+00  0.60780315E+00  0.10030192E+01
  0.51100000E+03  0.68722486E+00  0.61123937E+00  0.10050619E+01
  0.51200000E+03  0.68758386E+00  0.61154685E+00  0.10083403E+01
  0.51300000E+03  0.68724187E+00  0.61128758E+00  0.99725881E+00
  0.51400000E+03  0.68208808E+00  0.60710960E+00  0.99942415E+00
  0.51500000E+03  0.68690862E+00  0.61122138E+00  0.10029234E+01
  0.51600000E+03  0.68801965E+00  0.61192684E+00  0.10061576E+01
  0.51700000E+03  0.69259732E+00  0.61535146E+00  0.10078656E+01
  0.51800000E+03  0.69293486E+00  0.61565207E+00  0.10106635E+01
  0.51900000E+03  0.69267411E+00  0.61539455E+00  0.10005778E+01
  0.52000000E+03  0.68751666E+00  0.61126214E+00  0.10024161E+01
  0.52100000E+03  0.69224849E+00  0.61536150E+00  0.10054456E+01
  0.52200000E+03  0.69338274E+00  0.61605258E+00  0.10082157E+01
  0.52300000E+03  0.69798483E+00  0.61946614E+00  0.10096109E+01
  0.52400000E+03  0.69828788E+00  0.61975725E+00  0.10119585E+01
  0.52500000E+03  0.69795904E+00  0.61950928E+00  0.10028471E+01
  0.52600000E+03  0.69282314E+00  0.61541173E+00  0.10043808E+01
  0.52700000E+03  0.69756300E+00  0.61949844E+00  0.10069711E+01
  0.52800000E+03  0.69873763E+00  0.62017452E+00  0.10093112E+01
  0.52900000E+03  0.70332406E+00  0.62357734E+00  0.10104237E+01
  0.53000000E+03  0.70345185E+00  0.62385820E+00  0.10123611E+01
  0.53100000E+03  0.70322453E+00  0.62362613E+00  0.10041853E+01
  0.53200000E+03  0.69806758E+00  0.61955435E+00  0.10054443E+01
  0.53300000E+03  0.70292881E+00  0.62362809E+00  0.10076354E+01
  0.53400000E+03  0.70396421E+00  0.62429027E+00  0.10095884E+01
  0.53500000E+03  0.70850563E+00  0.62768236E+00  0.10104534E+01
  0.53600000E+03  0.70866246E+00  0.62795383E+00  0.10120274E+01
  0.53700000E+03  0.70849761E+00  0.62774233E+00  0.10047356E+01
  0.53800000E+03  0.70331278E+00  0.62368902E+00  0.10057548E+01
  0.53900000E+03  0.70812388E+00  0.62774927E+00  0.10075927E+01
  0.54000000E+03  0.70906658E+00  0.62839998E+00  0.10092063E+01
  0.54100000E+03  0.71365006E+00  0.63178094E+00  0.10098616E+01
  0.54200000E+03  0.71394858E+00  0.63204513E+00  0.10111220E+01
  0.54300000E+03  0.71365247E+00  0.63185706E+00  0.10046545E+01
  0.54400000E+03  0.70837608E+00  0.62781680E+00  0.10054710E+01
  0.54500000E+03  0.71324070E+00  0.63186264E+00  0.10070042E+01
  0.54600000E+03  0.71422007E+00  0.63250528E+00  0.10083277E+01
  0.54700000E+03  0.71890319E+00  0.63587416E+00  0.10088115E+01
  0.54800000E+03  0.71909354E+00  0.63613403E+00  0.10098077E+01
  0.54900000E+03  0.71876656E+00  0.63597042E+00  0.10063643E+01
  0.55000000E+03  0.71340896E+00  0.63193955E+00  0.10087611E+01
  0.55100000E+03  0.71835687E+00  0.63596960E+00  0.10105506E+01
  0.55200000E+03  0.71938904E+00  0.63660810E+00  0.10108954E+01
  0.55300000E+03  0.72405255E+00  0.63996332E+00  0.10115156E+01
  0.55400000E+03  0.72417399E+00  0.64022227E+00  0.10139195E+01
  0.55500000E+03  0.72385616E+00  0.64008232E+00  0.10180293E+01
  0.55600000E+03  0.71849487E+00  0.63605882E+00  0.10205085E+01
  0.55700000E+03  0.72345095E+00  0.64007111E+00  0.10223989E+01
  0.55800000E+03  0.72448366E+00  0.64070949E+00  0.10228362E+01
  0.55900000E+03  0.72912165E+00  0.64404884E+00  0.10235252E+01
  0.56000000E+03  0.72921006E+00  0.64431030E+00  0.10258305E+01
  0.56100000E+03  0.72894301E+00  0.64419153E+00  0.10300431E+01
  0.56200000E+03  0.72355815E+00  0.64017478E+00  0.10325981E+01
  0.56300000E+03  0.72855090E+00  0.64416672E+00  0.10345755E+01
  0.56400000E+03  0.72947876E+00  0.64480876E+00  0.10350893E+01
  0.56500000E+03  0.73416505E+00  0.64812930E+00  0.10358361E+01
  0.56600000E+03  0.73425853E+00  0.64839642E+00  0.10380905E+01
  0.56700000E+03  0.73397354E+00  0.64829489E+00  0.10423889E+01
  0.56800000E+03  0.72862794E+00  0.64428543E+00  0.10450075E+01
  0.56900000E+03  0.73358813E+00  0.64825376E+00  0.10470510E+01
  0.57000000E+03  0.73454034E+00  0.64890268E+00  0.10476180E+01
  0.57100000E+03  0.73918679E+00  0.65220083E+00  0.10484054E+01
  0.57200000E+03  0.73921917E+00  0.65247620E+00  0.10506658E+01
  0.57300000E+03  0.73904065E+00  0.65238673E+00  0.10550254E+01
  0.57400000E+03  0.73364767E+00  0.64838601E+00  0.10576896E+01
  0.57500000E+03  0.73864551E+00  0.65232686E+00  0.10597704E+01
  0.57600000E+03  0.73954555E+00  0.65298512E+00  0.10603594E+01
  0.57700000E+03  0.74414272E+00  0.65625670E+00  0.10611644E+01
  0.57800000E+03  0.74410469E+00  0.65654224E+00  0.10634967E+01
  0.57900000E+03  0.74813914E+00  0.65952425E+00  0.10669555E+01
  0.58000000E+03  0.74348648E+00  0.65615386E+00  0.10705708E+01
  0.58100000E+03  0.74365872E+00  0.65637944E+00  0.10726525E+01
  0.58200000E+03  0.74322799E+00  0.65617566E+00  0.10741939E+01
  0.58300000E+03  0.74900031E+00  0.66028731E+00  0.10740191E+01
  0.58400000E+03  0.74910894E+00  0.66058419E+00  0.10764981E+01
  0.58500000E+03  0.75316730E+00  0.66353023E+00  0.10799614E+01
  0.58600000E+03  0.74847981E+00  0.66020723E+00  0.10835533E+01
  0.58700000E+03  0.74857329E+00  0.66039720E+00  0.10855930E+01
  0.58800000E+03  0.74808691E+00  0.66020856E+00  0.10871039E+01
  0.58900000E+03  0.75393429E+00  0.66428051E+00  0.10868545E+01
  0.59000000E+03  0.75409496E+00  0.66458913E+00  0.10895616E+01
  0.59100000E+03  0.75813486E+00  0.66749420E+00  0.10929969E+01
  0.59200000E+03  0.75339134E+00  0.66421693E+00  0.10965186E+01
  0.59300000E+03  0.75338867E+00  0.66436854E+00  0.10984684E+01
  0.59400000E+03  0.75292869E+00  0.66419528E+00  0.10999134E+01
  0.59500000E+03  0.75881830E+00  0.66822202E+00  0.10995399E+01
  0.59600000E+03  0.75902217E+00  0.66854217E+00  0.11025610E+01
  0.59700000E+03  0.76297552E+00  0.67140120E+00  0.11059324E+01
  0.59800000E+03  0.75818710E+00  0.66816754E+00  0.11093337E+01
  0.59900000E+03  0.75819456E+00  0.66827854E+00  0.11111427E+01
  0.60000000E+03  0.75778743E+00  0.66812038E+00  0.11124846E+01
  0.60100000E+03  0.76366754E+00  0.67209623E+00  0.11119357E+01
  0.60200000E+03  0.76379911E+00  0.67242726E+00  0.11153585E+01
  0.60300000E+03  0.76771481E+00  0.67523521E+00  0.11186285E+01
  0.60400000E+03  0.76294434E+00  0.67204290E+00  0.11218578E+01
  0.60500000E+03  0.76296402E+00  0.67211145E+00  0.11234748E+01
  0.60600000E+03  0.76247989E+00  0.67196775E+00  0.11246765E+01
  0.60700000E+03  0.76840964E+00  0.67588707E+00  0.11239018E+01
  0.60800000E+03  0.76853086E+00  0.67622804E+00  0.11278124E+01
  0.60900000E+03  0.77241753E+00  0.67898007E+00  0.11309438E+01
  0.61000000E+03  0.76762967E+00  0.67582696E+00  0.11339508E+01
  0.61100000E+03  0.76757523E+00  0.67585157E+00  0.11353262E+01
  0.61200000E+03  0.76716412E+00  0.67572154E+00  0.11363525E+01
  0.61300000E+03  0.77308475E+00  0.67957884E+00  0.11353048E+01
  0.61400000E+03  0.77314660E+00  0.67992880E+00  0.11397846E+01
  0.61500000E+03  0.77695106E+00  0.68262039E+00  0.11427424E+01
  0.61600000E+03  0.77222167E+00  0.67950468E+00  0.11454800E+01
  0.61700000E+03  0.77217857E+00  0.67948412E+00  0.11465687E+01
  0.61800000E+03  0.77179858E+00  0.67936704E+00  0.11473881E+01
  0.61900000E+03  0.77761832E+00  0.68315715E+00  0.11461657E+01
  0.62000000E+03  0.77765116E+00  0.68351528E+00  0.11511482E+01
  0.62100000E+03  0.78149836E+00  0.68614236E+00  0.11539012E+01
  0.62200000E+03  0.77673316E+00  0.68306280E+00  0.11563283E+01
  0.62300000E+03  0.77670528E+00  0.68299608E+00  0.11570915E+01
  0.62400000E+03  0.77629514E+00  0.68289146E+00  0.11576775E+01
  0.62500000E+03  0.78196881E+00  0.68660968E+00  0.11571327E+01
  0.62600000E+03  0.78216028E+00  0.68697547E+00  0.11617941E+01
  0.62700000E+03  0.78590868E+00  0.68953450E+00  0.11643164E+01
  0.62800000E+03  0.78114875E+00  0.68649055E+00  0.11663994E+01
  0.62900000E+03  0.78107556E+00  0.68637688E+00  0.11668061E+01
  0.63000000E+03  0.78064055E+00  0.68628461E+00  0.11671387E+01
  0.63100000E+03  0.78631821E+00  0.68992681E+00  0.11673264E+01
  0.63200000E+03  0.78649366E+00  0.69030021E+00  0.11716365E+01
  0.63300000E+03  0.79015052E+00  0.69278827E+00  0.11739085E+01
  0.63400000E+03  0.78551724E+00  0.68978014E+00  0.11756224E+01
  0.63500000E+03  0.78533969E+00  0.68961893E+00  0.11756510E+01
  0.63600000E+03  0.78488187E+00  0.68953937E+00  0.11757172E+01
  0.63700000E+03  0.79056460E+00  0.69310211E+00  0.11766785E+01
  0.63800000E+03  0.79067800E+00  0.69348356E+00  0.11806164E+01
  0.63900000E+03  0.79439054E+00  0.69589843E+00  0.11826257E+01
  0.64000000E+03  0.78976709E+00  0.69292710E+00  0.11839553E+01
  0.64100000E+03  0.78948053E+00  0.69271799E+00  0.11835939E+01
  0.64200000E+03  0.78905368E+00  0.69265200E+00  0.11833881E+01
  0.64300000E+03  0.79467862E+00  0.69613258E+00  0.11851494E+01
  0.64400000E+03  0.79490561E+00  0.69652306E+00  0.11887038E+01
  0.64500000E+03  0.79855090E+00  0.69886322E+00  0.11904452E+01
  0.64600000E+03  0.79385331E+00  0.69593041E+00  0.11913853E+01
  0.64700000E+03  0.79357426E+00  0.69567327E+00  0.11906320E+01
  0.64800000E+03  0.79313403E+00  0.69562223E+00  0.11901559E+01
  0.64900000E+03  0.79870999E+00  0.69901873E+00  0.11927286E+01
  0.65000000E+03  0.79901999E+00  0.69941974E+00  0.11958981E+01
  0.65100000E+03  0.80255042E+00  0.70168439E+00  0.11973739E+01
  0.65200000E+03  0.79793410E+00  0.69879245E+00  0.11979286E+01
  0.65300000E+03  0.79758018E+00  0.69848743E+00  0.11967909E+01
  0.65400000E+03  0.79710999E+00  0.69845317E+00  0.11960532E+01
  0.65500000E+03  0.80275693E+00  0.70176447E+00  0.11994342E+01
  0.65600000E+03  0.80299970E+00  0.70217791E+00  0.12022267E+01
  0.65700000E+03  0.80649380E+00  0.70436695E+00  0.12034457E+01
  0.65800000E+03  0.80193368E+00  0.70151877E+00  0.12036282E+01
  0.65900000E+03  0.80146255E+00  0.70116633E+00  0.12021222E+01
  0.66000000E+03  0.80105042E+00  0.70115101E+00  0.12011422E+01
  0.66100000E+03  0.80669346E+00  0.70437678E+00  0.12053103E+01
  0.66200000E+03  0.80696747E+00  0.70480486E+00  0.12077420E+01
  0.66300000E+03  0.81041022E+00  0.70691889E+00  0.12087190E+01
  0.66400000E+03  0.80580591E+00  0.70411771E+00  0.12085502E+01
  0.66500000E+03  0.80533660E+00  0.70371863E+00  0.12066992E+01
  0.66600000E+03  0.80503609E+00  0.70372466E+00  0.12065990E+01
  0.66700000E+03  0.81054352E+00  0.70686531E+00  0.12104234E+01
  0.66800000E+03  0.81087629E+00  0.70731040E+00  0.12125175E+01
  0.66900000E+03  0.81420230E+00  0.70935061E+00  0.12132722E+01
  0.67000000E+03  0.80958671E+00  0.70659991E+00  0.12127791E+01
  0.67100000E+03  0.80927755E+00  0.70615533E+00  0.12106121E+01
  0.67200000E+03  0.80893260E+00  0.70618519E+00  0.12113504E+01
  0.67300000E+03  0.81439468E+00  0.70924182E+00  0.12148578E+01
  0.67400000E+03  0.81467685E+00  0.70970629E+00  0.12166432E+01
  0.67500000E+03  0.81791819E+00  0.71167442E+00  0.12171986E+01
  0.67600000E+03  0.81346307E+00  0.70897774E+00  0.12164129E+01
  0.67700000E+03  0.81312084E+00  0.70848915E+00  0.12139629E+01
  0.67800000E+03  0.81276758E+00  0.70854528E+00  0.12154891E+01
  0.67900000E+03  0.81816290E+00  0.71151959E+00  0.12187106E+01
  0.68000000E+03  0.81844054E+00  0.71200566E+00  0.12202196E+01
  0.68100000E+03  0.82160530E+00  0.71390392E+00  0.12206014E+01
  0.68200000E+03  0.81729273E+00  0.71126473E+00  0.12195573E+01
  0.68300000E+03  0.81692060E+00  0.71073397E+00  0.12168596E+01
  0.68400000E+03  0.81661410E+00  0.71081858E+00  0.12191165E+01
  0.68500000E+03  0.82188652E+00  0.71371278E+00  0.12220860E+01
  0.68600000E+03  0.82216919E+00  0.71422237E+00  0.12233532E+01
  0.68700000E+03  0.82533572E+00  0.71605334E+00  0.12235876E+01
  0.68800000E+03  0.82104639E+00  0.71347494E+00  0.12223206E+01
  0.68900000E+03  0.82075392E+00  0.71290416E+00  0.12200617E+01
  0.69000000E+03  0.82041367E+00  0.71301915E+00  0.12223381E+01
  0.69100000E+03  0.82552606E+00  0.71583586E+00  0.12250901E+01
  0.69200000E+03  0.82593922E+00  0.71637045E+00  0.12261504E+01
  0.69300000E+03  0.82902613E+00  0.71813700E+00  0.12262636E+01
  0.69400000E+03  0.82489738E+00  0.71562239E+00  0.12248085E+01
  0.69500000E+03  0.82451245E+00  0.71501408E+00  0.12230993E+01
  0.69600000E+03  0.82415762E+00  0.71516087E+00  0.12252575E+01
  0.69700000E+03  0.82919923E+00  0.71790304E+00  0.12278260E+01
  0.69800000E+03  0.82970483E+00  0.71846356E+00  0.12287131E+01
  0.69900000E+03  0.83269517E+00  0.72016879E+00  0.12287299E+01
  0.70000000E+03  0.82870575E+00  0.71772061E+00  0.12271197E+01
  0.70100000E+03  0.82819851E+00  0.71707746E+00  0.12259088E+01
  0.70200000E+03  0.82786243E+00  0.71725697E+00  0.12279730E+01
  0.70300000E+03  0.83293838E+00  0.71992776E+00  0.12303899E+01
  0.70400000E+03  0.83342544E+00  0.72051454E+00  0.12311352E+01
  0.70500000E+03  0.83640339E+00  0.72216164E+00  0.12310781E+01
  0.70600000E+03  0.83244856E+00  0.71978215E+00  0.12293425E+01
  0.70700000E+03  0.83187588E+00  0.71910707E+00  0.12285812E+01
  0.70800000E+03  0.83170435E+00  0.71931959E+00  0.12305731E+01
  0.70900000E+03  0.83663700E+00  0.72192230E+00  0.12328674E+01
  0.71000000E+03  0.83718490E+00  0.72253500E+00  0.12334987E+01
  0.71100000E+03  0.84004989E+00  0.72412724E+00  0.12333872E+01
  0.71200000E+03  0.83617006E+00  0.72181824E+00  0.12315521E+01
  0.71300000E+03  0.83566281E+00  0.72111429E+00  0.12311959E+01
  0.71400000E+03  0.83552841E+00  0.72135950E+00  0.12331344E+01
  0.71500000E+03  0.84028634E+00  0.72389749E+00  0.12353310E+01
  0.71600000E+03  0.84088856E+00  0.72453509E+00  0.12358721E+01
  0.71700000E+03  0.84367164E+00  0.72607573E+00  0.12357224E+01
  0.71800000E+03  0.83993266E+00  0.72383862E+00  0.12338093E+01
  0.71900000E+03  0.83942702E+00  0.72310891E+00  0.12338189E+01
  0.72000000E+03  0.83929745E+00  0.72338587E+00  0.12357196E+01
  0.72100000E+03  0.84397477E+00  0.72586247E+00  0.12378391E+01
  0.72200000E+03  0.84460536E+00  0.72652328E+00  0.12383092E+01
  0.72300000E+03  0.84731836E+00  0.72801555E+00  0.12381341E+01
  0.72400000E+03  0.84375394E+00  0.72585127E+00  0.12361596E+01
  0.72500000E+03  0.84314065E+00  0.72509895E+00  0.12365018E+01
  0.72600000E+03  0.84301980E+00  0.72540612E+00  0.12383768E+01
  0.72700000E+03  0.84767049E+00  0.72782459E+00  0.12404351E+01
  0.72800000E+03  0.84830770E+00  0.72850631E+00  0.12408488E+01
  0.72900000E+03  0.85098678E+00  0.72995330E+00  0.12406573E+01
  0.73000000E+03  0.84752614E+00  0.72786243E+00  0.12386336E+01
  0.73100000E+03  0.84683062E+00  0.72709058E+00  0.12392816E+01
  0.73200000E+03  0.84680911E+00  0.72742586E+00  0.12411396E+01
  0.73300000E+03  0.85136451E+00  0.72978935E+00  0.12431482E+01
  0.73400000E+03  0.85203395E+00  0.73048910E+00  0.12435155E+01
  0.73500000E+03  0.85468000E+00  0.73189381E+00  0.12433135E+01
  0.73600000E+03  0.85126674E+00  0.72987653E+00  0.12412481E+01
  0.73700000E+03  0.85057660E+00  0.72908817E+00  0.12421814E+01
  0.73800000E+03  0.85060502E+00  0.72944897E+00  0.12440279E+01
  0.73900000E+03  0.85502699E+00  0.73176044E+00  0.12459941E+01
  0.74000000E+03  0.85576744E+00  0.73247489E+00  0.12463209E+01
  0.74100000E+03  0.85833638E+00  0.73384014E+00  0.12461111E+01
  0.74200000E+03  0.85501664E+00  0.73189633E+00  0.12440077E+01
  0.74300000E+03  0.85432596E+00  0.73109429E+00  0.12452120E+01
  0.74400000E+03  0.85434250E+00  0.73147762E+00  0.12470496E+01
  0.74500000E+03  0.85872231E+00  0.73373986E+00  0.12489768E+01
  0.74600000E+03  0.85947969E+00  0.73446527E+00  0.12492655E+01
  0.74700000E+03  0.86200670E+00  0.73579369E+00  0.12490481E+01
  0.74800000E+03  0.85873975E+00  0.73392292E+00  0.12469072E+01
  0.74900000E+03  0.85802957E+00  0.73310990E+00  0.12483736E+01
  0.75000000E+03  0.85807529E+00  0.73351242E+00  0.12502023E+01
  0.75100000E+03  0.86243306E+00  0.73572799E+00  0.12520909E+01
  0.75200000E+03  0.86321131E+00  0.73646033E+00  0.12523409E+01
  0.75300000E+03  0.86564777E+00  0.73775435E+00  0.12521139E+01
  0.75400000E+03  0.86244949E+00  0.73595596E+00  0.12499333E+01
  0.75500000E+03  0.86172823E+00  0.73513441E+00  0.12516578E+01
  0.75600000E+03  0.86182237E+00  0.73555258E+00  0.12534759E+01
  0.75700000E+03  0.86616976E+00  0.73772378E+00  0.12553236E+01
  0.75800000E+03  0.86687805E+00  0.73845885E+00  0.12555317E+01
  0.75900000E+03  0.86922690E+00  0.73972067E+00  0.12552921E+01
  0.76000000E+03  0.86614599E+00  0.73799377E+00  0.12530674E+01
  0.76100000E+03  0.86548227E+00  0.73716593E+00  0.12550499E+01
  0.76200000E+03  0.86561595E+00  0.73759606E+00  0.12568542E+01
  0.76300000E+03  0.86984461E+00  0.73972495E+00  0.12586569E+01
  0.76400000E+03  0.87047425E+00  0.74045844E+00  0.12588186E+01
  0.76500000E+03  0.87276850E+00  0.74169001E+00  0.12585618E+01
  0.76600000E+03  0.86985939E+00  0.74003355E+00  0.12562876E+01
  0.76700000E+03  0.86924102E+00  0.73920139E+00  0.12585313E+01
  0.76800000E+03  0.86933447E+00  0.73963974E+00  0.12603175E+01
  0.76900000E+03  0.87345175E+00  0.74172808E+00  0.12620699E+01
  0.77000000E+03  0.87407312E+00  0.74245571E+00  0.12621794E+01
  0.77100000E+03  0.87636915E+00  0.74365871E+00  0.12619006E+01
  0.77200000E+03  0.87358866E+00  0.74207149E+00  0.12595705E+01
  0.77300000E+03  0.87292666E+00  0.74123676E+00  0.12620807E+01
  0.77400000E+03  0.87297172E+00  0.74167962E+00  0.12638443E+01
  0.77500000E+03  0.87705555E+00  0.74372890E+00  0.12655404E+01
  0.77600000E+03  0.87766966E+00  0.74444646E+00  0.12655915E+01
  0.77700000E+03  0.87994737E+00  0.74562229E+00  0.12652855E+01
  0.77800000E+03  0.87726675E+00  0.74410298E+00  0.12628929E+01
  0.77900000E+03  0.87654233E+00  0.74326718E+00  0.12656769E+01
  0.78000000E+03  0.87658435E+00  0.74371097E+00  0.12674129E+01
  0.78100000E+03  0.88066961E+00  0.74572235E+00  0.12690464E+01
  0.78200000E+03  0.88119851E+00  0.74642581E+00  0.12690326E+01
  0.78300000E+03  0.88348625E+00  0.74757558E+00  0.12686944E+01
  0.78400000E+03  0.88087766E+00  0.74612276E+00  0.12662328E+01
  0.78500000E+03  0.88017966E+00  0.74528716E+00  0.12692987E+01
  0.78600000E+03  0.88020255E+00  0.74572846E+00  0.12710025E+01
  0.78700000E+03  0.88419895E+00  0.74770283E+00  0.12725672E+01
  0.78800000E+03  0.88470500E+00  0.74838838E+00  0.12724822E+01
  0.78900000E+03  0.88698912E+00  0.74951289E+00  0.12721072E+01
  0.79000000E+03  0.88446633E+00  0.74812505E+00  0.12695704E+01
  0.79100000E+03  0.88376995E+00  0.74729073E+00  0.12729269E+01
  0.79200000E+03  0.88372162E+00  0.74772633E+00  0.12745939E+01
  0.79300000E+03  0.88765524E+00  0.74966427E+00  0.12760840E+01
  0.79400000E+03  0.88821556E+00  0.75032838E+00  0.12759219E+01
  0.79500000E+03  0.89045016E+00  0.75142814E+00  0.12755058E+01
  0.79600000E+03  0.88801710E+00  0.75010369E+00  0.12728879E+01
  0.79700000E+03  0.88726060E+00  0.74927158E+00  0.12765441E+01
  0.79800000E+03  0.88714998E+00  0.74969855E+00  0.12781702E+01
  0.79900000E+03  0.89115941E+00  0.75160033E+00  0.12795802E+01
  0.80000000E+03  0.89162669E+00  0.75223980E+00  0.12793357E+01
  0.80100000E+03  0.89386931E+00  0.75331504E+00  0.12788744E+01
  0.80200000E+03  0.89145726E+00  0.75205232E+00  0.12763066E+01
  0.80300000E+03  0.89070778E+00  0.75122319E+00  0.12801350E+01
  0.80400000E+03  0.89056746E+00  0.75163889E+00  0.12817166E+01
  0.80500000E+03  0.89456690E+00  0.75350453E+00  0.12830413E+01
  0.80600000E+03  0.89497994E+00  0.75411649E+00  0.12827095E+01
  0.80700000E+03  0.89720381E+00  0.75516715E+00  0.12821996E+01
  0.80800000E+03  0.89485763E+00  0.75396442E+00  0.12799442E+01
  0.80900000E+03  0.89409732E+00  0.75313897E+00  0.12836864E+01
  0.81000000E+03  0.89392775E+00  0.75354107E+00  0.12852201E+01
  0.81100000E+03  0.89789664E+00  0.75537032E+00  0.12864551E+01
  0.81200000E+03  0.89827430E+00  0.75595228E+00  0.12860314E+01
  0.81300000E+03  0.90051346E+00  0.75697807E+00  0.12854699E+01
  0.81400000E+03  0.89815126E+00  0.75583353E+00  0.12835353E+01
  0.81500000E+03  0.89742571E+00  0.75501239E+00  0.12871868E+01
  0.81600000E+03  0.89721276E+00  0.75539889E+00  0.12886696E+01
  0.81700000E+03  0.90118116E+00  0.75719126E+00  0.12898107E+01
  0.81800000E+03  0.90150746E+00  0.75774110E+00  0.12892909E+01
  0.81900000E+03  0.90369988E+00  0.75874151E+00  0.12886750E+01
  0.82000000E+03  0.90135761E+00  0.75765327E+00  0.12870692E+01
  0.82100000E+03  0.90067882E+00  0.75683710E+00  0.12906262E+01
  0.82200000E+03  0.90048394E+00  0.75720632E+00  0.12920553E+01
  0.82300000E+03  0.90439327E+00  0.75896114E+00  0.12930984E+01
  0.82400000E+03  0.90460021E+00  0.75947712E+00  0.12924788E+01
  0.82500000E+03  0.90675086E+00  0.76045144E+00  0.12918057E+01
  0.82600000E+03  0.90451220E+00  0.75941754E+00  0.12905367E+01
  0.82700000E+03  0.90390013E+00  0.75860703E+00  0.12939952E+01
  0.82800000E+03  0.90364210E+00  0.75895760E+00  0.12953680E+01
  0.82900000E+03  0.90746611E+00  0.76067405E+00  0.12963095E+01
  0.83000000E+03  0.90754964E+00  0.76115479E+00  0.12955864E+01
  0.83100000E+03  0.90977829E+00  0.76210218E+00  0.12948536E+01
  0.83200000E+03  0.90763319E+00  0.76112058E+00  0.12939287E+01
  0.83300000E+03  0.90697467E+00  0.76031649E+00  0.12972852E+01
  0.83400000E+03  0.90665147E+00  0.76064738E+00  0.12985991E+01
  0.83500000E+03  0.91042020E+00  0.76232448E+00  0.12994354E+01
  0.83600000E+03  0.91053261E+00  0.76276899E+00  0.12986053E+01
  0.83700000E+03  0.91278144E+00  0.76368851E+00  0.12978105E+01
  0.83800000E+03  0.91059890E+00  0.76275709E+00  0.12972369E+01
  0.83900000E+03  0.90989532E+00  0.76196030E+00  0.13004877E+01
  0.84000000E+03  0.90952273E+00  0.76227076E+00  0.13017404E+01
  0.84100000E+03  0.91336293E+00  0.76390746E+00  0.13024680E+01
  0.84200000E+03  0.91342799E+00  0.76431507E+00  0.13015275E+01
  0.84300000E+03  0.91563349E+00  0.76520573E+00  0.13006684E+01
  0.84400000E+03  0.91340291E+00  0.76432230E+00  0.13004528E+01
  0.84500000E+03  0.91271800E+00  0.76353382E+00  0.13035945E+01
  0.84600000E+03  0.91231585E+00  0.76382340E+00  0.13047836E+01
  0.84700000E+03  0.91625181E+00  0.76541860E+00  0.13053992E+01
  0.84800000E+03  0.91617547E+00  0.76578898E+00  0.13043450E+01
  0.84900000E+03  0.91832331E+00  0.76664977E+00  0.13034194E+01
  0.85000000E+03  0.91611151E+00  0.76581204E+00  0.13035682E+01
  0.85100000E+03  0.91542830E+00  0.76503307E+00  0.13065974E+01
  0.85200000E+03  0.91506761E+00  0.76530155E+00  0.13077206E+01
  0.85300000E+03  0.91898484E+00  0.76685417E+00  0.13082211E+01
  0.85400000E+03  0.91878896E+00  0.76718728E+00  0.13070503E+01
  0.85500000E+03  0.92092674E+00  0.76801721E+00  0.13060561E+01
  0.85600000E+03  0.91867550E+00  0.76722285E+00  0.13065749E+01
  0.85700000E+03  0.91812365E+00  0.76645475E+00  0.13094887E+01
  0.85800000E+03  0.91773589E+00  0.76670217E+00  0.13105438E+01
  0.85900000E+03  0.92158651E+00  0.76821111E+00  0.13109264E+01
  0.86000000E+03  0.92129316E+00  0.76850719E+00  0.13096362E+01
  0.86100000E+03  0.92336953E+00  0.76930534E+00  0.13085716E+01
  0.86200000E+03  0.92116164E+00  0.76855196E+00  0.13094653E+01
  0.86300000E+03  0.92068691E+00  0.76779626E+00  0.13122609E+01
  0.86400000E+03  0.92029333E+00  0.76802286E+00  0.13132462E+01
  0.86500000E+03  0.92406386E+00  0.76948711E+00  0.13135083E+01
  0.86600000E+03  0.92363764E+00  0.76974664E+00  0.13120965E+01
  0.86700000E+03  0.92569855E+00  0.77051217E+00  0.13109598E+01
  0.86800000E+03  0.92354549E+00  0.76979733E+00  0.13122327E+01
  0.86900000E+03  0.92319333E+00  0.76905577E+00  0.13149077E+01
  0.87000000E+03  0.92271756E+00  0.76926195E+00  0.13158216E+01
  0.87100000E+03  0.92637642E+00  0.77068058E+00  0.13159613E+01
  0.87200000E+03  0.92588274E+00  0.77090425E+00  0.13144260E+01
  0.87300000E+03  0.92797520E+00  0.77163643E+00  0.13132163E+01
  0.87400000E+03  0.92583420E+00  0.77095768E+00  0.13148713E+01
  0.87500000E+03  0.92555626E+00  0.77023214E+00  0.13174240E+01
  0.87600000E+03  0.92496896E+00  0.77041847E+00  0.13182653E+01
  0.87700000E+03  0.92859288E+00  0.77179065E+00  0.13182812E+01
  0.87800000E+03  0.92809450E+00  0.77197930E+00  0.13166214E+01
  0.87900000E+03  0.93015785E+00  0.77267755E+00  0.13153380E+01
  0.88000000E+03  0.92794266E+00  0.77203244E+00  0.13173771E+01
  0.88100000E+03  0.92776479E+00  0.77132496E+00  0.13198063E+01
  0.88200000E+03  0.92708685E+00  0.77149211E+00  0.13205745E+01
  0.88300000E+03  0.93079403E+00  0.77281714E+00  0.13204660E+01
  0.88400000E+03  0.93016781E+00  0.77297178E+00  0.13186813E+01
  0.88500000E+03  0.93216411E+00  0.77363563E+00  0.13173241E+01
  0.88600000E+03  0.92989583E+00  0.77302174E+00  0.13197479E+01
  0.88700000E+03  0.92984268E+00  0.77233448E+00  0.13220533E+01
  0.88800000E+03  0.92922672E+00  0.77248322E+00  0.13227483E+01
  0.88900000E+03  0.93286756E+00  0.77376053E+00  0.13225155E+01
  0.89000000E+03  0.93206660E+00  0.77388226E+00  0.13206065E+01
  0.89100000E+03  0.93401998E+00  0.77451139E+00  0.13191761E+01
  0.89200000E+03  0.93176125E+00  0.77392637E+00  0.13219839E+01
  0.89300000E+03  0.93190679E+00  0.77326156E+00  0.13241660E+01
  0.89400000E+03  0.93131489E+00  0.77339274E+00  0.13247884E+01
  0.89500000E+03  0.93476653E+00  0.77462190E+00  0.13244324E+01
  0.89600000E+03  0.93384230E+00  0.77471189E+00  0.13224003E+01
  0.89700000E+03  0.93575339E+00  0.77530615E+00  0.13208980E+01
  0.89800000E+03  0.93366199E+00  0.77474774E+00  0.13240877E+01
  0.89900000E+03  0.93382582E+00  0.77410765E+00  0.13261479E+01
  0.90000000E+03  0.93325501E+00  0.77422216E+00  0.13266989E+01
  0.90100000E+03  0.93654548E+00  0.77540289E+00  0.13262217E+01
  0.90200000E+03  0.93556622E+00  0.77546238E+00  0.13240689E+01
  0.90300000E+03  0.93742496E+00  0.77602174E+00  0.13224964E+01
  0.90400000E+03  0.93545945E+00  0.77548780E+00  0.13260644E+01
  0.90500000E+03  0.93563135E+00  0.77487470E+00  0.13280051E+01
  0.90600000E+03  0.93508047E+00  0.77497347E+00  0.13284867E+01
  0.90700000E+03  0.93821972E+00  0.77610563E+00  0.13278911E+01
  0.90800000E+03  0.93724325E+00  0.77613588E+00  0.13256207E+01
  0.90900000E+03  0.93898795E+00  0.77666046E+00  0.13244154E+01
  0.91000000E+03  0.93712589E+00  0.77614901E+00  0.13279221E+01
  0.91100000E+03  0.93733292E+00  0.77556514E+00  0.13297464E+01
  0.91200000E+03  0.93680269E+00  0.77564908E+00  0.13301612E+01
  0.91300000E+03  0.93980326E+00  0.77673271E+00  0.13294509E+01
  0.91400000E+03  0.93880239E+00  0.77673499E+00  0.13270668E+01
  0.91500000E+03  0.94048557E+00  0.77722503E+00  0.13262778E+01
  0.91600000E+03  0.93867349E+00  0.77673428E+00  0.13296711E+01
  0.91700000E+03  0.93894066E+00  0.77618176E+00  0.13313830E+01
  0.91800000E+03  0.93842009E+00  0.77625182E+00  0.13317342E+01
  0.91900000E+03  0.94125716E+00  0.77728708E+00  0.13309137E+01
  0.92000000E+03  0.94028020E+00  0.77726266E+00  0.13284207E+01
  0.92100000E+03  0.94187110E+00  0.77771852E+00  0.13280398E+01
  0.92200000E+03  0.94016535E+00  0.77724690E+00  0.13313242E+01
  0.92300000E+03  0.94044597E+00  0.77672774E+00  0.13329286E+01
  0.92400000E+03  0.93991807E+00  0.77678486E+00  0.13332197E+01
  0.92500000E+03  0.94266532E+00  0.77777206E+00  0.13322941E+01
  0.92600000E+03  0.94169155E+00  0.77772221E+00  0.13296974E+01
  0.92700000E+03  0.94316856E+00  0.77814436E+00  0.13297155E+01
  0.92800000E+03  0.94156067E+00  0.77769051E+00  0.13328963E+01
  0.92900000E+03  0.94184293E+00  0.77720654E+00  0.13343984E+01
  0.93000000E+03  0.94136151E+00  0.77725166E+00  0.13346337E+01
  0.93100000E+03  0.94396651E+00  0.77819125E+00  0.13336086E+01
  0.93200000E+03  0.94298418E+00  0.77811722E+00  0.13309140E+01
  0.93300000E+03  0.94434743E+00  0.77850622E+00  0.13313212E+01
  0.93400000E+03  0.94286905E+00  0.77806905E+00  0.13344039E+01
  0.93500000E+03  0.94316883E+00  0.77762189E+00  0.13358095E+01
  0.93600000E+03  0.94271823E+00  0.77765593E+00  0.13359935E+01
  0.93700000E+03  0.94515316E+00  0.77854851E+00  0.13348749E+01
  0.93800000E+03  0.94419525E+00  0.77845151E+00  0.13320884E+01
  0.93900000E+03  0.94550956E+00  0.77880803E+00  0.13328742E+01
  0.94000000E+03  0.94407241E+00  0.77838668E+00  0.13358650E+01
  0.94100000E+03  0.94443405E+00  0.77797772E+00  0.13371802E+01
  0.94200000E+03  0.94396354E+00  0.77800162E+00  0.13373173E+01
  0.94300000E+03  0.94626951E+00  0.77884790E+00  0.13361114E+01
  0.94400000E+03  0.94534623E+00  0.77872915E+00  0.13332392E+01
  0.94500000E+03  0.94656555E+00  0.77905389E+00  0.13343932E+01
  0.94600000E+03  0.94524699E+00  0.77864778E+00  0.13372981E+01
  0.94700000E+03  0.94556023E+00  0.77827815E+00  0.13385293E+01
  0.94800000E+03  0.94512480E+00  0.77829282E+00  0.13386243E+01
  0.94900000E+03  0.94735129E+00  0.77909365E+00  0.13373371E+01
  0.95000000E+03  0.94643084E+00  0.77895432E+00  0.13343853E+01
  0.95100000E+03  0.94759986E+00  0.77924809E+00  0.13358972E+01
  0.95200000E+03  0.94628684E+00  0.77885686E+00  0.13387226E+01
  0.95300000E+03  0.94666252E+00  0.77852741E+00  0.13398758E+01
  0.95400000E+03  0.94623249E+00  0.77853378E+00  0.13399333E+01
  0.95500000E+03  0.94832059E+00  0.77929008E+00  0.13385709E+01
  0.95600000E+03  0.94748623E+00  0.77913135E+00  0.13355454E+01
  0.95700000E+03  0.94852205E+00  0.77939497E+00  0.13374054E+01
  0.95800000E+03  0.94730186E+00  0.77901849E+00  0.13401574E+01
  0.95900000E+03  0.94765964E+00  0.77872982E+00  0.13412385E+01
  0.96000000E+03  0.94722838E+00  0.77872877E+00  0.13412628E+01
  0.96100000E+03  0.94924201E+00  0.77944159E+00  0.13398308E+01
  0.96200000E+03  0.94844965E+00  0.77926459E+00  0.13368403E+01
  0.96300000E+03  0.94942140E+00  0.77949893E+00  0.13389366E+01
  0.96400000E+03  0.94823388E+00  0.77913730E+00  0.13416207E+01
  0.96500000E+03  0.94857800E+00  0.77888967E+00  0.13426352E+01
  0.96600000E+03  0.94815903E+00  0.77888213E+00  0.13426304E+01
  0.96700000E+03  0.95016390E+00  0.77955257E+00  0.13411339E+01
  0.96800000E+03  0.94938395E+00  0.77935840E+00  0.13384402E+01
  0.96900000E+03  0.95023084E+00  0.77956435E+00  0.13405085E+01
  0.97000000E+03  0.94908842E+00  0.77921781E+00  0.13431299E+01
  0.97100000E+03  0.94941011E+00  0.77901126E+00  0.13440825E+01
  0.97200000E+03  0.94909598E+00  0.77899807E+00  0.13440521E+01
  0.97300000E+03  0.95104275E+00  0.77962732E+00  0.13424952E+01
  0.97400000E+03  0.95020635E+00  0.77941704E+00  0.13400934E+01
  0.97500000E+03  0.95096277E+00  0.77959550E+00  0.13421374E+01
  0.97600000E+03  0.94986547E+00  0.77926444E+00  0.13447003E+01
  0.97700000E+03  0.95024858E+00  0.77909869E+00  0.13455950E+01
  0.97800000E+03  0.94998268E+00  0.77908072E+00  0.13455419E+01
  0.97900000E+03  0.95182310E+00  0.77966997E+00  0.13439279E+01
  0.98000000E+03  0.95097952E+00  0.77944462E+00  0.13418149E+01
  0.98100000E+03  0.95163774E+00  0.77959644E+00  0.13438374E+01
  0.98200000E+03  0.95062618E+00  0.77928139E+00  0.13463451E+01
  0.98300000E+03  0.95105738E+00  0.77915591E+00  0.13471848E+01
  0.98400000E+03  0.95081994E+00  0.77913394E+00  0.13471111E+01
  0.98500000E+03  0.95255303E+00  0.77968443E+00  0.13454421E+01
  0.98600000E+03  0.95169304E+00  0.77944496E+00  0.13436169E+01
  0.98700000E+03  0.95226302E+00  0.77957097E+00  0.13456201E+01
  0.98800000E+03  0.95135048E+00  0.77927250E+00  0.13480748E+01
  0.98900000E+03  0.95178369E+00  0.77918652E+00  0.13488611E+01
  0.99000000E+03  0.95161796E+00  0.77916131E+00  0.13487680E+01
  0.99100000E+03  0.95323601E+00  0.77967423E+00  0.13470447E+01
  0.99200000E+03  0.95233900E+00  0.77942154E+00  0.13455089E+01
  0.99300000E+03  0.95287302E+00  0.77952253E+00  0.13474940E+01
  0.99400000E+03  0.95200012E+00  0.77924124E+00  0.13498964E+01
  0.99500000E+03  0.95251481E+00  0.77919375E+00  0.13506296E+01
  0.99600000E+03  0.95237963E+00  0.77916596E+00  0.13505173E+01
  0.99700000E+03  0.95382056E+00  0.77964251E+00  0.13487390E+01
  0.99800000E+03  0.95297585E+00  0.77937742E+00  0.13474966E+01
  0.99900000E+03  0.95341599E+00  0.77945408E+00  0.13494638E+01
  0.10000000E+04  0.95133641E+00  0.77828289E+00  0.13518134E+01
