 # t   L1   L2   Linf
  0.10000000E+01  0.13250359E+00  0.16580917E+00  0.44465732E+00
  0.20000000E+01  0.20007579E+00  0.21615345E+00  0.51420553E+00
  0.30000000E+01  0.25206656E+00  0.25215862E+00  0.58692051E+00
  0.40000000E+01  0.29252034E+00  0.28054819E+00  0.63556881E+00
  0.50000000E+01  0.32861931E+00  0.30535858E+00  0.66965203E+00
  0.60000000E+01  0.35741506E+00  0.32600446E+00  0.69494936E+00
  0.70000000E+01  0.38537110E+00  0.34569091E+00  0.71335725E+00
  0.80000000E+01  0.40675952E+00  0.36143499E+00  0.72886633E+00
  0.90000000E+01  0.42801164E+00  0.37643916E+00  0.74377993E+00
  0.10000000E+02  0.44435122E+00  0.38879315E+00  0.75677934E+00
  0.11000000E+02  0.46166336E+00  0.40120214E+00  0.76639653E+00
  0.12000000E+02  0.47472314E+00  0.41132952E+00  0.77377461E+00
  0.13000000E+02  0.48940999E+00  0.42167467E+00  0.77827723E+00
  0.14000000E+02  0.49891992E+00  0.42935164E+00  0.78409401E+00
  0.15000000E+02  0.51011585E+00  0.43720499E+00  0.79039383E+00
  0.16000000E+02  0.51732062E+00  0.44308387E+00  0.79620249E+00
  0.17000000E+02  0.52739459E+00  0.45017060E+00  0.79978815E+00
  0.18000000E+02  0.53361679E+00  0.45520065E+00  0.80215173E+00
  0.19000000E+02  0.54233638E+00  0.46095130E+00  0.80232621E+00
  0.20000000E+02  0.54662739E+00  0.46464162E+00  0.80260809E+00
  0.21000000E+02  0.55262189E+00  0.46837532E+00  0.80653178E+00
  0.22000000E+02  0.55676130E+00  0.47212779E+00  0.80839648E+00
  0.23000000E+02  0.56269353E+00  0.47583024E+00  0.80938999E+00
  0.24000000E+02  0.56568468E+00  0.47842827E+00  0.80858352E+00
  0.25000000E+02  0.57136141E+00  0.48189812E+00  0.80778931E+00
  0.26000000E+02  0.57309983E+00  0.48362735E+00  0.81078655E+00
  0.27000000E+02  0.57667191E+00  0.48558049E+00  0.81343818E+00
  0.28000000E+02  0.57916170E+00  0.48800938E+00  0.81425160E+00
  0.29000000E+02  0.58334505E+00  0.49034866E+00  0.81431150E+00
  0.30000000E+02  0.58476180E+00  0.49170952E+00  0.81271011E+00
  0.31000000E+02  0.58893350E+00  0.49407768E+00  0.81127041E+00
  0.32000000E+02  0.58931413E+00  0.49484808E+00  0.80919371E+00
  0.33000000E+02  0.59169237E+00  0.49580201E+00  0.81118143E+00
  0.34000000E+02  0.59322829E+00  0.49749533E+00  0.81146143E+00
  0.35000000E+02  0.59650876E+00  0.49917950E+00  0.81102671E+00
  0.36000000E+02  0.59708131E+00  0.49988158E+00  0.80900219E+00
  0.37000000E+02  0.60049628E+00  0.50171132E+00  0.80723336E+00
  0.38000000E+02  0.60005406E+00  0.50196812E+00  0.81039402E+00
  0.39000000E+02  0.60184871E+00  0.50241792E+00  0.81220292E+00
  0.40000000E+02  0.60300426E+00  0.50385588E+00  0.81234302E+00
  0.41000000E+02  0.60571521E+00  0.50516932E+00  0.81179335E+00
  0.42000000E+02  0.60586754E+00  0.50553721E+00  0.80968025E+00
  0.43000000E+02  0.60881877E+00  0.50704905E+00  0.80784455E+00
  0.44000000E+02  0.60801574E+00  0.50704495E+00  0.80537676E+00
  0.45000000E+02  0.60937227E+00  0.50714919E+00  0.80708473E+00
  0.46000000E+02  0.61027259E+00  0.50839397E+00  0.80715651E+00
  0.47000000E+02  0.61267348E+00  0.50951937E+00  0.80654514E+00
  0.48000000E+02  0.61253168E+00  0.50967146E+00  0.80438728E+00
  0.49000000E+02  0.61519508E+00  0.51101715E+00  0.80252842E+00
  0.50000000E+02  0.61426319E+00  0.51084347E+00  0.80573480E+00
  0.51000000E+02  0.61522611E+00  0.51074750E+00  0.80745339E+00
  0.52000000E+02  0.61610723E+00  0.51197231E+00  0.80753162E+00
  0.53000000E+02  0.61830655E+00  0.51295875E+00  0.80694145E+00
  0.54000000E+02  0.61797120E+00  0.51299874E+00  0.80480907E+00
  0.55000000E+02  0.62042241E+00  0.51421509E+00  0.80296716E+00
  0.56000000E+02  0.61946492E+00  0.51395420E+00  0.80047902E+00
  0.57000000E+02  0.62009435E+00  0.51368653E+00  0.80221851E+00
  0.58000000E+02  0.62089011E+00  0.51485475E+00  0.80232101E+00
  0.59000000E+02  0.62294551E+00  0.51576521E+00  0.80176137E+00
  0.60000000E+02  0.62251206E+00  0.51571064E+00  0.79966378E+00
  0.61000000E+02  0.62486621E+00  0.51685422E+00  0.79785633E+00
  0.62000000E+02  0.62380127E+00  0.51651929E+00  0.80085300E+00
  0.63000000E+02  0.62419234E+00  0.51613727E+00  0.80262651E+00
  0.64000000E+02  0.62507290E+00  0.51733889E+00  0.80274878E+00
  0.65000000E+02  0.62698676E+00  0.51817364E+00  0.80222369E+00
  0.66000000E+02  0.62652912E+00  0.51807280E+00  0.80016071E+00
  0.67000000E+02  0.62871985E+00  0.51914154E+00  0.79837273E+00
  0.68000000E+02  0.62763954E+00  0.51877182E+00  0.79592447E+00
  0.69000000E+02  0.62780440E+00  0.51827732E+00  0.79774483E+00
  0.70000000E+02  0.62865639E+00  0.51946398E+00  0.79790775E+00
  0.71000000E+02  0.63047750E+00  0.52025448E+00  0.79743182E+00
  0.72000000E+02  0.63000204E+00  0.52010221E+00  0.79541904E+00
  0.73000000E+02  0.63210740E+00  0.52112689E+00  0.79367372E+00
  0.74000000E+02  0.63099530E+00  0.52071762E+00  0.79633581E+00
  0.75000000E+02  0.63096284E+00  0.52014079E+00  0.79818701E+00
  0.76000000E+02  0.63191224E+00  0.52137228E+00  0.79836513E+00
  0.77000000E+02  0.63363134E+00  0.52210986E+00  0.79791894E+00
  0.78000000E+02  0.63315101E+00  0.52193673E+00  0.79593527E+00
  0.79000000E+02  0.63515235E+00  0.52290758E+00  0.79420351E+00
  0.80000000E+02  0.63404245E+00  0.52248411E+00  0.79180130E+00
  0.81000000E+02  0.63539396E+00  0.52317360E+00  0.79278251E+00
  0.82000000E+02  0.63316078E+00  0.52150954E+00  0.79392285E+00
  0.83000000E+02  0.63642488E+00  0.52375997E+00  0.79352761E+00
  0.84000000E+02  0.63582392E+00  0.52351801E+00  0.79260119E+00
  0.85000000E+02  0.63789651E+00  0.52449369E+00  0.78990445E+00
  0.86000000E+02  0.63678186E+00  0.52404713E+00  0.79219881E+00
  0.87000000E+02  0.63805094E+00  0.52471038E+00  0.79319139E+00
  0.88000000E+02  0.63575419E+00  0.52299792E+00  0.79435663E+00
  0.89000000E+02  0.63899890E+00  0.52526070E+00  0.79398563E+00
  0.90000000E+02  0.63839258E+00  0.52501014E+00  0.79306911E+00
  0.91000000E+02  0.64041815E+00  0.52594320E+00  0.79039541E+00
  0.92000000E+02  0.63929024E+00  0.52549273E+00  0.78803875E+00
  0.93000000E+02  0.64047738E+00  0.52611680E+00  0.78907053E+00
  0.94000000E+02  0.63809423E+00  0.52435696E+00  0.79028435E+00
  0.95000000E+02  0.64131056E+00  0.52661778E+00  0.78996167E+00
  0.96000000E+02  0.64071061E+00  0.52635109E+00  0.78908352E+00
  0.97000000E+02  0.64269895E+00  0.52725525E+00  0.78645752E+00
  0.98000000E+02  0.64157880E+00  0.52679121E+00  0.78839565E+00
  0.99000000E+02  0.64271540E+00  0.52739364E+00  0.78943603E+00
  0.10000000E+03  0.64026997E+00  0.52559741E+00  0.79067045E+00
  0.10100000E+03  0.64347109E+00  0.52786884E+00  0.79036776E+00
  0.10200000E+03  0.64286693E+00  0.52760014E+00  0.78949700E+00
  0.10300000E+03  0.64481363E+00  0.52846936E+00  0.78688996E+00
  0.10400000E+03  0.64369673E+00  0.52800733E+00  0.78457826E+00
  0.10500000E+03  0.64476343E+00  0.52857643E+00  0.78565467E+00
  0.10600000E+03  0.64225575E+00  0.52674508E+00  0.78693388E+00
  0.10700000E+03  0.64543139E+00  0.52901396E+00  0.78667557E+00
  0.10800000E+03  0.64483571E+00  0.52873661E+00  0.78583975E+00
  0.10900000E+03  0.64674898E+00  0.52958137E+00  0.78327627E+00
  0.11000000E+03  0.64565005E+00  0.52911190E+00  0.78488767E+00
  0.11100000E+03  0.64667388E+00  0.52966234E+00  0.78597096E+00
  0.11200000E+03  0.64412573E+00  0.52780251E+00  0.78726747E+00
  0.11300000E+03  0.64728151E+00  0.53008022E+00  0.78702593E+00
  0.11400000E+03  0.64668161E+00  0.52980480E+00  0.78619601E+00
  0.11500000E+03  0.64855709E+00  0.53062024E+00  0.78364844E+00
  0.11600000E+03  0.64747194E+00  0.53015645E+00  0.78138105E+00
  0.11700000E+03  0.64843475E+00  0.53067788E+00  0.78249701E+00
  0.11800000E+03  0.64584754E+00  0.52879136E+00  0.78383411E+00
  0.11900000E+03  0.64897350E+00  0.53106561E+00  0.78363273E+00
  0.12000000E+03  0.64838278E+00  0.53078661E+00  0.78283433E+00
  0.12100000E+03  0.65022767E+00  0.53158087E+00  0.78032607E+00
  0.12200000E+03  0.64916658E+00  0.53111377E+00  0.78164539E+00
  0.12300000E+03  0.65009215E+00  0.53161875E+00  0.78276711E+00
  0.12400000E+03  0.64750755E+00  0.52970923E+00  0.78411892E+00
  0.12500000E+03  0.65058243E+00  0.53199077E+00  0.78393181E+00
  0.12600000E+03  0.64998720E+00  0.53171613E+00  0.78313837E+00
  0.12700000E+03  0.65179736E+00  0.53248540E+00  0.78064366E+00
  0.12800000E+03  0.65075685E+00  0.53202627E+00  0.77841941E+00
  0.12900000E+03  0.65162831E+00  0.53250564E+00  0.77957053E+00
  0.13000000E+03  0.64901663E+00  0.53057546E+00  0.78095882E+00
  0.13100000E+03  0.65206338E+00  0.53285266E+00  0.78080776E+00
  0.13200000E+03  0.65147738E+00  0.53257794E+00  0.78004263E+00
  0.13300000E+03  0.65327070E+00  0.53332860E+00  0.77758317E+00
  0.13400000E+03  0.65224637E+00  0.53286900E+00  0.77864452E+00
  0.13500000E+03  0.65308491E+00  0.53333365E+00  0.77980061E+00
  0.13600000E+03  0.65048006E+00  0.53138438E+00  0.78120154E+00
  0.13700000E+03  0.65348002E+00  0.53366764E+00  0.78106276E+00
  0.13800000E+03  0.65290411E+00  0.53339873E+00  0.78030195E+00
  0.13900000E+03  0.65465384E+00  0.53412786E+00  0.77785419E+00
  0.14000000E+03  0.65365096E+00  0.53367763E+00  0.77567124E+00
  0.14100000E+03  0.65444095E+00  0.53411943E+00  0.77685368E+00
  0.14200000E+03  0.65181795E+00  0.53215396E+00  0.77828727E+00
  0.14300000E+03  0.65479109E+00  0.53443213E+00  0.77818075E+00
  0.14400000E+03  0.65422726E+00  0.53416557E+00  0.77744532E+00
  0.14500000E+03  0.65597237E+00  0.53487817E+00  0.77502908E+00
  0.14600000E+03  0.65497423E+00  0.53442939E+00  0.77586373E+00
  0.14700000E+03  0.65573477E+00  0.53485791E+00  0.77705057E+00
  0.14800000E+03  0.65312107E+00  0.53287621E+00  0.77849514E+00
  0.14900000E+03  0.65605120E+00  0.53515947E+00  0.77839932E+00
  0.15000000E+03  0.65550183E+00  0.53489955E+00  0.77766774E+00
  0.15100000E+03  0.65720363E+00  0.53559341E+00  0.77526171E+00
  0.15200000E+03  0.65622698E+00  0.53515481E+00  0.77311759E+00
  0.15300000E+03  0.65694358E+00  0.53556278E+00  0.77432805E+00
  0.15400000E+03  0.65431845E+00  0.53356823E+00  0.77580181E+00
  0.15500000E+03  0.65722288E+00  0.53584580E+00  0.77573482E+00
  0.15600000E+03  0.65668686E+00  0.53558990E+00  0.77502598E+00
  0.15700000E+03  0.65838376E+00  0.53626894E+00  0.77264814E+00
  0.15800000E+03  0.65741303E+00  0.53583309E+00  0.77328384E+00
  0.15900000E+03  0.65617482E+00  0.53453735E+00  0.77553328E+00
  0.16000000E+03  0.65750279E+00  0.53610226E+00  0.77598167E+00
  0.16100000E+03  0.65837726E+00  0.53650142E+00  0.77592409E+00
  0.16200000E+03  0.65797448E+00  0.53628736E+00  0.77432367E+00
  0.16300000E+03  0.65948909E+00  0.53691599E+00  0.77284993E+00
  0.16400000E+03  0.65853951E+00  0.53649072E+00  0.77074174E+00
  0.16500000E+03  0.65723801E+00  0.53516086E+00  0.77301757E+00
  0.16600000E+03  0.65859318E+00  0.53673839E+00  0.77348683E+00
  0.16700000E+03  0.65943570E+00  0.53712401E+00  0.77345507E+00
  0.16800000E+03  0.65906924E+00  0.53691303E+00  0.77188016E+00
  0.16900000E+03  0.66055340E+00  0.53753032E+00  0.77042653E+00
  0.17000000E+03  0.65961052E+00  0.53710867E+00  0.77088751E+00
  0.17100000E+03  0.65827820E+00  0.53574791E+00  0.77317205E+00
  0.17200000E+03  0.65967351E+00  0.53735153E+00  0.77364479E+00
  0.17300000E+03  0.66048504E+00  0.53772226E+00  0.77362139E+00
  0.17400000E+03  0.66012486E+00  0.53752123E+00  0.77205465E+00
  0.17500000E+03  0.66155268E+00  0.53812113E+00  0.77060416E+00
  0.17600000E+03  0.66063042E+00  0.53771018E+00  0.76852870E+00
  0.17700000E+03  0.65924002E+00  0.53631822E+00  0.77083689E+00
  0.17800000E+03  0.66066293E+00  0.53793383E+00  0.77132837E+00
  0.17900000E+03  0.66144468E+00  0.53829206E+00  0.77132811E+00
  0.18000000E+03  0.66112007E+00  0.53809492E+00  0.76978425E+00
  0.18100000E+03  0.66251881E+00  0.53868461E+00  0.76835182E+00
  0.18200000E+03  0.66160363E+00  0.53827780E+00  0.76865903E+00
  0.18300000E+03  0.66018510E+00  0.53685723E+00  0.77097502E+00
  0.18400000E+03  0.66164531E+00  0.53849680E+00  0.77146974E+00
  0.18500000E+03  0.66239903E+00  0.53884172E+00  0.77147700E+00
  0.18600000E+03  0.66208175E+00  0.53865453E+00  0.76994050E+00
  0.18700000E+03  0.66344243E+00  0.53922832E+00  0.76851103E+00
  0.18800000E+03  0.66253240E+00  0.53883212E+00  0.76646502E+00
  0.18900000E+03  0.66106033E+00  0.53738291E+00  0.76880226E+00
  0.19000000E+03  0.66254813E+00  0.53903379E+00  0.76931383E+00
  0.19100000E+03  0.66328145E+00  0.53936712E+00  0.76934189E+00
  0.19200000E+03  0.66299127E+00  0.53918431E+00  0.76782597E+00
  0.19300000E+03  0.66433136E+00  0.53974886E+00  0.76641277E+00
  0.19400000E+03  0.66342145E+00  0.53935708E+00  0.76658428E+00
  0.19500000E+03  0.66192361E+00  0.53788131E+00  0.76892857E+00
  0.19600000E+03  0.66344597E+00  0.53955421E+00  0.76944320E+00
  0.19700000E+03  0.66416427E+00  0.53987559E+00  0.76947809E+00
  0.19800000E+03  0.66387165E+00  0.53970255E+00  0.76796885E+00
  0.19900000E+03  0.66517998E+00  0.54025250E+00  0.76655847E+00
  0.20000000E+03  0.66427140E+00  0.53987109E+00  0.76453862E+00
  0.20100000E+03  0.66272401E+00  0.53836896E+00  0.76690206E+00
  0.20200000E+03  0.66427366E+00  0.54005247E+00  0.76743188E+00
  0.20300000E+03  0.66498654E+00  0.54036305E+00  0.76748553E+00
  0.20400000E+03  0.66470658E+00  0.54019467E+00  0.76599486E+00
  0.20500000E+03  0.66599594E+00  0.54073621E+00  0.76459916E+00
  0.20600000E+03  0.66508723E+00  0.54035933E+00  0.76465056E+00
  0.20700000E+03  0.66351615E+00  0.53883248E+00  0.76702043E+00
  0.20800000E+03  0.66509778E+00  0.54053627E+00  0.76755315E+00
  0.20900000E+03  0.66579818E+00  0.54083606E+00  0.76761304E+00
  0.21000000E+03  0.66551584E+00  0.54067717E+00  0.76612849E+00
  0.21100000E+03  0.66677574E+00  0.54120521E+00  0.76473550E+00
  0.21200000E+03  0.66586828E+00  0.54083839E+00  0.76273866E+00
  0.21300000E+03  0.66425119E+00  0.53928720E+00  0.76512585E+00
  0.21400000E+03  0.66585962E+00  0.54100092E+00  0.76567230E+00
  0.21500000E+03  0.66655508E+00  0.54129061E+00  0.76574916E+00
  0.21600000E+03  0.66628519E+00  0.54113648E+00  0.76428143E+00
  0.21700000E+03  0.66752757E+00  0.54165686E+00  0.76290172E+00
  0.21800000E+03  0.66661977E+00  0.54129455E+00  0.76284643E+00
  0.21900000E+03  0.66498086E+00  0.53972031E+00  0.76523953E+00
  0.22000000E+03  0.66661884E+00  0.54145273E+00  0.76578876E+00
  0.22100000E+03  0.66730392E+00  0.54173263E+00  0.76587137E+00
  0.22200000E+03  0.66704225E+00  0.54158765E+00  0.76440928E+00
  0.22300000E+03  0.66824664E+00  0.54209549E+00  0.76303219E+00
  0.22400000E+03  0.66734003E+00  0.54174286E+00  0.76105539E+00
  0.22500000E+03  0.66565829E+00  0.54014611E+00  0.76346419E+00
  0.22600000E+03  0.66732242E+00  0.54188779E+00  0.76402586E+00
  0.22700000E+03  0.66800291E+00  0.54215822E+00  0.76412389E+00
  0.22800000E+03  0.66775470E+00  0.54201799E+00  0.76267707E+00
  0.22900000E+03  0.66894161E+00  0.54251881E+00  0.76131203E+00
  0.23000000E+03  0.66803449E+00  0.54217058E+00  0.76116167E+00
  0.23100000E+03  0.66633263E+00  0.54055230E+00  0.76357593E+00
  0.23200000E+03  0.66802965E+00  0.54231126E+00  0.76414026E+00
  0.23300000E+03  0.66869586E+00  0.54257278E+00  0.76424362E+00
  0.23400000E+03  0.66846456E+00  0.54244129E+00  0.76280204E+00
  0.23500000E+03  0.66960663E+00  0.54293044E+00  0.76143952E+00
  0.23600000E+03  0.66871355E+00  0.54259149E+00  0.75948004E+00
  0.23700000E+03  0.66695882E+00  0.54095235E+00  0.76190860E+00
  0.23800000E+03  0.66869886E+00  0.54271992E+00  0.76248424E+00
  0.23900000E+03  0.66934313E+00  0.54297252E+00  0.76260164E+00
  0.24000000E+03  0.66912475E+00  0.54284570E+00  0.76117397E+00
  0.24100000E+03  0.67025079E+00  0.54332840E+00  0.75982242E+00
  0.24200000E+03  0.66937381E+00  0.54299368E+00  0.75958702E+00
  0.24300000E+03  0.66758376E+00  0.54133440E+00  0.76202066E+00
  0.24400000E+03  0.66935950E+00  0.54311796E+00  0.76259887E+00
  0.24500000E+03  0.66998600E+00  0.54336242E+00  0.76272121E+00
  0.24600000E+03  0.66978330E+00  0.54324393E+00  0.76129843E+00
  0.24700000E+03  0.67086736E+00  0.54371572E+00  0.75994932E+00
  0.24800000E+03  0.67000289E+00  0.54338985E+00  0.75800467E+00
  0.24900000E+03  0.66816405E+00  0.54171121E+00  0.76045136E+00
  0.25000000E+03  0.66998098E+00  0.54350278E+00  0.76103988E+00
  0.25100000E+03  0.67058675E+00  0.54373882E+00  0.76117506E+00
  0.25200000E+03  0.67039642E+00  0.54362484E+00  0.75976500E+00
  0.25300000E+03  0.67146578E+00  0.54409071E+00  0.75842590E+00
  0.25400000E+03  0.67062055E+00  0.54376887E+00  0.75811419E+00
  0.25500000E+03  0.66875261E+00  0.54207137E+00  0.76056561E+00
  0.25600000E+03  0.67059497E+00  0.54387773E+00  0.76115660E+00
  0.25700000E+03  0.67118442E+00  0.54410633E+00  0.76129640E+00
  0.25800000E+03  0.67100865E+00  0.54400025E+00  0.75989091E+00
  0.25900000E+03  0.67203863E+00  0.54445589E+00  0.75855417E+00
  0.26000000E+03  0.67120529E+00  0.54414247E+00  0.75662213E+00
  0.26100000E+03  0.66930716E+00  0.54242698E+00  0.75908551E+00
  0.26200000E+03  0.67117322E+00  0.54424078E+00  0.75968593E+00
  0.26300000E+03  0.67174306E+00  0.54446142E+00  0.75983749E+00
  0.26400000E+03  0.67157913E+00  0.54435966E+00  0.75844366E+00
  0.26500000E+03  0.67259563E+00  0.54480983E+00  0.75711608E+00
  0.26600000E+03  0.67178051E+00  0.54450021E+00  0.75673564E+00
  0.26700000E+03  0.66985752E+00  0.54276704E+00  0.75920345E+00
  0.26800000E+03  0.67174487E+00  0.54459457E+00  0.75980624E+00
  0.26900000E+03  0.67229971E+00  0.54480838E+00  0.75996214E+00
  0.27000000E+03  0.67214930E+00  0.54471411E+00  0.75857258E+00
  0.27100000E+03  0.67313727E+00  0.54515466E+00  0.75724728E+00
  0.27200000E+03  0.67232494E+00  0.54485304E+00  0.75532591E+00
  0.27300000E+03  0.67037674E+00  0.54310313E+00  0.75780470E+00
  0.27400000E+03  0.67228375E+00  0.54493755E+00  0.75841613E+00
  0.27500000E+03  0.67282002E+00  0.54514382E+00  0.75858284E+00
  0.27600000E+03  0.67268092E+00  0.54505365E+00  0.75720400E+00
  0.27700000E+03  0.67365688E+00  0.54548918E+00  0.75588711E+00
  0.27800000E+03  0.67286146E+00  0.54519110E+00  0.75544458E+00
  0.27900000E+03  0.67089171E+00  0.54342462E+00  0.75792752E+00
  0.28000000E+03  0.67281677E+00  0.54527179E+00  0.75854123E+00
  0.28100000E+03  0.67333925E+00  0.54547178E+00  0.75871200E+00
  0.28200000E+03  0.67321271E+00  0.54538868E+00  0.75733719E+00
  0.28300000E+03  0.67416888E+00  0.54581514E+00  0.75602248E+00
  0.28400000E+03  0.67336905E+00  0.54552466E+00  0.75411007E+00
  0.28500000E+03  0.67138098E+00  0.54374258E+00  0.75660313E+00
  0.28600000E+03  0.67331963E+00  0.54559613E+00  0.75722478E+00
  0.28700000E+03  0.67382452E+00  0.54578897E+00  0.75740553E+00
  0.28800000E+03  0.67370876E+00  0.54570975E+00  0.75604059E+00
  0.28900000E+03  0.67465378E+00  0.54613157E+00  0.75473363E+00
  0.29000000E+03  0.67387012E+00  0.54584438E+00  0.75423480E+00
  0.29100000E+03  0.67186398E+00  0.54404674E+00  0.75673175E+00
  0.29200000E+03  0.67381726E+00  0.54591216E+00  0.75735559E+00
  0.29300000E+03  0.67430946E+00  0.54609922E+00  0.75754015E+00
  0.29400000E+03  0.67420539E+00  0.54602667E+00  0.75617899E+00
  0.29500000E+03  0.67513179E+00  0.54643993E+00  0.75487412E+00
  0.29600000E+03  0.67434392E+00  0.54615994E+00  0.75296920E+00
  0.29700000E+03  0.67233256E+00  0.54434777E+00  0.75547550E+00
  0.29800000E+03  0.67428701E+00  0.54621908E+00  0.75610666E+00
  0.29900000E+03  0.67476253E+00  0.54639936E+00  0.75630043E+00
  0.30000000E+03  0.67466873E+00  0.54633045E+00  0.75494841E+00
  0.30100000E+03  0.67558480E+00  0.54673943E+00  0.75365068E+00
  0.30200000E+03  0.67481303E+00  0.54646249E+00  0.75310065E+00
  0.30300000E+03  0.67278780E+00  0.54463570E+00  0.75561061E+00
  0.30400000E+03  0.67475209E+00  0.54651807E+00  0.75624386E+00
  0.30500000E+03  0.67521595E+00  0.54669301E+00  0.75644121E+00
  0.30600000E+03  0.67513301E+00  0.54663039E+00  0.75509274E+00
  0.30700000E+03  0.67603155E+00  0.54703128E+00  0.75379703E+00
  0.30800000E+03  0.67526793E+00  0.54676115E+00  0.75189832E+00
  0.30900000E+03  0.67322596E+00  0.54492082E+00  0.75441694E+00
  0.31000000E+03  0.67519131E+00  0.54680863E+00  0.75505695E+00
  0.31100000E+03  0.67563934E+00  0.54697712E+00  0.75526284E+00
  0.31200000E+03  0.67556618E+00  0.54691791E+00  0.75392283E+00
  0.31300000E+03  0.67645515E+00  0.54731486E+00  0.75263372E+00
  0.31400000E+03  0.67571491E+00  0.54704753E+00  0.75203697E+00
  0.31500000E+03  0.67365189E+00  0.54519346E+00  0.75455902E+00
  0.31600000E+03  0.67562637E+00  0.54709158E+00  0.75520103E+00
  0.31700000E+03  0.67606366E+00  0.54725515E+00  0.75541029E+00
  0.31800000E+03  0.67600061E+00  0.54720187E+00  0.75407362E+00
  0.31900000E+03  0.67687305E+00  0.54759115E+00  0.75278643E+00
  0.32000000E+03  0.67614030E+00  0.54733028E+00  0.75089288E+00
  0.32100000E+03  0.67406192E+00  0.54546357E+00  0.75342296E+00
  0.32200000E+03  0.67603735E+00  0.54736671E+00  0.75407123E+00
  0.32300000E+03  0.67645963E+00  0.54752416E+00  0.75428841E+00
  0.32400000E+03  0.67640587E+00  0.54747405E+00  0.75295960E+00
  0.32500000E+03  0.67726945E+00  0.54785970E+00  0.75167853E+00
  0.32600000E+03  0.67655905E+00  0.54760139E+00  0.75103903E+00
  0.32700000E+03  0.67446072E+00  0.54572176E+00  0.75357233E+00
  0.32800000E+03  0.67644774E+00  0.54763453E+00  0.75422251E+00
  0.32900000E+03  0.67685701E+00  0.54778744E+00  0.75444285E+00
  0.33000000E+03  0.67681267E+00  0.54774291E+00  0.75311718E+00
  0.33100000E+03  0.67766066E+00  0.54812129E+00  0.75183794E+00
  0.33200000E+03  0.67695709E+00  0.54786910E+00  0.74994865E+00
  0.33300000E+03  0.67484466E+00  0.54597767E+00  0.75248942E+00
  0.33400000E+03  0.67684231E+00  0.54789508E+00  0.75314541E+00
  0.33500000E+03  0.67722756E+00  0.54804215E+00  0.75337312E+00
  0.33600000E+03  0.67719204E+00  0.54800057E+00  0.75205476E+00
  0.33700000E+03  0.67803182E+00  0.54837561E+00  0.75078120E+00
  0.33800000E+03  0.67734962E+00  0.54812575E+00  0.75010246E+00
  0.33900000E+03  0.67521828E+00  0.54622218E+00  0.75264626E+00
  0.34000000E+03  0.67722868E+00  0.54814858E+00  0.75330406E+00
  0.34100000E+03  0.67759996E+00  0.54829146E+00  0.75353474E+00
  0.34200000E+03  0.67757321E+00  0.54825514E+00  0.75221932E+00
  0.34300000E+03  0.67839827E+00  0.54862328E+00  0.75094750E+00
  0.34400000E+03  0.67772228E+00  0.54837922E+00  0.74906174E+00
  0.34500000E+03  0.67557797E+00  0.54646463E+00  0.75161249E+00
  0.34600000E+03  0.67759838E+00  0.54839529E+00  0.75227569E+00
  0.34700000E+03  0.67794689E+00  0.54853262E+00  0.75251325E+00
  0.34800000E+03  0.67792852E+00  0.54849904E+00  0.75120465E+00
  0.34900000E+03  0.67874599E+00  0.54886410E+00  0.74993811E+00
  0.35000000E+03  0.67809042E+00  0.54862215E+00  0.74922325E+00
  0.35100000E+03  0.67592816E+00  0.54669614E+00  0.75177685E+00
  0.35200000E+03  0.67796051E+00  0.54863523E+00  0.75244176E+00
  0.35300000E+03  0.67829607E+00  0.54876869E+00  0.75268209E+00
  0.35400000E+03  0.67828587E+00  0.54874006E+00  0.75137625E+00
  0.35500000E+03  0.67908942E+00  0.54909857E+00  0.75011137E+00
  0.35600000E+03  0.67843945E+00  0.54886212E+00  0.74822853E+00
  0.35700000E+03  0.67626529E+00  0.54692581E+00  0.75078862E+00
  0.35800000E+03  0.67830704E+00  0.54886882E+00  0.75145857E+00
  0.35900000E+03  0.67862102E+00  0.54899699E+00  0.75170532E+00
  0.36000000E+03  0.67861878E+00  0.54897089E+00  0.75040585E+00
  0.36100000E+03  0.67941532E+00  0.54932657E+00  0.74914589E+00
  0.36200000E+03  0.67878486E+00  0.54909202E+00  0.74839769E+00
  0.36300000E+03  0.67659365E+00  0.54714497E+00  0.75096044E+00
  0.36400000E+03  0.67864658E+00  0.54909588E+00  0.75163200E+00
  0.36500000E+03  0.67894858E+00  0.54922047E+00  0.75188136E+00
  0.36600000E+03  0.67895395E+00  0.54919904E+00  0.75058447E+00
  0.36700000E+03  0.67973766E+00  0.54954849E+00  0.74932607E+00
  0.36800000E+03  0.67911189E+00  0.54931916E+00  0.74744568E+00
  0.36900000E+03  0.67690975E+00  0.54736249E+00  0.75001450E+00
  0.37000000E+03  0.67897151E+00  0.54931699E+00  0.75069077E+00
  0.37100000E+03  0.67925304E+00  0.54943655E+00  0.75094612E+00
  0.37200000E+03  0.67926595E+00  0.54941745E+00  0.74965520E+00
  0.37300000E+03  0.68004986E+00  0.54976432E+00  0.74840140E+00
  0.37400000E+03  0.67943608E+00  0.54953669E+00  0.74762234E+00
  0.37500000E+03  0.67721775E+00  0.54756990E+00  0.75019364E+00
  0.37600000E+03  0.67928998E+00  0.54953182E+00  0.75087144E+00
  0.37700000E+03  0.67956044E+00  0.54964808E+00  0.75112923E+00
  0.37800000E+03  0.67958045E+00  0.54963338E+00  0.74984072E+00
  0.37900000E+03  0.68036023E+00  0.54997431E+00  0.74858839E+00
  0.38000000E+03  0.67974257E+00  0.54975164E+00  0.74671005E+00
  0.38100000E+03  0.67751420E+00  0.54777586E+00  0.74928705E+00
  0.38200000E+03  0.67959475E+00  0.54974107E+00  0.74996924E+00
  0.38300000E+03  0.67984578E+00  0.54985254E+00  0.75023266E+00
  0.38400000E+03  0.67987294E+00  0.54983998E+00  0.74894973E+00
  0.38500000E+03  0.68065307E+00  0.55017855E+00  0.74770170E+00
  0.38600000E+03  0.68004694E+00  0.54995740E+00  0.74689401E+00
  0.38700000E+03  0.67780319E+00  0.54797210E+00  0.74947332E+00
  0.38800000E+03  0.67989354E+00  0.54994427E+00  0.75015694E+00
  0.38900000E+03  0.68013436E+00  0.55005269E+00  0.75042264E+00
  0.39000000E+03  0.68016813E+00  0.55004429E+00  0.74914196E+00
  0.39100000E+03  0.68094427E+00  0.55037721E+00  0.74789532E+00
  0.39200000E+03  0.68033426E+00  0.55016076E+00  0.74601875E+00
  0.39300000E+03  0.67808129E+00  0.54816706E+00  0.74860341E+00
  0.39400000E+03  0.68017946E+00  0.55014225E+00  0.74929114E+00
  0.39500000E+03  0.68040183E+00  0.55024610E+00  0.74956212E+00
  0.39600000E+03  0.68044238E+00  0.55023966E+00  0.74828668E+00
  0.39700000E+03  0.68121900E+00  0.55057043E+00  0.74704407E+00
  0.39800000E+03  0.68062009E+00  0.55035533E+00  0.74620973E+00
  0.39900000E+03  0.67835249E+00  0.54835266E+00  0.74879655E+00
  0.40000000E+03  0.68045985E+00  0.55033440E+00  0.74948563E+00
  0.40100000E+03  0.68067282E+00  0.55043544E+00  0.74975872E+00
  0.40200000E+03  0.68071953E+00  0.55043293E+00  0.74848539E+00
  0.40300000E+03  0.68149229E+00  0.55075831E+00  0.74724408E+00
  0.40400000E+03  0.68088949E+00  0.55054768E+00  0.74536906E+00
  0.40500000E+03  0.67861344E+00  0.54853716E+00  0.74796089E+00
  0.40600000E+03  0.68072813E+00  0.55052166E+00  0.74865383E+00
  0.40700000E+03  0.68092358E+00  0.55061834E+00  0.74893188E+00
  0.40800000E+03  0.68097672E+00  0.55061763E+00  0.74766348E+00
  0.40900000E+03  0.68175007E+00  0.55094104E+00  0.74642595E+00
  0.41000000E+03  0.68115797E+00  0.55073161E+00  0.74556676E+00
  0.41100000E+03  0.67886800E+00  0.54871265E+00  0.74816060E+00
  0.41200000E+03  0.68099132E+00  0.55070330E+00  0.74885481E+00
  0.41300000E+03  0.68117812E+00  0.55079740E+00  0.74913483E+00
  0.41400000E+03  0.68124093E+00  0.55080040E+00  0.74786838E+00
  0.41500000E+03  0.68200660E+00  0.55111867E+00  0.74663206E+00
  0.41600000E+03  0.68141060E+00  0.55091349E+00  0.74475843E+00
  0.41700000E+03  0.67911288E+00  0.54888719E+00  0.74735700E+00
  0.41800000E+03  0.68124309E+00  0.55088036E+00  0.74805482E+00
  0.41900000E+03  0.68141325E+00  0.55097030E+00  0.74833951E+00
  0.42000000E+03  0.68148749E+00  0.55097494E+00  0.74707770E+00
  0.42100000E+03  0.68224851E+00  0.55129144E+00  0.74584493E+00
  0.42200000E+03  0.68166282E+00  0.55108729E+00  0.74496252E+00
  0.42300000E+03  0.67935187E+00  0.54905304E+00  0.74756295E+00
  0.42400000E+03  0.68149017E+00  0.55105203E+00  0.74826195E+00
  0.42500000E+03  0.68165237E+00  0.55113958E+00  0.74854847E+00
  0.42600000E+03  0.68173845E+00  0.55114773E+00  0.74728847E+00
  0.42700000E+03  0.68248936E+00  0.55145932E+00  0.74605684E+00
  0.42800000E+03  0.68189975E+00  0.55125923E+00  0.74418451E+00
  0.42900000E+03  0.67958171E+00  0.54921812E+00  0.74678938E+00
  0.43000000E+03  0.68172648E+00  0.55121939E+00  0.74749179E+00
  0.43100000E+03  0.68187886E+00  0.55130299E+00  0.74778271E+00
  0.43200000E+03  0.68196974E+00  0.55131262E+00  0.74652708E+00
  0.43300000E+03  0.68271640E+00  0.55162261E+00  0.74529879E+00
  0.43400000E+03  0.68213674E+00  0.55142342E+00  0.74439462E+00
  0.43500000E+03  0.67980611E+00  0.54937482E+00  0.74700122E+00
  0.43600000E+03  0.68195847E+00  0.55138157E+00  0.74770473E+00
  0.43700000E+03  0.68210628E+00  0.55146297E+00  0.74799734E+00
  0.43800000E+03  0.68220551E+00  0.55147593E+00  0.74674339E+00
  0.43900000E+03  0.68294257E+00  0.55178124E+00  0.74551614E+00
  0.44000000E+03  0.68235897E+00  0.55158591E+00  0.74364506E+00
  0.44100000E+03  0.68002185E+00  0.54953089E+00  0.74625586E+00
  0.44200000E+03  0.68218028E+00  0.55153972E+00  0.74696257E+00
  0.44300000E+03  0.68231899E+00  0.55161735E+00  0.74725933E+00
  0.44400000E+03  0.68242249E+00  0.55163166E+00  0.74600950E+00
  0.44500000E+03  0.68315566E+00  0.55193552E+00  0.74478541E+00
  0.44600000E+03  0.68258168E+00  0.55174096E+00  0.74386081E+00
  0.44700000E+03  0.68023257E+00  0.54967889E+00  0.74647321E+00
  0.44800000E+03  0.68239813E+00  0.55169289E+00  0.74718094E+00
  0.44900000E+03  0.68253267E+00  0.55176851E+00  0.74747927E+00
  0.45000000E+03  0.68264403E+00  0.55178596E+00  0.74623099E+00
  0.45100000E+03  0.68336807E+00  0.55208535E+00  0.74500787E+00
  0.45200000E+03  0.68279075E+00  0.55189447E+00  0.74313800E+00
  0.45300000E+03  0.68043509E+00  0.54982640E+00  0.74575436E+00
  0.45400000E+03  0.68260635E+00  0.55184229E+00  0.74646511E+00
  0.45500000E+03  0.68273222E+00  0.55191430E+00  0.74676736E+00
  0.45600000E+03  0.68284758E+00  0.55193298E+00  0.74552297E+00
  0.45700000E+03  0.68356808E+00  0.55223108E+00  0.74430282E+00
  0.45800000E+03  0.68299945E+00  0.55204084E+00  0.74335901E+00
  0.45900000E+03  0.68063299E+00  0.54996613E+00  0.74597685E+00
  0.46000000E+03  0.68281094E+00  0.55198691E+00  0.74668853E+00
  0.46100000E+03  0.68293302E+00  0.55205708E+00  0.74699223E+00
  0.46200000E+03  0.68305578E+00  0.55207874E+00  0.74574927E+00
  0.46300000E+03  0.68376760E+00  0.55237256E+00  0.74453002E+00
  0.46400000E+03  0.68320146E+00  0.55218584E+00  0.74266139E+00
  0.46500000E+03  0.68082312E+00  0.55010552E+00  0.74528297E+00
  0.46600000E+03  0.68300642E+00  0.55212799E+00  0.74599752E+00
  0.46700000E+03  0.68312023E+00  0.55219473E+00  0.74630491E+00
  0.46800000E+03  0.68324674E+00  0.55221749E+00  0.74506563E+00
  0.46900000E+03  0.68395534E+00  0.55251017E+00  0.74384919E+00
  0.47000000E+03  0.68339632E+00  0.55232398E+00  0.74288726E+00
  0.47100000E+03  0.68100899E+00  0.55023740E+00  0.74551020E+00
  0.47200000E+03  0.68319857E+00  0.55226450E+00  0.74622561E+00
  0.47300000E+03  0.68330895E+00  0.55232954E+00  0.74653433E+00
  0.47400000E+03  0.68344242E+00  0.55235514E+00  0.74529638E+00
  0.47500000E+03  0.68414276E+00  0.55264372E+00  0.74408076E+00
  0.47600000E+03  0.68358713E+00  0.55246089E+00  0.74221340E+00
  0.47700000E+03  0.68118750E+00  0.55036907E+00  0.74483987E+00
  0.47800000E+03  0.68338209E+00  0.55239770E+00  0.74555798E+00
  0.47900000E+03  0.68348459E+00  0.55245947E+00  0.74587021E+00
  0.48000000E+03  0.68362157E+00  0.55248605E+00  0.74463573E+00
  0.48100000E+03  0.68431899E+00  0.55277362E+00  0.74342277E+00
  0.48200000E+03  0.68377013E+00  0.55259122E+00  0.74244373E+00
  0.48300000E+03  0.68136208E+00  0.55049350E+00  0.74507146E+00
  0.48400000E+03  0.68356259E+00  0.55252651E+00  0.74579036E+00
  0.48500000E+03  0.68366197E+00  0.55258673E+00  0.74610381E+00
  0.48600000E+03  0.68380551E+00  0.55261600E+00  0.74487054E+00
  0.48700000E+03  0.68449508E+00  0.55289966E+00  0.74365833E+00
  0.48800000E+03  0.68394932E+00  0.55272047E+00  0.74179230E+00
  0.48900000E+03  0.68152969E+00  0.55061784E+00  0.74442337E+00
  0.49000000E+03  0.68373489E+00  0.55265223E+00  0.74514483E+00
  0.49100000E+03  0.68382676E+00  0.55270932E+00  0.74546159E+00
  0.49200000E+03  0.68397357E+00  0.55273948E+00  0.74423162E+00
  0.49300000E+03  0.68466050E+00  0.55302224E+00  0.74302193E+00
  0.49400000E+03  0.68412117E+00  0.55284339E+00  0.74202671E+00
  0.49500000E+03  0.68169368E+00  0.55073521E+00  0.74465893E+00
  0.49600000E+03  0.68390444E+00  0.55277375E+00  0.74538110E+00
  0.49700000E+03  0.68399350E+00  0.55282942E+00  0.74569899E+00
  0.49800000E+03  0.68414650E+00  0.55286214E+00  0.74447013E+00
  0.49900000E+03  0.68482594E+00  0.55314116E+00  0.74326112E+00
  0.50000000E+03  0.68428947E+00  0.55296537E+00  0.74139648E+00
  0.50100000E+03  0.68185105E+00  0.55085261E+00  0.74403187E+00
  0.50200000E+03  0.68406621E+00  0.55289238E+00  0.74475647E+00
  0.50300000E+03  0.68414810E+00  0.55294507E+00  0.74507750E+00
  0.50400000E+03  0.68430415E+00  0.55297857E+00  0.74385176E+00
  0.50500000E+03  0.68498123E+00  0.55325681E+00  0.74264514E+00
  0.50600000E+03  0.68445087E+00  0.55308127E+00  0.74163458E+00
  0.50700000E+03  0.68200511E+00  0.55096327E+00  0.74427102E+00
  0.50800000E+03  0.68422549E+00  0.55300697E+00  0.74499627E+00
  0.50900000E+03  0.68430485E+00  0.55305838E+00  0.74531832E+00
  0.51000000E+03  0.68446675E+00  0.55309432E+00  0.74409359E+00
  0.51100000E+03  0.68513669E+00  0.55336897E+00  0.74288759E+00
  0.51200000E+03  0.68460894E+00  0.55319637E+00  0.74102443E+00
  0.51300000E+03  0.68215287E+00  0.55107409E+00  0.74366388E+00
  0.51400000E+03  0.68437738E+00  0.55311888E+00  0.74439143E+00
  0.51500000E+03  0.68444989E+00  0.55316744E+00  0.74471647E+00
  0.51600000E+03  0.68461463E+00  0.55320407E+00  0.74349470E+00
  0.51700000E+03  0.68528245E+00  0.55347806E+00  0.74229096E+00
  0.51800000E+03  0.68476051E+00  0.55330562E+00  0.74126584E+00
  0.51900000E+03  0.68229760E+00  0.55117841E+00  0.74390624E+00
  0.52000000E+03  0.68452702E+00  0.55322694E+00  0.74463439E+00
  0.52100000E+03  0.68459727E+00  0.55327432E+00  0.74496035E+00
  0.52200000E+03  0.68476753E+00  0.55331327E+00  0.74373950E+00
  0.52300000E+03  0.68542854E+00  0.55358382E+00  0.74253633E+00
  0.52400000E+03  0.68490900E+00  0.55341420E+00  0.74074731E+00
  0.52500000E+03  0.68243635E+00  0.55128299E+00  0.74331799E+00
  0.52600000E+03  0.68466963E+00  0.55333248E+00  0.74404831E+00
  0.52700000E+03  0.68473334E+00  0.55337714E+00  0.74437711E+00
  0.52800000E+03  0.68490623E+00  0.55341670E+00  0.74315908E+00
  0.52900000E+03  0.68556536E+00  0.55368669E+00  0.74195805E+00
  0.53000000E+03  0.68505135E+00  0.55351715E+00  0.74091907E+00
  0.53100000E+03  0.68257231E+00  0.55138129E+00  0.74356320E+00
  0.53200000E+03  0.68481022E+00  0.55343433E+00  0.74429406E+00
  0.53300000E+03  0.68487191E+00  0.55347794E+00  0.74462370E+00
  0.53400000E+03  0.68505002E+00  0.55351971E+00  0.74340650E+00
  0.53500000E+03  0.68570265E+00  0.55378639E+00  0.74220598E+00
  0.53600000E+03  0.68519082E+00  0.55361957E+00  0.74065534E+00
  0.53700000E+03  0.68270260E+00  0.55147996E+00  0.74299287E+00
  0.53800000E+03  0.68494412E+00  0.55353385E+00  0.74372580E+00
  0.53900000E+03  0.68499956E+00  0.55357485E+00  0.74405813E+00
  0.54000000E+03  0.68518012E+00  0.55361716E+00  0.74284361E+00
  0.54100000E+03  0.68583108E+00  0.55388337E+00  0.74164512E+00
  0.54200000E+03  0.68532451E+00  0.55371656E+00  0.74059296E+00
  0.54300000E+03  0.68283034E+00  0.55157257E+00  0.74324059E+00
  0.54400000E+03  0.68507621E+00  0.55362984E+00  0.74397400E+00
  0.54500000E+03  0.68513002E+00  0.55366989E+00  0.74430709E+00
  0.54600000E+03  0.68531536E+00  0.55371429E+00  0.74309331E+00
  0.54700000E+03  0.68596011E+00  0.55397735E+00  0.74189528E+00
  0.54800000E+03  0.68545553E+00  0.55381314E+00  0.74056910E+00
  0.54900000E+03  0.68295267E+00  0.55166565E+00  0.74268729E+00
  0.55000000E+03  0.68520193E+00  0.55372366E+00  0.74342267E+00
  0.55100000E+03  0.68525248E+00  0.55376122E+00  0.74375832E+00
  0.55200000E+03  0.68543737E+00  0.55380608E+00  0.74254709E+00
  0.55300000E+03  0.68608066E+00  0.55406876E+00  0.74135100E+00
  0.55400000E+03  0.68558109E+00  0.55390450E+00  0.74028626E+00
  0.55500000E+03  0.68307269E+00  0.55175288E+00  0.74293717E+00
  0.55600000E+03  0.68532604E+00  0.55381410E+00  0.74367298E+00
  0.55700000E+03  0.68537832E+00  0.55385080E+00  0.74400931E+00
  0.55800000E+03  0.68556458E+00  0.55389768E+00  0.74279875E+00
  0.55900000E+03  0.68620194E+00  0.55415732E+00  0.74160306E+00
  0.56000000E+03  0.68570417E+00  0.55399555E+00  0.74048825E+00
  0.56100000E+03  0.68318756E+00  0.55184066E+00  0.74240008E+00
  0.56200000E+03  0.68544408E+00  0.55390252E+00  0.74313776E+00
  0.56300000E+03  0.68549319E+00  0.55393684E+00  0.74347652E+00
  0.56400000E+03  0.68567900E+00  0.55398412E+00  0.74226839E+00
  0.56500000E+03  0.68631508E+00  0.55424346E+00  0.74107455E+00
  0.56600000E+03  0.68582209E+00  0.55408158E+00  0.74014150E+00
  0.56700000E+03  0.68330033E+00  0.55192280E+00  0.74265179E+00
  0.56800000E+03  0.68556070E+00  0.55398772E+00  0.74338986E+00
  0.56900000E+03  0.68561153E+00  0.55402127E+00  0.74372923E+00
  0.57000000E+03  0.68579867E+00  0.55407046E+00  0.74252169E+00
  0.57100000E+03  0.68642908E+00  0.55432689E+00  0.74132820E+00
  0.57200000E+03  0.68593771E+00  0.55416741E+00  0.74041245E+00
  0.57300000E+03  0.68340819E+00  0.55200558E+00  0.74213013E+00
  0.57400000E+03  0.68567153E+00  0.55407104E+00  0.74286998E+00
  0.57500000E+03  0.68571928E+00  0.55410232E+00  0.74321167E+00
  0.57600000E+03  0.68590596E+00  0.55415184E+00  0.74200645E+00
  0.57700000E+03  0.68653524E+00  0.55440803E+00  0.74081472E+00
  0.57800000E+03  0.68604846E+00  0.55424841E+00  0.74007244E+00
  0.57900000E+03  0.68592520E+00  0.55424909E+00  0.74123620E+00
  0.58000000E+03  0.68341697E+00  0.55201404E+00  0.74312356E+00
  0.58100000E+03  0.68583285E+00  0.55418291E+00  0.74346578E+00
  0.58200000E+03  0.68578107E+00  0.55417711E+00  0.74304614E+00
  0.58300000E+03  0.68664226E+00  0.55448655E+00  0.74106967E+00
  0.58400000E+03  0.68615709E+00  0.55432931E+00  0.74034139E+00
  0.58500000E+03  0.68602297E+00  0.55432757E+00  0.74072873E+00
  0.58600000E+03  0.68352237E+00  0.55209407E+00  0.74261831E+00
  0.58700000E+03  0.68593391E+00  0.55425925E+00  0.74296275E+00
  0.58800000E+03  0.68588921E+00  0.55425542E+00  0.74254479E+00
  0.58900000E+03  0.68674184E+00  0.55456297E+00  0.74057051E+00
  0.59000000E+03  0.68626109E+00  0.55440555E+00  0.74000797E+00
  0.59100000E+03  0.68612844E+00  0.55440322E+00  0.74098301E+00
  0.59200000E+03  0.68362183E+00  0.55216673E+00  0.74287307E+00
  0.59300000E+03  0.68603861E+00  0.55433420E+00  0.74321798E+00
  0.59400000E+03  0.68599168E+00  0.55433023E+00  0.74280030E+00
  0.59500000E+03  0.68684253E+00  0.55463696E+00  0.74082647E+00
  0.59600000E+03  0.68636315E+00  0.55448178E+00  0.74027479E+00
  0.59700000E+03  0.68622003E+00  0.55447715E+00  0.74048960E+00
  0.59800000E+03  0.68372090E+00  0.55224222E+00  0.74238178E+00
  0.59900000E+03  0.68613339E+00  0.55440607E+00  0.74272881E+00
  0.60000000E+03  0.68609332E+00  0.55440400E+00  0.74231273E+00
  0.60100000E+03  0.68693601E+00  0.55470894E+00  0.74034100E+00
  0.60200000E+03  0.68646083E+00  0.55455353E+00  0.73994780E+00
  0.60300000E+03  0.68631935E+00  0.55454838E+00  0.74074484E+00
  0.60400000E+03  0.68381425E+00  0.55231054E+00  0.74263744E+00
  0.60500000E+03  0.68623188E+00  0.55447667E+00  0.74298488E+00
  0.60600000E+03  0.68618951E+00  0.55447442E+00  0.74256904E+00
  0.60700000E+03  0.68703068E+00  0.55477862E+00  0.74059770E+00
  0.60800000E+03  0.68655671E+00  0.55462537E+00  0.74021236E+00
  0.60900000E+03  0.68640513E+00  0.55461800E+00  0.74026487E+00
  0.61000000E+03  0.68390738E+00  0.55238173E+00  0.74215950E+00
  0.61100000E+03  0.68632076E+00  0.55454433E+00  0.74250895E+00
  0.61200000E+03  0.68628505E+00  0.55454391E+00  0.74209464E+00
  0.61300000E+03  0.68711842E+00  0.55484641E+00  0.74012531E+00
  0.61400000E+03  0.68664844E+00  0.55469287E+00  0.73989166E+00
  0.61500000E+03  0.68649867E+00  0.55468506E+00  0.74052081E+00
  0.61600000E+03  0.68399501E+00  0.55244595E+00  0.74241580E+00
  0.61700000E+03  0.68641342E+00  0.55461082E+00  0.74276560E+00
  0.61800000E+03  0.68637534E+00  0.55461018E+00  0.74235149E+00
  0.61900000E+03  0.68720743E+00  0.55491200E+00  0.74038249E+00
  0.62000000E+03  0.68673853E+00  0.55476055E+00  0.74015384E+00
  0.62100000E+03  0.68657900E+00  0.55475062E+00  0.74010964E+00
  0.62200000E+03  0.68408254E+00  0.55251309E+00  0.74195060E+00
  0.62300000E+03  0.68649676E+00  0.55467451E+00  0.74230233E+00
  0.62400000E+03  0.68646514E+00  0.55467563E+00  0.74188969E+00
  0.62500000E+03  0.68728976E+00  0.55497583E+00  0.73992260E+00
  0.62600000E+03  0.68682468E+00  0.55482406E+00  0.73983927E+00
  0.62700000E+03  0.68666711E+00  0.55481374E+00  0.74031005E+00
  0.62800000E+03  0.68416479E+00  0.55257345E+00  0.74220728E+00
  0.62900000E+03  0.68658395E+00  0.55473712E+00  0.74255932E+00
  0.63000000E+03  0.68654990E+00  0.55473799E+00  0.74214683E+00
  0.63100000E+03  0.68737346E+00  0.55503758E+00  0.74018003E+00
  0.63200000E+03  0.68690932E+00  0.55488781E+00  0.74009899E+00
  0.63300000E+03  0.68674233E+00  0.55487547E+00  0.74005444E+00
  0.63400000E+03  0.68424708E+00  0.55263675E+00  0.74175429E+00
  0.63500000E+03  0.68666208E+00  0.55479706E+00  0.74210817E+00
  0.63600000E+03  0.68663431E+00  0.55479963E+00  0.74169708E+00
  0.63700000E+03  0.68745072E+00  0.55509767E+00  0.73980011E+00
  0.63800000E+03  0.68699022E+00  0.55494754E+00  0.73979041E+00
  0.63900000E+03  0.68682533E+00  0.55493488E+00  0.74011179E+00
  0.64000000E+03  0.68432428E+00  0.55269346E+00  0.74201113E+00
  0.64100000E+03  0.68674412E+00  0.55485602E+00  0.74236525E+00
  0.64200000E+03  0.68671387E+00  0.55485830E+00  0.74195429E+00
  0.64300000E+03  0.68752942E+00  0.55515579E+00  0.74005767E+00
  0.64400000E+03  0.68706975E+00  0.55500760E+00  0.74004758E+00
  0.64500000E+03  0.68689575E+00  0.55499299E+00  0.74000269E+00
  0.64600000E+03  0.68440163E+00  0.55275316E+00  0.74156982E+00
  0.64700000E+03  0.68681738E+00  0.55491241E+00  0.74192571E+00
  0.64800000E+03  0.68679322E+00  0.55491634E+00  0.74151609E+00
  0.64900000E+03  0.68760191E+00  0.55521235E+00  0.73975546E+00
  0.65000000E+03  0.68714572E+00  0.55506377E+00  0.73974484E+00
  0.65100000E+03  0.68697395E+00  0.55504889E+00  0.73992526E+00
  0.65200000E+03  0.68447409E+00  0.55280643E+00  0.74182658E+00
  0.65300000E+03  0.68689458E+00  0.55496792E+00  0.74218267E+00
  0.65400000E+03  0.68686789E+00  0.55497153E+00  0.74177315E+00
  0.65500000E+03  0.68767592E+00  0.55526705E+00  0.74001037E+00
  0.65600000E+03  0.68722045E+00  0.55512033E+00  0.73999938E+00
  0.65700000E+03  0.68703987E+00  0.55510359E+00  0.73995419E+00
  0.65800000E+03  0.68454681E+00  0.55286271E+00  0.74139648E+00
  0.65900000E+03  0.68696325E+00  0.55502098E+00  0.74175426E+00
  0.66000000E+03  0.68694248E+00  0.55502617E+00  0.74134603E+00
  0.66100000E+03  0.68774393E+00  0.55532028E+00  0.73971383E+00
  0.66200000E+03  0.68729180E+00  0.55517314E+00  0.73970234E+00
  0.66300000E+03  0.68711355E+00  0.55515619E+00  0.73974978E+00
  0.66400000E+03  0.68461481E+00  0.55291274E+00  0.74165295E+00
  0.66500000E+03  0.68703590E+00  0.55507323E+00  0.74201090E+00
  0.66600000E+03  0.68701257E+00  0.55507808E+00  0.74160272E+00
  0.66700000E+03  0.68781353E+00  0.55537175E+00  0.73996603E+00
  0.66800000E+03  0.68736201E+00  0.55522641E+00  0.73995420E+00
  0.66900000E+03  0.68717525E+00  0.55520767E+00  0.73990871E+00
  0.67000000E+03  0.68468318E+00  0.55296581E+00  0.74123361E+00
  0.67100000E+03  0.68710027E+00  0.55512314E+00  0.74159317E+00
  0.67200000E+03  0.68708269E+00  0.55512952E+00  0.74118622E+00
  0.67300000E+03  0.68787734E+00  0.55542184E+00  0.73967502E+00
  0.67400000E+03  0.68742901E+00  0.55527606E+00  0.73966273E+00
  0.67500000E+03  0.68724468E+00  0.55525715E+00  0.73961723E+00
  0.67600000E+03  0.68474700E+00  0.55301278E+00  0.74148959E+00
  0.67700000E+03  0.68716865E+00  0.55517232E+00  0.74184927E+00
  0.67800000E+03  0.68714847E+00  0.55517834E+00  0.74144236E+00
  0.67900000E+03  0.68794279E+00  0.55547026E+00  0.73992447E+00
  0.68000000E+03  0.68749498E+00  0.55532622E+00  0.73991185E+00
  0.68100000E+03  0.68730241E+00  0.55530560E+00  0.73986608E+00
  0.68200000E+03  0.68481128E+00  0.55306282E+00  0.74108057E+00
  0.68300000E+03  0.68722898E+00  0.55521926E+00  0.74144180E+00
  0.68400000E+03  0.68721440E+00  0.55522677E+00  0.74103607E+00
  0.68500000E+03  0.68800265E+00  0.55551740E+00  0.73963886E+00
  0.68600000E+03  0.68755790E+00  0.55537289E+00  0.73962580E+00
  0.68700000E+03  0.68736786E+00  0.55535215E+00  0.73958003E+00
  0.68800000E+03  0.68487117E+00  0.55310691E+00  0.74133589E+00
  0.68900000E+03  0.68729335E+00  0.55526555E+00  0.74169720E+00
  0.69000000E+03  0.68727614E+00  0.55527266E+00  0.74129148E+00
  0.69100000E+03  0.68806421E+00  0.55556295E+00  0.73988550E+00
  0.69200000E+03  0.68761989E+00  0.55542013E+00  0.73987214E+00
  0.69300000E+03  0.68742187E+00  0.55539774E+00  0.73982611E+00
  0.69400000E+03  0.68493161E+00  0.55315408E+00  0.74093678E+00
  0.69500000E+03  0.68734989E+00  0.55530970E+00  0.74129958E+00
  0.69600000E+03  0.68733812E+00  0.55531825E+00  0.74089500E+00
  0.69700000E+03  0.68812037E+00  0.55560730E+00  0.73960516E+00
  0.69800000E+03  0.68767898E+00  0.55546398E+00  0.73959138E+00
  0.69900000E+03  0.68748356E+00  0.55544151E+00  0.73954536E+00
  0.70000000E+03  0.68498781E+00  0.55319547E+00  0.74119126E+00
  0.70100000E+03  0.68741048E+00  0.55535326E+00  0.74155410E+00
  0.70200000E+03  0.68739606E+00  0.55536140E+00  0.74114950E+00
  0.70300000E+03  0.68817827E+00  0.55565014E+00  0.73984897E+00
  0.70400000E+03  0.68773723E+00  0.55550846E+00  0.73983490E+00
  0.70500000E+03  0.68753408E+00  0.55548441E+00  0.73978863E+00
  0.70600000E+03  0.68504464E+00  0.55323994E+00  0.74080169E+00
  0.70700000E+03  0.68746346E+00  0.55539478E+00  0.74116596E+00
  0.70800000E+03  0.68745433E+00  0.55540430E+00  0.74076246E+00
  0.70900000E+03  0.68823094E+00  0.55569186E+00  0.73957377E+00
  0.71000000E+03  0.68779271E+00  0.55554967E+00  0.73955932E+00
  0.71100000E+03  0.68759225E+00  0.55552558E+00  0.73951306E+00
  0.71200000E+03  0.68509738E+00  0.55327877E+00  0.74105517E+00
  0.71300000E+03  0.68752051E+00  0.55543577E+00  0.74141945E+00
  0.71400000E+03  0.68750870E+00  0.55544486E+00  0.74101590E+00
  0.71500000E+03  0.68828541E+00  0.55573216E+00  0.73981471E+00
  0.71600000E+03  0.68784745E+00  0.55559155E+00  0.73979999E+00
  0.71700000E+03  0.68763949E+00  0.55556594E+00  0.73975348E+00
  0.71800000E+03  0.68515081E+00  0.55332070E+00  0.74067478E+00
  0.71900000E+03  0.68757014E+00  0.55547480E+00  0.74104043E+00
  0.72000000E+03  0.68756350E+00  0.55548525E+00  0.74063794E+00
  0.72100000E+03  0.68833481E+00  0.55577141E+00  0.73954454E+00
  0.72200000E+03  0.68789954E+00  0.55563027E+00  0.73952944E+00
  0.72300000E+03  0.68769434E+00  0.55560465E+00  0.73948296E+00
  0.72400000E+03  0.68520030E+00  0.55335713E+00  0.74092710E+00
  0.72500000E+03  0.68762386E+00  0.55551337E+00  0.74129274E+00
  0.72600000E+03  0.68761452E+00  0.55552337E+00  0.74089018E+00
  0.72700000E+03  0.68838605E+00  0.55580930E+00  0.73978258E+00
  0.72800000E+03  0.68795098E+00  0.55566970E+00  0.73976724E+00
  0.72900000E+03  0.68773851E+00  0.55564262E+00  0.73972052E+00
  0.73000000E+03  0.68525055E+00  0.55339666E+00  0.74055555E+00
  0.73100000E+03  0.68767035E+00  0.55555007E+00  0.74092251E+00
  0.73200000E+03  0.68766604E+00  0.55556137E+00  0.74052096E+00
  0.73300000E+03  0.68843273E+00  0.55584622E+00  0.73951731E+00
  0.73400000E+03  0.68799990E+00  0.55570607E+00  0.73950162E+00
  0.73500000E+03  0.68779024E+00  0.55567902E+00  0.73945492E+00
  0.73600000E+03  0.68529698E+00  0.55343082E+00  0.74080659E+00
  0.73700000E+03  0.68772094E+00  0.55558636E+00  0.74117349E+00
  0.73800000E+03  0.68771392E+00  0.55559720E+00  0.74077187E+00
  0.73900000E+03  0.68848058E+00  0.55588185E+00  0.73975245E+00
  0.74000000E+03  0.68804824E+00  0.55574319E+00  0.73973653E+00
  0.74100000E+03  0.68783153E+00  0.55571473E+00  0.73968960E+00
  0.74200000E+03  0.68534423E+00  0.55346810E+00  0.74044355E+00
  0.74300000E+03  0.68776448E+00  0.55562085E+00  0.74081173E+00
  0.74400000E+03  0.68776236E+00  0.55563296E+00  0.74041107E+00
  0.74500000E+03  0.68852521E+00  0.55591657E+00  0.73949197E+00
  0.74600000E+03  0.68809417E+00  0.55577735E+00  0.73947572E+00
  0.74700000E+03  0.68788032E+00  0.55574896E+00  0.73942882E+00
  0.74800000E+03  0.68538780E+00  0.55350013E+00  0.74069317E+00
  0.74900000E+03  0.68781212E+00  0.55565500E+00  0.74106127E+00
  0.75000000E+03  0.68780729E+00  0.55566663E+00  0.74066052E+00
  0.75100000E+03  0.68856938E+00  0.55595008E+00  0.73972419E+00
  0.75200000E+03  0.68813960E+00  0.55581230E+00  0.73970772E+00
  0.75300000E+03  0.68791890E+00  0.55578255E+00  0.73966060E+00
  0.75400000E+03  0.68543223E+00  0.55353527E+00  0.74033835E+00
  0.75500000E+03  0.68785291E+00  0.55568742E+00  0.74070767E+00
  0.75600000E+03  0.68785285E+00  0.55570029E+00  0.74030785E+00
  0.75700000E+03  0.68861207E+00  0.55598273E+00  0.73946839E+00
  0.75800000E+03  0.68818273E+00  0.55584438E+00  0.73945160E+00
  0.75900000E+03  0.68796494E+00  0.55581472E+00  0.73940451E+00
  0.76000000E+03  0.68547310E+00  0.55356531E+00  0.74058642E+00
  0.76100000E+03  0.68789778E+00  0.55571954E+00  0.74095565E+00
  0.76200000E+03  0.68789500E+00  0.55573192E+00  0.74055572E+00
  0.76300000E+03  0.68865279E+00  0.55601424E+00  0.73969768E+00
  0.76400000E+03  0.68822542E+00  0.55587729E+00  0.73968070E+00
  0.76500000E+03  0.68800098E+00  0.55584632E+00  0.73963339E+00
  0.76600000E+03  0.68551490E+00  0.55359844E+00  0.74023953E+00
  0.76700000E+03  0.68793597E+00  0.55575001E+00  0.74060993E+00
  0.76800000E+03  0.68793784E+00  0.55576359E+00  0.74021090E+00
  0.76900000E+03  0.68869367E+00  0.55604494E+00  0.73944644E+00
  0.77000000E+03  0.68826592E+00  0.55590741E+00  0.73942916E+00
  0.77100000E+03  0.68804442E+00  0.55587656E+00  0.73938189E+00
  0.77200000E+03  0.68555324E+00  0.55362659E+00  0.74048596E+00
  0.77300000E+03  0.68797824E+00  0.55578023E+00  0.74085624E+00
  0.77400000E+03  0.68797739E+00  0.55579331E+00  0.74045708E+00
  0.77500000E+03  0.68873135E+00  0.55607456E+00  0.73967280E+00
  0.77600000E+03  0.68830604E+00  0.55593839E+00  0.73965534E+00
  0.77700000E+03  0.68807808E+00  0.55590628E+00  0.73960786E+00
  0.77800000E+03  0.68559255E+00  0.55365784E+00  0.74014672E+00
  0.77900000E+03  0.68801399E+00  0.55580886E+00  0.74051813E+00
  0.78000000E+03  0.68801768E+00  0.55582311E+00  0.74011984E+00
  0.78100000E+03  0.68877032E+00  0.55610343E+00  0.73942603E+00
  0.78200000E+03  0.68834406E+00  0.55596667E+00  0.73940828E+00
  0.78300000E+03  0.68811908E+00  0.55593470E+00  0.73936084E+00
  0.78400000E+03  0.68562851E+00  0.55368422E+00  0.74039140E+00
  0.78500000E+03  0.68805382E+00  0.55583729E+00  0.74076267E+00
  0.78600000E+03  0.68805478E+00  0.55585103E+00  0.74036424E+00
  0.78700000E+03  0.68880566E+00  0.55613127E+00  0.73964946E+00
  0.78800000E+03  0.68838177E+00  0.55599583E+00  0.73963154E+00
  0.78900000E+03  0.68815051E+00  0.55596265E+00  0.73958390E+00
  0.79000000E+03  0.68566549E+00  0.55371368E+00  0.74005955E+00
  0.79100000E+03  0.68808728E+00  0.55586419E+00  0.74043191E+00
  0.79200000E+03  0.68809267E+00  0.55587906E+00  0.74003432E+00
  0.79300000E+03  0.68884232E+00  0.55615842E+00  0.73940704E+00
  0.79400000E+03  0.68841746E+00  0.55602238E+00  0.73938885E+00
  0.79500000E+03  0.68818921E+00  0.55598936E+00  0.73934126E+00
  0.79600000E+03  0.68569922E+00  0.55373839E+00  0.74030239E+00
  0.79700000E+03  0.68812481E+00  0.55589094E+00  0.74067459E+00
  0.79800000E+03  0.68812748E+00  0.55590529E+00  0.74027684E+00
  0.79900000E+03  0.68887546E+00  0.55618459E+00  0.73962755E+00
  0.80000000E+03  0.68845290E+00  0.55604984E+00  0.73960920E+00
  0.80100000E+03  0.68821854E+00  0.55601565E+00  0.73956141E+00
  0.80200000E+03  0.68573400E+00  0.55376618E+00  0.73997768E+00
  0.80300000E+03  0.68815613E+00  0.55591621E+00  0.74035094E+00
  0.80400000E+03  0.68816312E+00  0.55593167E+00  0.73995400E+00
  0.80500000E+03  0.68890995E+00  0.55621012E+00  0.73938940E+00
  0.80600000E+03  0.68848641E+00  0.55607476E+00  0.73937079E+00
  0.80700000E+03  0.68825509E+00  0.55604075E+00  0.73932305E+00
  0.80800000E+03  0.68576564E+00  0.55378933E+00  0.74021860E+00
  0.80900000E+03  0.68819150E+00  0.55594137E+00  0.74059168E+00
  0.81000000E+03  0.68819578E+00  0.55595630E+00  0.74019457E+00
  0.81100000E+03  0.68894102E+00  0.55623472E+00  0.73960699E+00
  0.81200000E+03  0.68851972E+00  0.55610061E+00  0.73958823E+00
  0.81300000E+03  0.68828245E+00  0.55606547E+00  0.73954029E+00
  0.81400000E+03  0.68579836E+00  0.55381554E+00  0.73990081E+00
  0.81500000E+03  0.68822080E+00  0.55596512E+00  0.74027490E+00
  0.81600000E+03  0.68822930E+00  0.55598112E+00  0.73987858E+00
  0.81700000E+03  0.68897348E+00  0.55625872E+00  0.73937300E+00
  0.81800000E+03  0.68855119E+00  0.55612399E+00  0.73935400E+00
  0.81900000E+03  0.68831697E+00  0.55608906E+00  0.73930611E+00
  0.82000000E+03  0.68582804E+00  0.55383721E+00  0.74013972E+00
  0.82100000E+03  0.68825414E+00  0.55598878E+00  0.74051363E+00
  0.82200000E+03  0.68825993E+00  0.55600425E+00  0.74011712E+00
  0.82300000E+03  0.68900261E+00  0.55628184E+00  0.73958768E+00
  0.82400000E+03  0.68858249E+00  0.55614833E+00  0.73956855E+00
  0.82500000E+03  0.68834279E+00  0.55611230E+00  0.73952047E+00
  0.82600000E+03  0.68585882E+00  0.55386193E+00  0.73982862E+00
  0.82700000E+03  0.68828155E+00  0.55601109E+00  0.74020350E+00
  0.82800000E+03  0.68829146E+00  0.55602760E+00  0.73980775E+00
  0.82900000E+03  0.68903315E+00  0.55630440E+00  0.73935776E+00
  0.83000000E+03  0.68861203E+00  0.55617027E+00  0.73933840E+00
  0.83100000E+03  0.68837510E+00  0.55613447E+00  0.73929038E+00
  0.83200000E+03  0.68588665E+00  0.55388222E+00  0.74006547E+00
  0.83300000E+03  0.68831297E+00  0.55603334E+00  0.74044015E+00
  0.83400000E+03  0.68832019E+00  0.55604933E+00  0.74004421E+00
  0.83500000E+03  0.68906047E+00  0.55632613E+00  0.73956954E+00
  0.83600000E+03  0.68864146E+00  0.55619319E+00  0.73955006E+00
  0.83700000E+03  0.68840003E+00  0.55615633E+00  0.73950185E+00
  0.83800000E+03  0.68591561E+00  0.55390554E+00  0.73976084E+00
  0.83900000E+03  0.68833861E+00  0.55605430E+00  0.74013646E+00
  0.84000000E+03  0.68834985E+00  0.55607130E+00  0.73974126E+00
  0.84100000E+03  0.68908921E+00  0.55634734E+00  0.73934361E+00
  0.84200000E+03  0.68866918E+00  0.55621378E+00  0.73932391E+00
  0.84300000E+03  0.68842970E+00  0.55617715E+00  0.73927576E+00
  0.84400000E+03  0.68594170E+00  0.55392453E+00  0.73999555E+00
  0.84500000E+03  0.68836824E+00  0.55607523E+00  0.74037096E+00
  0.84600000E+03  0.68837679E+00  0.55609169E+00  0.73997555E+00
  0.84700000E+03  0.68911481E+00  0.55636776E+00  0.73955251E+00
  0.84800000E+03  0.68869684E+00  0.55623535E+00  0.73953269E+00
  0.84900000E+03  0.68845379E+00  0.55619770E+00  0.73948437E+00
  0.85000000E+03  0.68596895E+00  0.55394653E+00  0.73969720E+00
  0.85100000E+03  0.68839221E+00  0.55609491E+00  0.74007352E+00
  0.85200000E+03  0.68840470E+00  0.55611236E+00  0.73967883E+00
  0.85300000E+03  0.68914186E+00  0.55638770E+00  0.73933048E+00
  0.85400000E+03  0.68872287E+00  0.55625467E+00  0.73931046E+00
  0.85500000E+03  0.68848098E+00  0.55621727E+00  0.73926219E+00
  0.85600000E+03  0.68599342E+00  0.55396429E+00  0.73992973E+00
  0.85700000E+03  0.68842016E+00  0.55611460E+00  0.74030582E+00
  0.85800000E+03  0.68842997E+00  0.55613151E+00  0.73991091E+00
  0.85900000E+03  0.68916586E+00  0.55640688E+00  0.73953651E+00
  0.86000000E+03  0.68874887E+00  0.55627498E+00  0.73951638E+00
  0.86100000E+03  0.68850429E+00  0.55623660E+00  0.73946794E+00
  0.86200000E+03  0.68601906E+00  0.55398506E+00  0.73963746E+00
  0.86300000E+03  0.68844257E+00  0.55613308E+00  0.74001443E+00
  0.86400000E+03  0.68845622E+00  0.55615096E+00  0.73962021E+00
  0.86500000E+03  0.68919132E+00  0.55642563E+00  0.73931830E+00
  0.86600000E+03  0.68877330E+00  0.55629310E+00  0.73929797E+00
  0.86700000E+03  0.68852949E+00  0.55625498E+00  0.73924959E+00
  0.86800000E+03  0.68604200E+00  0.55400167E+00  0.73986774E+00
  0.86900000E+03  0.68846892E+00  0.55615160E+00  0.74024448E+00
  0.87000000E+03  0.68847991E+00  0.55616894E+00  0.73985004E+00
  0.87100000E+03  0.68921382E+00  0.55644366E+00  0.73952148E+00
  0.87200000E+03  0.68879775E+00  0.55631222E+00  0.73950105E+00
  0.87300000E+03  0.68855174E+00  0.55627315E+00  0.73945250E+00
  0.87400000E+03  0.68606613E+00  0.55402127E+00  0.73958138E+00
  0.87500000E+03  0.68848987E+00  0.55616896E+00  0.73995896E+00
  0.87600000E+03  0.68850461E+00  0.55618724E+00  0.73956519E+00
  0.87700000E+03  0.68923778E+00  0.55646128E+00  0.73930699E+00
  0.87800000E+03  0.68882068E+00  0.55632921E+00  0.73928638E+00
  0.87900000E+03  0.68857545E+00  0.55629041E+00  0.73923789E+00
  0.88000000E+03  0.68608763E+00  0.55403680E+00  0.73980937E+00
  0.88100000E+03  0.68851473E+00  0.55618638E+00  0.74018671E+00
  0.88200000E+03  0.68852683E+00  0.55620411E+00  0.73979272E+00
  0.88300000E+03  0.68925886E+00  0.55647822E+00  0.73950735E+00
  0.88400000E+03  0.68884366E+00  0.55634722E+00  0.73948664E+00
  0.88500000E+03  0.68859630E+00  0.55630750E+00  0.73943799E+00
  0.88600000E+03  0.68611034E+00  0.55405530E+00  0.73952873E+00
  0.88700000E+03  0.68853430E+00  0.55620268E+00  0.73990690E+00
  0.88800000E+03  0.68855008E+00  0.55622133E+00  0.73951355E+00
  0.88900000E+03  0.68928142E+00  0.55649478E+00  0.73929652E+00
  0.89000000E+03  0.68886518E+00  0.55636316E+00  0.73927563E+00
  0.89100000E+03  0.68861863E+00  0.55632372E+00  0.73922705E+00
  0.89200000E+03  0.68613050E+00  0.55406982E+00  0.73975441E+00
  0.89300000E+03  0.68855776E+00  0.55621906E+00  0.74013231E+00
  0.89400000E+03  0.68857091E+00  0.55623717E+00  0.73973874E+00
  0.89500000E+03  0.68930117E+00  0.55651070E+00  0.73949406E+00
  0.89600000E+03  0.68888678E+00  0.55638012E+00  0.73947309E+00
  0.89700000E+03  0.68863817E+00  0.55633978E+00  0.73942435E+00
  0.89800000E+03  0.68615187E+00  0.55408728E+00  0.73947932E+00
  0.89900000E+03  0.68857603E+00  0.55623436E+00  0.73985803E+00
  0.90000000E+03  0.68859278E+00  0.55625336E+00  0.73946508E+00
  0.90100000E+03  0.68932241E+00  0.55652626E+00  0.73928681E+00
  0.90200000E+03  0.68890699E+00  0.55639505E+00  0.73926567E+00
  0.90300000E+03  0.68865919E+00  0.55635502E+00  0.73921699E+00
  0.90400000E+03  0.68617077E+00  0.55410084E+00  0.73970264E+00
  0.90500000E+03  0.68859817E+00  0.55624977E+00  0.74008107E+00
  0.90600000E+03  0.68861231E+00  0.55626823E+00  0.73968789E+00
  0.90700000E+03  0.68934092E+00  0.55654122E+00  0.73948157E+00
  0.90800000E+03  0.68892729E+00  0.55641103E+00  0.73946035E+00
  0.90900000E+03  0.68867749E+00  0.55637012E+00  0.73941152E+00
  0.91000000E+03  0.68619089E+00  0.55411733E+00  0.73943295E+00
  0.91100000E+03  0.68861524E+00  0.55626414E+00  0.73981217E+00
  0.91200000E+03  0.68863289E+00  0.55628347E+00  0.73941959E+00
  0.91300000E+03  0.68936092E+00  0.55655585E+00  0.73927782E+00
  0.91400000E+03  0.68894626E+00  0.55642503E+00  0.73925645E+00
  0.91500000E+03  0.68869729E+00  0.55638443E+00  0.73920768E+00
  0.91600000E+03  0.68620859E+00  0.55413000E+00  0.73965388E+00
  0.91700000E+03  0.68863613E+00  0.55627863E+00  0.74003281E+00
  0.91800000E+03  0.68865120E+00  0.55629742E+00  0.73964000E+00
  0.91900000E+03  0.68937825E+00  0.55656990E+00  0.73946981E+00
  0.92000000E+03  0.68896535E+00  0.55644007E+00  0.73944837E+00
  0.92100000E+03  0.68871443E+00  0.55639863E+00  0.73939945E+00
  0.92200000E+03  0.68622753E+00  0.55414557E+00  0.73938944E+00
  0.92300000E+03  0.68865207E+00  0.55629212E+00  0.73976913E+00
  0.92400000E+03  0.68867057E+00  0.55631176E+00  0.73937690E+00
  0.92500000E+03  0.68939709E+00  0.55658365E+00  0.73926951E+00
  0.92600000E+03  0.68898314E+00  0.55645320E+00  0.73924790E+00
  0.92700000E+03  0.68873308E+00  0.55641207E+00  0.73919905E+00
  0.92800000E+03  0.68624412E+00  0.55415740E+00  0.73960794E+00
  0.92900000E+03  0.68867179E+00  0.55630575E+00  0.73998735E+00
  0.93000000E+03  0.68868773E+00  0.55632485E+00  0.73959488E+00
  0.93100000E+03  0.68941332E+00  0.55659685E+00  0.73945876E+00
  0.93200000E+03  0.68900109E+00  0.55646737E+00  0.73943709E+00
  0.93300000E+03  0.68874913E+00  0.55642542E+00  0.73938809E+00
  0.93400000E+03  0.68626196E+00  0.55417211E+00  0.73934861E+00
  0.93500000E+03  0.68868666E+00  0.55631842E+00  0.73972875E+00
  0.93600000E+03  0.68870597E+00  0.55633835E+00  0.73933685E+00
  0.93700000E+03  0.68943106E+00  0.55660977E+00  0.73926181E+00
  0.93800000E+03  0.68901779E+00  0.55647967E+00  0.73924000E+00
  0.93900000E+03  0.68876669E+00  0.55643804E+00  0.73919107E+00
  0.94000000E+03  0.68627750E+00  0.55418315E+00  0.73956468E+00
  0.94100000E+03  0.68870529E+00  0.55633124E+00  0.73994453E+00
  0.94200000E+03  0.68872205E+00  0.55635063E+00  0.73955238E+00
  0.94300000E+03  0.68944627E+00  0.55662217E+00  0.73944835E+00
  0.94400000E+03  0.68903467E+00  0.55649302E+00  0.73942648E+00
  0.94500000E+03  0.68878173E+00  0.55645059E+00  0.73937741E+00
  0.94600000E+03  0.68629429E+00  0.55419704E+00  0.73931030E+00
  0.94700000E+03  0.68871916E+00  0.55634313E+00  0.73969086E+00
  0.94800000E+03  0.68873922E+00  0.55636333E+00  0.73929927E+00
  0.94900000E+03  0.68946297E+00  0.55663432E+00  0.73925470E+00
  0.95000000E+03  0.68905034E+00  0.55650454E+00  0.73923269E+00
  0.95100000E+03  0.68879827E+00  0.55646244E+00  0.73918369E+00
  0.95200000E+03  0.68630885E+00  0.55420735E+00  0.73952391E+00
  0.95300000E+03  0.68873675E+00  0.55635519E+00  0.73990418E+00
  0.95400000E+03  0.68875429E+00  0.55637485E+00  0.73951234E+00
  0.95500000E+03  0.68947721E+00  0.55664596E+00  0.73943855E+00
  0.95600000E+03  0.68906621E+00  0.55651711E+00  0.73941649E+00
  0.95700000E+03  0.68881235E+00  0.55647424E+00  0.73936735E+00
  0.95800000E+03  0.68632466E+00  0.55422047E+00  0.73927436E+00
  0.95900000E+03  0.68874968E+00  0.55636634E+00  0.73965532E+00
  0.96000000E+03  0.68877045E+00  0.55638680E+00  0.73926402E+00
  0.96100000E+03  0.68949295E+00  0.55665738E+00  0.73924814E+00
  0.96200000E+03  0.68908092E+00  0.55652791E+00  0.73922594E+00
  0.96300000E+03  0.68882793E+00  0.55648537E+00  0.73917686E+00
  0.96400000E+03  0.68633830E+00  0.55423008E+00  0.73948550E+00
  0.96500000E+03  0.68876631E+00  0.55637769E+00  0.73986616E+00
  0.96600000E+03  0.68878457E+00  0.55639760E+00  0.73947461E+00
  0.96700000E+03  0.68950628E+00  0.55666832E+00  0.73942933E+00
  0.96800000E+03  0.68909584E+00  0.55653976E+00  0.73940708E+00
  0.96900000E+03  0.68884112E+00  0.55649646E+00  0.73935787E+00
  0.97000000E+03  0.68635320E+00  0.55424249E+00  0.73924065E+00
  0.97100000E+03  0.68877836E+00  0.55638816E+00  0.73962199E+00
  0.97200000E+03  0.68879978E+00  0.55640885E+00  0.73923096E+00
  0.97300000E+03  0.68952111E+00  0.55667905E+00  0.73924208E+00
  0.97400000E+03  0.68910964E+00  0.55654987E+00  0.73921970E+00
  0.97500000E+03  0.68885580E+00  0.55650691E+00  0.73917056E+00
  0.97600000E+03  0.68636597E+00  0.55425145E+00  0.73944931E+00
  0.97700000E+03  0.68879407E+00  0.55639883E+00  0.73983034E+00
  0.97800000E+03  0.68881301E+00  0.55641899E+00  0.73943906E+00
  0.97900000E+03  0.68953358E+00  0.55668933E+00  0.73942063E+00
  0.98000000E+03  0.68912367E+00  0.55656103E+00  0.73939822E+00
  0.98100000E+03  0.68886814E+00  0.55651735E+00  0.73934895E+00
  0.98200000E+03  0.68638000E+00  0.55426317E+00  0.73920904E+00
  0.98300000E+03  0.68880529E+00  0.55640865E+00  0.73959072E+00
  0.98400000E+03  0.68882734E+00  0.55642957E+00  0.73919995E+00
  0.98500000E+03  0.68954755E+00  0.55669941E+00  0.73923649E+00
  0.98600000E+03  0.68913662E+00  0.55657050E+00  0.73921395E+00
  0.98700000E+03  0.68888197E+00  0.55652716E+00  0.73916475E+00
  0.98800000E+03  0.68639196E+00  0.55427152E+00  0.73941520E+00
  0.98900000E+03  0.68882014E+00  0.55641869E+00  0.73979658E+00
  0.99000000E+03  0.68883973E+00  0.55643908E+00  0.73940555E+00
  0.99100000E+03  0.68955923E+00  0.55670906E+00  0.73941244E+00
  0.99200000E+03  0.68914982E+00  0.55658102E+00  0.73938986E+00
  0.99300000E+03  0.68889352E+00  0.55653697E+00  0.73934053E+00
  0.99400000E+03  0.68640517E+00  0.55428261E+00  0.73917939E+00
  0.99500000E+03  0.68883060E+00  0.55642791E+00  0.73956140E+00
  0.99600000E+03  0.68885323E+00  0.55644904E+00  0.73917087E+00
  0.99700000E+03  0.68957240E+00  0.55671854E+00  0.73923134E+00
  0.99800000E+03  0.68916197E+00  0.55658989E+00  0.73920865E+00
  0.99900000E+03  0.68890656E+00  0.55654618E+00  0.73915939E+00
  0.10000000E+04  0.68886050E+00  0.55645496E+00  0.73938307E+00
