 i       X     FEXACT   FI_UPWIND   ERR_UP
   0   0.00000   0.00000  -0.00118   0.00118
   1   0.00063   0.00393   0.00275   0.00118
   2   0.00125   0.00786   0.00667   0.00119
   3   0.00188   0.01179   0.01060   0.00119
   4   0.00250   0.01572   0.01452   0.00120
   5   0.00313   0.01965   0.01844   0.00120
   6   0.00375   0.02357   0.02237   0.00121
   7   0.00438   0.02750   0.02629   0.00121
   8   0.00500   0.03143   0.03021   0.00122
   9   0.00563   0.03536   0.03414   0.00122
  10   0.00625   0.03928   0.03806   0.00123
  11   0.00688   0.04321   0.04198   0.00123
  12   0.00750   0.04714   0.04590   0.00124
  13   0.00813   0.05106   0.04982   0.00124
  14   0.00876   0.05498   0.05374   0.00124
  15   0.00938   0.05891   0.05766   0.00125
  16   0.01001   0.06283   0.06158   0.00125
  17   0.01063   0.06675   0.06549   0.00126
  18   0.01126   0.07067   0.06941   0.00126
  19   0.01188   0.07459   0.07332   0.00127
  20   0.01251   0.07851   0.07724   0.00127
  21   0.01313   0.08242   0.08115   0.00128
  22   0.01376   0.08634   0.08506   0.00128
  23   0.01438   0.09025   0.08897   0.00129
  24   0.01501   0.09417   0.09288   0.00129
  25   0.01563   0.09808   0.09678   0.00129
  26   0.01626   0.10199   0.10069   0.00130
  27   0.01689   0.10590   0.10459   0.00130
  28   0.01751   0.10980   0.10850   0.00131
  29   0.01814   0.11371   0.11240   0.00131
  30   0.01876   0.11761   0.11629   0.00132
  31   0.01939   0.12151   0.12019   0.00132
  32   0.02001   0.12541   0.12409   0.00132
  33   0.02064   0.12931   0.12798   0.00133
  34   0.02126   0.13320   0.13187   0.00133
  35   0.02189   0.13710   0.13576   0.00134
  36   0.02251   0.14099   0.13965   0.00134
  37   0.02314   0.14488   0.14353   0.00134
  38   0.02376   0.14876   0.14742   0.00135
  39   0.02439   0.15265   0.15130   0.00135
  40   0.02502   0.15653   0.15517   0.00136
  41   0.02564   0.16041   0.15905   0.00136
  42   0.02627   0.16429   0.16292   0.00137
  43   0.02689   0.16816   0.16679   0.00137
  44   0.02752   0.17204   0.17066   0.00137
  45   0.02814   0.17590   0.17453   0.00138
  46   0.02877   0.17977   0.17839   0.00138
  47   0.02939   0.18364   0.18225   0.00138
  48   0.03002   0.18750   0.18611   0.00139
  49   0.03064   0.19136   0.18996   0.00139
  50   0.03127   0.19521   0.19381   0.00140
  51   0.03189   0.19906   0.19766   0.00140
  52   0.03252   0.20291   0.20151   0.00140
  53   0.03315   0.20676   0.20535   0.00141
  54   0.03377   0.21060   0.20919   0.00141
  55   0.03440   0.21444   0.21302   0.00142
  56   0.03502   0.21828   0.21686   0.00142
  57   0.03565   0.22211   0.22069   0.00142
  58   0.03627   0.22594   0.22451   0.00143
  59   0.03690   0.22977   0.22834   0.00143
  60   0.03752   0.23359   0.23215   0.00143
  61   0.03815   0.23741   0.23597   0.00144
  62   0.03877   0.24122   0.23978   0.00144
  63   0.03940   0.24503   0.24359   0.00145
  64   0.04003   0.24884   0.24739   0.00145
  65   0.04065   0.25265   0.25119   0.00145
  66   0.04128   0.25645   0.25499   0.00146
  67   0.04190   0.26024   0.25878   0.00146
  68   0.04253   0.26403   0.26257   0.00146
  69   0.04315   0.26782   0.26636   0.00147
  70   0.04378   0.27161   0.27014   0.00147
  71   0.04440   0.27539   0.27391   0.00147
  72   0.04503   0.27916   0.27768   0.00148
  73   0.04565   0.28293   0.28145   0.00148
  74   0.04628   0.28670   0.28521   0.00148
  75   0.04690   0.29046   0.28897   0.00149
  76   0.04753   0.29422   0.29273   0.00149
  77   0.04816   0.29797   0.29648   0.00149
  78   0.04878   0.30172   0.30022   0.00150
  79   0.04941   0.30546   0.30396   0.00150
  80   0.05003   0.30920   0.30770   0.00150
  81   0.05066   0.31294   0.31143   0.00151
  82   0.05128   0.31667   0.31516   0.00151
  83   0.05191   0.32039   0.31888   0.00151
  84   0.05253   0.32411   0.32260   0.00152
  85   0.05316   0.32783   0.32631   0.00152
  86   0.05378   0.33154   0.33002   0.00152
  87   0.05441   0.33524   0.33372   0.00152
  88   0.05503   0.33894   0.33741   0.00153
  89   0.05566   0.34264   0.34111   0.00153
  90   0.05629   0.34632   0.34479   0.00153
  91   0.05691   0.35001   0.34847   0.00154
  92   0.05754   0.35369   0.35215   0.00154
  93   0.05816   0.35736   0.35582   0.00154
  94   0.05879   0.36103   0.35948   0.00154
  95   0.05941   0.36469   0.36314   0.00155
  96   0.06004   0.36834   0.36679   0.00155
  97   0.06066   0.37199   0.37044   0.00155
  98   0.06129   0.37564   0.37408   0.00155
  99   0.06191   0.37928   0.37772   0.00156
 100   0.06254   0.38291   0.38135   0.00156
 101   0.06316   0.38654   0.38497   0.00156
 102   0.06379   0.39016   0.38859   0.00157
 103   0.06442   0.39377   0.39220   0.00157
 104   0.06504   0.39738   0.39581   0.00157
 105   0.06567   0.40098   0.39941   0.00158
 106   0.06629   0.40458   0.40300   0.00158
 107   0.06692   0.40817   0.40659   0.00158
 108   0.06754   0.41176   0.41017   0.00158
 109   0.06817   0.41533   0.41375   0.00159
 110   0.06879   0.41890   0.41732   0.00159
 111   0.06942   0.42247   0.42088   0.00159
 112   0.07004   0.42603   0.42444   0.00159
 113   0.07067   0.42958   0.42798   0.00159
 114   0.07129   0.43312   0.43153   0.00160
 115   0.07192   0.43666   0.43506   0.00160
 116   0.07255   0.44019   0.43859   0.00160
 117   0.07317   0.44372   0.44212   0.00160
 118   0.07380   0.44724   0.44563   0.00161
 119   0.07442   0.45075   0.44914   0.00161
 120   0.07505   0.45425   0.45264   0.00161
 121   0.07567   0.45775   0.45614   0.00161
 122   0.07630   0.46124   0.45963   0.00161
 123   0.07692   0.46472   0.46311   0.00162
 124   0.07755   0.46820   0.46658   0.00162
 125   0.07817   0.47167   0.47005   0.00162
 126   0.07880   0.47513   0.47351   0.00162
 127   0.07942   0.47858   0.47696   0.00162
 128   0.08005   0.48203   0.48040   0.00163
 129   0.08068   0.48547   0.48384   0.00163
 130   0.08130   0.48890   0.48727   0.00163
 131   0.08193   0.49232   0.49069   0.00163
 132   0.08255   0.49574   0.49410   0.00163
 133   0.08318   0.49915   0.49751   0.00164
 134   0.08380   0.50255   0.50091   0.00164
 135   0.08443   0.50594   0.50430   0.00164
 136   0.08505   0.50933   0.50769   0.00164
 137   0.08568   0.51271   0.51106   0.00165
 138   0.08630   0.51608   0.51443   0.00165
 139   0.08693   0.51944   0.51779   0.00165
 140   0.08755   0.52279   0.52114   0.00165
 141   0.08818   0.52614   0.52448   0.00165
 142   0.08881   0.52947   0.52782   0.00166
 143   0.08943   0.53280   0.53115   0.00166
 144   0.09006   0.53613   0.53447   0.00166
 145   0.09068   0.53944   0.53778   0.00166
 146   0.09131   0.54274   0.54108   0.00166
 147   0.09193   0.54604   0.54438   0.00166
 148   0.09256   0.54933   0.54766   0.00166
 149   0.09318   0.55261   0.55094   0.00167
 150   0.09381   0.55588   0.55421   0.00167
 151   0.09443   0.55914   0.55747   0.00167
 152   0.09506   0.56239   0.56072   0.00167
 153   0.09568   0.56564   0.56397   0.00167
 154   0.09631   0.56887   0.56720   0.00167
 155   0.09694   0.57210   0.57043   0.00167
 156   0.09756   0.57532   0.57364   0.00168
 157   0.09819   0.57853   0.57685   0.00168
 158   0.09881   0.58173   0.58005   0.00168
 159   0.09944   0.58492   0.58324   0.00168
 160   0.10006   0.58810   0.58642   0.00168
 161   0.10069   0.59128   0.58959   0.00168
 162   0.10131   0.59444   0.59276   0.00169
 163   0.10194   0.59760   0.59591   0.00169
 164   0.10256   0.60074   0.59905   0.00169
 165   0.10319   0.60388   0.60219   0.00169
 166   0.10381   0.60701   0.60532   0.00169
 167   0.10444   0.61012   0.60843   0.00169
 168   0.10507   0.61323   0.61154   0.00169
 169   0.10569   0.61633   0.61464   0.00169
 170   0.10632   0.61942   0.61773   0.00169
 171   0.10694   0.62250   0.62081   0.00169
 172   0.10757   0.62557   0.62388   0.00169
 173   0.10819   0.62863   0.62694   0.00169
 174   0.10882   0.63168   0.62999   0.00169
 175   0.10944   0.63473   0.63303   0.00169
 176   0.11007   0.63776   0.63606   0.00169
 177   0.11069   0.64078   0.63908   0.00170
 178   0.11132   0.64379   0.64209   0.00170
 179   0.11194   0.64679   0.64509   0.00170
 180   0.11257   0.64978   0.64809   0.00170
 181   0.11320   0.65277   0.65107   0.00170
 182   0.11382   0.65574   0.65404   0.00170
 183   0.11445   0.65870   0.65700   0.00170
 184   0.11507   0.66165   0.65995   0.00170
 185   0.11570   0.66459   0.66289   0.00170
 186   0.11632   0.66752   0.66582   0.00170
 187   0.11695   0.67044   0.66874   0.00170
 188   0.11757   0.67335   0.67165   0.00170
 189   0.11820   0.67625   0.67455   0.00170
 190   0.11882   0.67914   0.67744   0.00170
 191   0.11945   0.68202   0.68032   0.00170
 192   0.12008   0.68489   0.68319   0.00170
 193   0.12070   0.68775   0.68604   0.00170
 194   0.12133   0.69060   0.68889   0.00170
 195   0.12195   0.69343   0.69173   0.00170
 196   0.12258   0.69626   0.69455   0.00170
 197   0.12320   0.69907   0.69737   0.00170
 198   0.12383   0.70188   0.70017   0.00170
 199   0.12445   0.70467   0.70297   0.00170
 200   0.12508   0.70745   0.70575   0.00170
 201   0.12570   0.71023   0.70852   0.00170
 202   0.12633   0.71299   0.71128   0.00170
 203   0.12695   0.71574   0.71403   0.00170
 204   0.12758   0.71847   0.71677   0.00170
 205   0.12821   0.72120   0.71950   0.00170
 206   0.12883   0.72392   0.72222   0.00170
 207   0.12946   0.72662   0.72492   0.00170
 208   0.13008   0.72932   0.72762   0.00170
 209   0.13071   0.73200   0.73030   0.00170
 210   0.13133   0.73467   0.73297   0.00170
 211   0.13196   0.73733   0.73563   0.00170
 212   0.13258   0.73998   0.73828   0.00170
 213   0.13321   0.74262   0.74092   0.00170
 214   0.13383   0.74524   0.74355   0.00170
 215   0.13446   0.74786   0.74616   0.00170
 216   0.13508   0.75046   0.74877   0.00170
 217   0.13571   0.75305   0.75136   0.00170
 218   0.13634   0.75563   0.75394   0.00170
 219   0.13696   0.75820   0.75650   0.00170
 220   0.13759   0.76076   0.75906   0.00170
 221   0.13821   0.76330   0.76160   0.00170
 222   0.13884   0.76583   0.76414   0.00170
 223   0.13946   0.76835   0.76666   0.00170
 224   0.14009   0.77086   0.76916   0.00170
 225   0.14071   0.77336   0.77166   0.00170
 226   0.14134   0.77585   0.77414   0.00170
 227   0.14196   0.77832   0.77662   0.00170
 228   0.14259   0.78078   0.77908   0.00170
 229   0.14321   0.78323   0.78152   0.00171
 230   0.14384   0.78567   0.78396   0.00171
 231   0.14447   0.78809   0.78638   0.00171
 232   0.14509   0.79050   0.78880   0.00171
 233   0.14572   0.79290   0.79120   0.00171
 234   0.14634   0.79529   0.79359   0.00171
 235   0.14697   0.79767   0.79596   0.00171
 236   0.14759   0.80003   0.79833   0.00170
 237   0.14822   0.80238   0.80068   0.00170
 238   0.14884   0.80472   0.80302   0.00170
 239   0.14947   0.80705   0.80535   0.00170
 240   0.15009   0.80936   0.80767   0.00170
 241   0.15072   0.81166   0.80997   0.00170
 242   0.15134   0.81395   0.81226   0.00170
 243   0.15197   0.81623   0.81454   0.00169
 244   0.15260   0.81849   0.81680   0.00169
 245   0.15322   0.82075   0.81905   0.00169
 246   0.15385   0.82298   0.82129   0.00169
 247   0.15447   0.82521   0.82352   0.00169
 248   0.15510   0.82742   0.82574   0.00169
 249   0.15572   0.82962   0.82794   0.00169
 250   0.15635   0.83181   0.83013   0.00168
 251   0.15697   0.83399   0.83230   0.00168
 252   0.15760   0.83615   0.83447   0.00168
 253   0.15822   0.83830   0.83662   0.00168
 254   0.15885   0.84043   0.83875   0.00168
 255   0.15947   0.84255   0.84088   0.00168
 256   0.16010   0.84466   0.84299   0.00168
 257   0.16073   0.84676   0.84509   0.00167
 258   0.16135   0.84885   0.84717   0.00167
 259   0.16198   0.85092   0.84925   0.00167
 260   0.16260   0.85297   0.85131   0.00167
 261   0.16323   0.85502   0.85335   0.00167
 262   0.16385   0.85705   0.85538   0.00166
 263   0.16448   0.85907   0.85740   0.00166
 264   0.16510   0.86107   0.85941   0.00166
 265   0.16573   0.86306   0.86140   0.00166
 266   0.16635   0.86504   0.86338   0.00166
 267   0.16698   0.86701   0.86535   0.00166
 268   0.16760   0.86896   0.86730   0.00166
 269   0.16823   0.87090   0.86924   0.00165
 270   0.16886   0.87282   0.87117   0.00165
 271   0.16948   0.87473   0.87308   0.00165
 272   0.17011   0.87663   0.87498   0.00165
 273   0.17073   0.87851   0.87686   0.00165
 274   0.17136   0.88038   0.87874   0.00165
 275   0.17198   0.88224   0.88060   0.00164
 276   0.17261   0.88408   0.88244   0.00164
 277   0.17323   0.88591   0.88427   0.00164
 278   0.17386   0.88773   0.88609   0.00164
 279   0.17448   0.88953   0.88789   0.00164
 280   0.17511   0.89132   0.88968   0.00164
 281   0.17573   0.89309   0.89146   0.00163
 282   0.17636   0.89485   0.89322   0.00163
 283   0.17699   0.89660   0.89497   0.00163
 284   0.17761   0.89833   0.89671   0.00163
 285   0.17824   0.90005   0.89843   0.00163
 286   0.17886   0.90176   0.90013   0.00162
 287   0.17949   0.90345   0.90183   0.00162
 288   0.18011   0.90513   0.90351   0.00162
 289   0.18074   0.90679   0.90517   0.00162
 290   0.18136   0.90844   0.90683   0.00162
 291   0.18199   0.91008   0.90846   0.00161
 292   0.18261   0.91170   0.91009   0.00161
 293   0.18324   0.91331   0.91170   0.00161
 294   0.18386   0.91490   0.91329   0.00161
 295   0.18449   0.91648   0.91487   0.00160
 296   0.18512   0.91804   0.91644   0.00160
 297   0.18574   0.91959   0.91799   0.00160
 298   0.18637   0.92113   0.91953   0.00160
 299   0.18699   0.92265   0.92106   0.00159
 300   0.18762   0.92416   0.92257   0.00159
 301   0.18824   0.92566   0.92407   0.00159
 302   0.18887   0.92713   0.92555   0.00159
 303   0.18949   0.92860   0.92702   0.00158
 304   0.19012   0.93005   0.92847   0.00158
 305   0.19074   0.93149   0.92991   0.00158
 306   0.19137   0.93291   0.93134   0.00157
 307   0.19199   0.93432   0.93275   0.00157
 308   0.19262   0.93571   0.93414   0.00157
 309   0.19325   0.93709   0.93552   0.00157
 310   0.19387   0.93845   0.93689   0.00156
 311   0.19450   0.93980   0.93825   0.00156
 312   0.19512   0.94114   0.93958   0.00156
 313   0.19575   0.94246   0.94091   0.00155
 314   0.19637   0.94377   0.94222   0.00155
 315   0.19700   0.94506   0.94351   0.00155
 316   0.19762   0.94634   0.94479   0.00154
 317   0.19825   0.94760   0.94606   0.00154
 318   0.19887   0.94885   0.94731   0.00154
 319   0.19950   0.95008   0.94855   0.00153
 320   0.20013   0.95130   0.94977   0.00153
 321   0.20075   0.95250   0.95098   0.00153
 322   0.20138   0.95369   0.95217   0.00152
 323   0.20200   0.95487   0.95335   0.00152
 324   0.20263   0.95603   0.95451   0.00152
 325   0.20325   0.95717   0.95566   0.00151
 326   0.20388   0.95830   0.95679   0.00151
 327   0.20450   0.95942   0.95791   0.00151
 328   0.20513   0.96052   0.95901   0.00151
 329   0.20575   0.96160   0.96010   0.00150
 330   0.20638   0.96267   0.96117   0.00150
 331   0.20700   0.96373   0.96223   0.00150
 332   0.20763   0.96477   0.96328   0.00150
 333   0.20826   0.96580   0.96431   0.00149
 334   0.20888   0.96681   0.96532   0.00149
 335   0.20951   0.96781   0.96632   0.00149
 336   0.21013   0.96879   0.96730   0.00149
 337   0.21076   0.96975   0.96827   0.00148
 338   0.21138   0.97071   0.96923   0.00148
 339   0.21201   0.97164   0.97016   0.00148
 340   0.21263   0.97256   0.97109   0.00148
 341   0.21326   0.97347   0.97200   0.00147
 342   0.21388   0.97436   0.97289   0.00147
 343   0.21451   0.97524   0.97377   0.00147
 344   0.21513   0.97610   0.97464   0.00146
 345   0.21576   0.97695   0.97549   0.00146
 346   0.21639   0.97778   0.97632   0.00146
 347   0.21701   0.97859   0.97714   0.00145
 348   0.21764   0.97940   0.97795   0.00145
 349   0.21826   0.98018   0.97874   0.00144
 350   0.21889   0.98095   0.97951   0.00144
 351   0.21951   0.98171   0.98027   0.00144
 352   0.22014   0.98245   0.98102   0.00143
 353   0.22076   0.98317   0.98174   0.00143
 354   0.22139   0.98388   0.98246   0.00143
 355   0.22201   0.98458   0.98316   0.00142
 356   0.22264   0.98526   0.98384   0.00142
 357   0.22326   0.98592   0.98451   0.00141
 358   0.22389   0.98657   0.98516   0.00141
 359   0.22452   0.98721   0.98580   0.00141
 360   0.22514   0.98783   0.98642   0.00140
 361   0.22577   0.98843   0.98703   0.00140
 362   0.22639   0.98902   0.98762   0.00140
 363   0.22702   0.98959   0.98820   0.00139
 364   0.22764   0.99015   0.98876   0.00139
 365   0.22827   0.99069   0.98931   0.00139
 366   0.22889   0.99122   0.98984   0.00138
 367   0.22952   0.99173   0.99035   0.00138
 368   0.23014   0.99223   0.99085   0.00137
 369   0.23077   0.99271   0.99134   0.00137
 370   0.23139   0.99317   0.99181   0.00137
 371   0.23202   0.99363   0.99226   0.00136
 372   0.23265   0.99406   0.99270   0.00136
 373   0.23327   0.99448   0.99313   0.00135
 374   0.23390   0.99489   0.99354   0.00135
 375   0.23452   0.99527   0.99393   0.00135
 376   0.23515   0.99565   0.99431   0.00134
 377   0.23577   0.99601   0.99467   0.00134
 378   0.23640   0.99635   0.99502   0.00133
 379   0.23702   0.99668   0.99535   0.00133
 380   0.23765   0.99699   0.99567   0.00132
 381   0.23827   0.99729   0.99597   0.00132
 382   0.23890   0.99757   0.99625   0.00132
 383   0.23952   0.99783   0.99652   0.00131
 384   0.24015   0.99809   0.99678   0.00131
 385   0.24078   0.99832   0.99702   0.00130
 386   0.24140   0.99854   0.99724   0.00130
 387   0.24203   0.99875   0.99745   0.00129
 388   0.24265   0.99893   0.99764   0.00129
 389   0.24328   0.99911   0.99782   0.00129
 390   0.24390   0.99927   0.99799   0.00128
 391   0.24453   0.99941   0.99813   0.00128
 392   0.24515   0.99954   0.99826   0.00127
 393   0.24578   0.99965   0.99838   0.00127
 394   0.24640   0.99974   0.99848   0.00126
 395   0.24703   0.99983   0.99857   0.00126
 396   0.24765   0.99989   0.99864   0.00125
 397   0.24828   0.99994   0.99869   0.00125
 398   0.24891   0.99998   0.99873   0.00124
 399   0.24953   1.00000   0.99876   0.00124
 400   0.25016   1.00000   0.99876   0.00124
 401   0.25078   0.99999   0.99876   0.00123
 402   0.25141   0.99996   0.99873   0.00123
 403   0.25203   0.99992   0.99870   0.00122
 404   0.25266   0.99986   0.99864   0.00122
 405   0.25328   0.99979   0.99858   0.00121
 406   0.25391   0.99970   0.99849   0.00121
 407   0.25453   0.99959   0.99839   0.00120
 408   0.25516   0.99947   0.99828   0.00120
 409   0.25578   0.99934   0.99815   0.00119
 410   0.25641   0.99919   0.99800   0.00119
 411   0.25704   0.99902   0.99784   0.00118
 412   0.25766   0.99884   0.99766   0.00118
 413   0.25829   0.99864   0.99747   0.00117
 414   0.25891   0.99843   0.99726   0.00117
 415   0.25954   0.99821   0.99704   0.00116
 416   0.26016   0.99796   0.99680   0.00116
 417   0.26079   0.99770   0.99655   0.00115
 418   0.26141   0.99743   0.99628   0.00115
 419   0.26204   0.99714   0.99600   0.00114
 420   0.26266   0.99684   0.99570   0.00114
 421   0.26329   0.99652   0.99538   0.00113
 422   0.26391   0.99618   0.99505   0.00113
 423   0.26454   0.99583   0.99471   0.00112
 424   0.26517   0.99546   0.99434   0.00112
 425   0.26579   0.99508   0.99397   0.00111
 426   0.26642   0.99468   0.99358   0.00111
 427   0.26704   0.99427   0.99317   0.00110
 428   0.26767   0.99385   0.99275   0.00110
 429   0.26829   0.99340   0.99231   0.00109
 430   0.26892   0.99294   0.99186   0.00109
 431   0.26954   0.99247   0.99139   0.00108
 432   0.27017   0.99198   0.99090   0.00108
 433   0.27079   0.99148   0.99040   0.00107
 434   0.27142   0.99096   0.98989   0.00107
 435   0.27205   0.99042   0.98936   0.00106
 436   0.27267   0.98987   0.98882   0.00106
 437   0.27330   0.98931   0.98826   0.00105
 438   0.27392   0.98873   0.98768   0.00105
 439   0.27455   0.98813   0.98709   0.00104
 440   0.27517   0.98752   0.98648   0.00103
 441   0.27580   0.98689   0.98586   0.00103
 442   0.27642   0.98625   0.98523   0.00102
 443   0.27705   0.98559   0.98458   0.00102
 444   0.27767   0.98492   0.98391   0.00101
 445   0.27830   0.98423   0.98323   0.00101
 446   0.27892   0.98353   0.98253   0.00100
 447   0.27955   0.98281   0.98182   0.00100
 448   0.28018   0.98208   0.98109   0.00099
 449   0.28080   0.98133   0.98035   0.00099
 450   0.28143   0.98057   0.97959   0.00098
 451   0.28205   0.97979   0.97882   0.00097
 452   0.28268   0.97900   0.97803   0.00097
 453   0.28330   0.97819   0.97722   0.00096
 454   0.28393   0.97736   0.97641   0.00096
 455   0.28455   0.97653   0.97557   0.00095
 456   0.28518   0.97567   0.97472   0.00095
 457   0.28580   0.97480   0.97386   0.00094
 458   0.28643   0.97392   0.97298   0.00094
 459   0.28705   0.97302   0.97209   0.00093
 460   0.28768   0.97211   0.97118   0.00092
 461   0.28831   0.97118   0.97026   0.00092
 462   0.28893   0.97023   0.96932   0.00091
 463   0.28956   0.96927   0.96837   0.00090
 464   0.29018   0.96830   0.96740   0.00090
 465   0.29081   0.96731   0.96642   0.00089
 466   0.29143   0.96631   0.96542   0.00089
 467   0.29206   0.96529   0.96441   0.00088
 468   0.29268   0.96425   0.96338   0.00087
 469   0.29331   0.96320   0.96234   0.00087
 470   0.29393   0.96214   0.96128   0.00086
 471   0.29456   0.96106   0.96021   0.00085
 472   0.29518   0.95997   0.95912   0.00085
 473   0.29581   0.95886   0.95802   0.00084
 474   0.29644   0.95774   0.95690   0.00083
 475   0.29706   0.95660   0.95577   0.00083
 476   0.29769   0.95545   0.95463   0.00082
 477   0.29831   0.95428   0.95346   0.00082
 478   0.29894   0.95310   0.95229   0.00081
 479   0.29956   0.95190   0.95110   0.00081
 480   0.30019   0.95069   0.94989   0.00080
 481   0.30081   0.94947   0.94867   0.00080
 482   0.30144   0.94822   0.94743   0.00079
 483   0.30206   0.94697   0.94618   0.00078
 484   0.30269   0.94570   0.94492   0.00078
 485   0.30331   0.94442   0.94364   0.00077
 486   0.30394   0.94312   0.94235   0.00077
 487   0.30457   0.94180   0.94104   0.00076
 488   0.30519   0.94047   0.93972   0.00076
 489   0.30582   0.93913   0.93838   0.00075
 490   0.30644   0.93777   0.93703   0.00075
 491   0.30707   0.93640   0.93566   0.00074
 492   0.30769   0.93502   0.93428   0.00073
 493   0.30832   0.93362   0.93289   0.00073
 494   0.30894   0.93220   0.93148   0.00072
 495   0.30957   0.93077   0.93005   0.00072
 496   0.31019   0.92933   0.92862   0.00071
 497   0.31082   0.92787   0.92716   0.00071
 498   0.31144   0.92640   0.92570   0.00070
 499   0.31207   0.92491   0.92422   0.00069
 500   0.31270   0.92341   0.92272   0.00069
 501   0.31332   0.92189   0.92121   0.00068
 502   0.31395   0.92036   0.91969   0.00068
 503   0.31457   0.91882   0.91815   0.00067
 504   0.31520   0.91726   0.91660   0.00066
 505   0.31582   0.91569   0.91503   0.00066
 506   0.31645   0.91410   0.91345   0.00065
 507   0.31707   0.91250   0.91186   0.00065
 508   0.31770   0.91089   0.91025   0.00064
 509   0.31832   0.90926   0.90863   0.00063
 510   0.31895   0.90762   0.90699   0.00063
 511   0.31957   0.90596   0.90534   0.00062
 512   0.32020   0.90429   0.90368   0.00061
 513   0.32083   0.90261   0.90200   0.00061
 514   0.32145   0.90091   0.90031   0.00060
 515   0.32208   0.89920   0.89860   0.00060
 516   0.32270   0.89747   0.89688   0.00059
 517   0.32333   0.89573   0.89515   0.00058
 518   0.32395   0.89398   0.89340   0.00058
 519   0.32458   0.89221   0.89164   0.00057
 520   0.32520   0.89043   0.88986   0.00056
 521   0.32583   0.88863   0.88807   0.00056
 522   0.32645   0.88682   0.88627   0.00055
 523   0.32708   0.88500   0.88446   0.00054
 524   0.32770   0.88316   0.88263   0.00054
 525   0.32833   0.88131   0.88078   0.00053
 526   0.32896   0.87945   0.87892   0.00052
 527   0.32958   0.87757   0.87705   0.00052
 528   0.33021   0.87568   0.87517   0.00051
 529   0.33083   0.87378   0.87327   0.00051
 530   0.33146   0.87186   0.87136   0.00050
 531   0.33208   0.86993   0.86944   0.00049
 532   0.33271   0.86798   0.86750   0.00049
 533   0.33333   0.86603   0.86555   0.00048
 534   0.33396   0.86405   0.86358   0.00047
 535   0.33458   0.86207   0.86160   0.00047
 536   0.33521   0.86007   0.85961   0.00046
 537   0.33583   0.85806   0.85761   0.00045
 538   0.33646   0.85604   0.85559   0.00045
 539   0.33709   0.85400   0.85356   0.00044
 540   0.33771   0.85195   0.85151   0.00044
 541   0.33834   0.84988   0.84945   0.00043
 542   0.33896   0.84781   0.84738   0.00042
 543   0.33959   0.84571   0.84530   0.00042
 544   0.34021   0.84361   0.84320   0.00041
 545   0.34084   0.84149   0.84109   0.00040
 546   0.34146   0.83937   0.83897   0.00040
 547   0.34209   0.83722   0.83683   0.00039
 548   0.34271   0.83507   0.83468   0.00039
 549   0.34334   0.83290   0.83252   0.00038
 550   0.34396   0.83072   0.83034   0.00037
 551   0.34459   0.82852   0.82816   0.00037
 552   0.34522   0.82632   0.82596   0.00036
 553   0.34584   0.82410   0.82374   0.00035
 554   0.34647   0.82187   0.82152   0.00035
 555   0.34709   0.81962   0.81928   0.00034
 556   0.34772   0.81736   0.81703   0.00034
 557   0.34834   0.81509   0.81476   0.00033
 558   0.34897   0.81281   0.81249   0.00032
 559   0.34959   0.81052   0.81020   0.00032
 560   0.35022   0.80821   0.80790   0.00031
 561   0.35084   0.80589   0.80558   0.00030
 562   0.35147   0.80356   0.80326   0.00030
 563   0.35210   0.80121   0.80092   0.00029
 564   0.35272   0.79885   0.79857   0.00029
 565   0.35335   0.79648   0.79620   0.00028
 566   0.35397   0.79410   0.79383   0.00027
 567   0.35460   0.79171   0.79144   0.00027
 568   0.35522   0.78930   0.78904   0.00026
 569   0.35585   0.78688   0.78663   0.00025
 570   0.35647   0.78445   0.78420   0.00024
 571   0.35710   0.78201   0.78177   0.00024
 572   0.35772   0.77955   0.77932   0.00023
 573   0.35835   0.77708   0.77686   0.00022
 574   0.35897   0.77461   0.77439   0.00021
 575   0.35960   0.77211   0.77191   0.00020
 576   0.36023   0.76961   0.76941   0.00020
 577   0.36085   0.76710   0.76691   0.00019
 578   0.36148   0.76457   0.76439   0.00018
 579   0.36210   0.76203   0.76186   0.00017
 580   0.36273   0.75948   0.75932   0.00016
 581   0.36335   0.75692   0.75676   0.00016
 582   0.36398   0.75434   0.75420   0.00015
 583   0.36460   0.75176   0.75162   0.00014
 584   0.36523   0.74916   0.74903   0.00013
 585   0.36585   0.74655   0.74643   0.00013
 586   0.36648   0.74393   0.74381   0.00012
 587   0.36710   0.74130   0.74119   0.00012
 588   0.36773   0.73866   0.73855   0.00011
 589   0.36836   0.73600   0.73590   0.00010
 590   0.36898   0.73334   0.73324   0.00010
 591   0.36961   0.73066   0.73057   0.00009
 592   0.37023   0.72797   0.72789   0.00009
 593   0.37086   0.72527   0.72519   0.00008
 594   0.37148   0.72256   0.72249   0.00007
 595   0.37211   0.71984   0.71977   0.00007
 596   0.37273   0.71711   0.71705   0.00006
 597   0.37336   0.71436   0.71431   0.00005
 598   0.37398   0.71161   0.71156   0.00005
 599   0.37461   0.70884   0.70880   0.00004
 600   0.37523   0.70606   0.70603   0.00003
 601   0.37586   0.70328   0.70325   0.00003
 602   0.37649   0.70048   0.70045   0.00002
 603   0.37711   0.69767   0.69765   0.00002
 604   0.37774   0.69485   0.69484   0.00001
 605   0.37836   0.69202   0.69201   0.00000
 606   0.37899   0.68917   0.68918   0.00000
 607   0.37961   0.68632   0.68633   0.00001
 608   0.38024   0.68346   0.68347   0.00002
 609   0.38086   0.68058   0.68061   0.00002
 610   0.38149   0.67770   0.67773   0.00003
 611   0.38211   0.67481   0.67484   0.00004
 612   0.38274   0.67190   0.67194   0.00004
 613   0.38336   0.66898   0.66903   0.00005
 614   0.38399   0.66606   0.66612   0.00006
 615   0.38462   0.66312   0.66319   0.00006
 616   0.38524   0.66018   0.66025   0.00007
 617   0.38587   0.65722   0.65730   0.00008
 618   0.38649   0.65425   0.65434   0.00008
 619   0.38712   0.65128   0.65137   0.00009
 620   0.38774   0.64829   0.64839   0.00010
 621   0.38837   0.64529   0.64540   0.00010
 622   0.38899   0.64229   0.64240   0.00011
 623   0.38962   0.63927   0.63939   0.00012
 624   0.39024   0.63624   0.63637   0.00012
 625   0.39087   0.63321   0.63334   0.00013
 626   0.39149   0.63016   0.63030   0.00014
 627   0.39212   0.62710   0.62725   0.00014
 628   0.39275   0.62404   0.62419   0.00015
 629   0.39337   0.62096   0.62112   0.00016
 630   0.39400   0.61788   0.61804   0.00016
 631   0.39462   0.61478   0.61495   0.00017
 632   0.39525   0.61168   0.61186   0.00017
 633   0.39587   0.60857   0.60875   0.00018
 634   0.39650   0.60544   0.60563   0.00019
 635   0.39712   0.60231   0.60251   0.00019
 636   0.39775   0.59917   0.59937   0.00020
 637   0.39837   0.59602   0.59623   0.00021
 638   0.39900   0.59286   0.59307   0.00021
 639   0.39962   0.58969   0.58991   0.00022
 640   0.40025   0.58651   0.58674   0.00023
 641   0.40088   0.58333   0.58356   0.00023
 642   0.40150   0.58013   0.58037   0.00024
 643   0.40213   0.57692   0.57717   0.00025
 644   0.40275   0.57371   0.57397   0.00026
 645   0.40338   0.57049   0.57075   0.00026
 646   0.40400   0.56726   0.56753   0.00027
 647   0.40463   0.56402   0.56429   0.00028
 648   0.40525   0.56077   0.56105   0.00028
 649   0.40588   0.55751   0.55780   0.00029
 650   0.40650   0.55424   0.55454   0.00030
 651   0.40713   0.55097   0.55127   0.00030
 652   0.40775   0.54768   0.54799   0.00031
 653   0.40838   0.54439   0.54471   0.00032
 654   0.40901   0.54109   0.54141   0.00032
 655   0.40963   0.53778   0.53811   0.00033
 656   0.41026   0.53447   0.53480   0.00034
 657   0.41088   0.53114   0.53148   0.00034
 658   0.41151   0.52781   0.52816   0.00035
 659   0.41213   0.52447   0.52482   0.00036
 660   0.41276   0.52112   0.52148   0.00036
 661   0.41338   0.51776   0.51813   0.00037
 662   0.41401   0.51439   0.51477   0.00038
 663   0.41463   0.51102   0.51140   0.00038
 664   0.41526   0.50764   0.50803   0.00039
 665   0.41588   0.50425   0.50464   0.00040
 666   0.41651   0.50085   0.50125   0.00040
 667   0.41714   0.49745   0.49786   0.00041
 668   0.41776   0.49403   0.49445   0.00042
 669   0.41839   0.49061   0.49104   0.00042
 670   0.41901   0.48719   0.48761   0.00043
 671   0.41964   0.48375   0.48419   0.00044
 672   0.42026   0.48031   0.48075   0.00044
 673   0.42089   0.47686   0.47731   0.00045
 674   0.42151   0.47340   0.47385   0.00045
 675   0.42214   0.46993   0.47040   0.00046
 676   0.42276   0.46646   0.46693   0.00047
 677   0.42339   0.46298   0.46346   0.00047
 678   0.42401   0.45950   0.45998   0.00048
 679   0.42464   0.45600   0.45649   0.00049
 680   0.42527   0.45250   0.45299   0.00049
 681   0.42589   0.44899   0.44949   0.00050
 682   0.42652   0.44548   0.44599   0.00051
 683   0.42714   0.44196   0.44247   0.00051
 684   0.42777   0.43843   0.43895   0.00052
 685   0.42839   0.43490   0.43542   0.00052
 686   0.42902   0.43135   0.43188   0.00053
 687   0.42964   0.42781   0.42834   0.00054
 688   0.43027   0.42425   0.42479   0.00054
 689   0.43089   0.42069   0.42124   0.00055
 690   0.43152   0.41712   0.41768   0.00056
 691   0.43215   0.41355   0.41411   0.00056
 692   0.43277   0.40996   0.41053   0.00057
 693   0.43340   0.40638   0.40695   0.00057
 694   0.43402   0.40278   0.40336   0.00058
 695   0.43465   0.39918   0.39977   0.00059
 696   0.43527   0.39558   0.39617   0.00059
 697   0.43590   0.39197   0.39257   0.00060
 698   0.43652   0.38835   0.38895   0.00061
 699   0.43715   0.38472   0.38534   0.00061
 700   0.43777   0.38109   0.38171   0.00062
 701   0.43840   0.37746   0.37809   0.00063
 702   0.43902   0.37382   0.37445   0.00063
 703   0.43965   0.37017   0.37081   0.00064
 704   0.44028   0.36652   0.36716   0.00065
 705   0.44090   0.36286   0.36351   0.00065
 706   0.44153   0.35919   0.35985   0.00066
 707   0.44215   0.35552   0.35619   0.00066
 708   0.44278   0.35185   0.35252   0.00067
 709   0.44340   0.34817   0.34884   0.00068
 710   0.44403   0.34448   0.34516   0.00068
 711   0.44465   0.34079   0.34148   0.00069
 712   0.44528   0.33709   0.33779   0.00069
 713   0.44590   0.33339   0.33409   0.00070
 714   0.44653   0.32968   0.33039   0.00071
 715   0.44715   0.32597   0.32668   0.00071
 716   0.44778   0.32225   0.32297   0.00072
 717   0.44841   0.31853   0.31925   0.00072
 718   0.44903   0.31480   0.31553   0.00073
 719   0.44966   0.31107   0.31181   0.00074
 720   0.45028   0.30734   0.30808   0.00074
 721   0.45091   0.30359   0.30434   0.00075
 722   0.45153   0.29985   0.30060   0.00075
 723   0.45216   0.29610   0.29686   0.00076
 724   0.45278   0.29234   0.29311   0.00077
 725   0.45341   0.28858   0.28935   0.00077
 726   0.45403   0.28482   0.28559   0.00078
 727   0.45466   0.28105   0.28183   0.00078
 728   0.45528   0.27727   0.27806   0.00079
 729   0.45591   0.27350   0.27429   0.00080
 730   0.45654   0.26971   0.27052   0.00080
 731   0.45716   0.26593   0.26674   0.00081
 732   0.45779   0.26214   0.26295   0.00081
 733   0.45841   0.25834   0.25916   0.00082
 734   0.45904   0.25455   0.25537   0.00083
 735   0.45966   0.25074   0.25158   0.00083
 736   0.46029   0.24694   0.24778   0.00084
 737   0.46091   0.24313   0.24397   0.00084
 738   0.46154   0.23932   0.24016   0.00085
 739   0.46216   0.23550   0.23635   0.00085
 740   0.46279   0.23168   0.23254   0.00086
 741   0.46341   0.22785   0.22872   0.00087
 742   0.46404   0.22403   0.22490   0.00087
 743   0.46467   0.22019   0.22107   0.00088
 744   0.46529   0.21636   0.21724   0.00088
 745   0.46592   0.21252   0.21341   0.00089
 746   0.46654   0.20868   0.20958   0.00089
 747   0.46717   0.20484   0.20574   0.00090
 748   0.46779   0.20099   0.20189   0.00091
 749   0.46842   0.19714   0.19805   0.00091
 750   0.46904   0.19328   0.19420   0.00092
 751   0.46967   0.18943   0.19035   0.00092
 752   0.47029   0.18557   0.18650   0.00093
 753   0.47092   0.18170   0.18264   0.00093
 754   0.47154   0.17784   0.17878   0.00094
 755   0.47217   0.17397   0.17492   0.00095
 756   0.47280   0.17010   0.17105   0.00095
 757   0.47342   0.16623   0.16718   0.00096
 758   0.47405   0.16235   0.16331   0.00096
 759   0.47467   0.15847   0.15944   0.00097
 760   0.47530   0.15459   0.15556   0.00097
 761   0.47592   0.15071   0.15169   0.00098
 762   0.47655   0.14682   0.14781   0.00098
 763   0.47717   0.14293   0.14392   0.00099
 764   0.47780   0.13904   0.14004   0.00100
 765   0.47842   0.13515   0.13615   0.00100
 766   0.47905   0.13126   0.13226   0.00101
 767   0.47967   0.12736   0.12837   0.00101
 768   0.48030   0.12346   0.12448   0.00102
 769   0.48093   0.11956   0.12058   0.00102
 770   0.48155   0.11566   0.11669   0.00103
 771   0.48218   0.11176   0.11279   0.00103
 772   0.48280   0.10785   0.10889   0.00104
 773   0.48343   0.10394   0.10499   0.00104
 774   0.48405   0.10003   0.10108   0.00105
 775   0.48468   0.09612   0.09718   0.00105
 776   0.48530   0.09221   0.09327   0.00106
 777   0.48593   0.08830   0.08936   0.00106
 778   0.48655   0.08438   0.08545   0.00107
 779   0.48718   0.08047   0.08154   0.00108
 780   0.48780   0.07655   0.07763   0.00108
 781   0.48843   0.07263   0.07372   0.00109
 782   0.48906   0.06871   0.06980   0.00109
 783   0.48968   0.06479   0.06589   0.00110
 784   0.49031   0.06087   0.06197   0.00110
 785   0.49093   0.05695   0.05805   0.00111
 786   0.49156   0.05302   0.05413   0.00111
 787   0.49218   0.04910   0.05021   0.00112
 788   0.49281   0.04517   0.04629   0.00112
 789   0.49343   0.04125   0.04237   0.00113
 790   0.49406   0.03732   0.03845   0.00113
 791   0.49468   0.03339   0.03453   0.00114
 792   0.49531   0.02947   0.03061   0.00114
 793   0.49593   0.02554   0.02669   0.00115
 794   0.49656   0.02161   0.02276   0.00115
 795   0.49719   0.01768   0.01884   0.00116
 796   0.49781   0.01375   0.01491   0.00116
 797   0.49844   0.00982   0.01099   0.00117
 798   0.49906   0.00589   0.00707   0.00117
 799   0.49969   0.00196   0.00314   0.00118
 800   0.50031  -0.00196  -0.00078   0.00118
 801   0.50094  -0.00589  -0.00471   0.00119
 802   0.50156  -0.00982  -0.00863   0.00119
 803   0.50219  -0.01375  -0.01256   0.00120
 804   0.50281  -0.01768  -0.01648   0.00120
 805   0.50344  -0.02161  -0.02041   0.00120
 806   0.50407  -0.02554  -0.02433   0.00121
 807   0.50469  -0.02947  -0.02825   0.00121
 808   0.50532  -0.03339  -0.03217   0.00122
 809   0.50594  -0.03732  -0.03610   0.00122
 810   0.50657  -0.04125  -0.04002   0.00123
 811   0.50719  -0.04517  -0.04394   0.00123
 812   0.50782  -0.04910  -0.04786   0.00124
 813   0.50844  -0.05302  -0.05178   0.00124
 814   0.50907  -0.05695  -0.05570   0.00125
 815   0.50969  -0.06087  -0.05962   0.00125
 816   0.51032  -0.06479  -0.06353   0.00126
 817   0.51094  -0.06871  -0.06745   0.00126
 818   0.51157  -0.07263  -0.07137   0.00127
 819   0.51220  -0.07655  -0.07528   0.00127
 820   0.51282  -0.08047  -0.07919   0.00127
 821   0.51345  -0.08438  -0.08310   0.00128
 822   0.51407  -0.08830  -0.08701   0.00128
 823   0.51470  -0.09221  -0.09092   0.00129
 824   0.51532  -0.09612  -0.09483   0.00129
 825   0.51595  -0.10003  -0.09874   0.00130
 826   0.51657  -0.10394  -0.10264   0.00130
 827   0.51720  -0.10785  -0.10654   0.00130
 828   0.51782  -0.11176  -0.11045   0.00131
 829   0.51845  -0.11566  -0.11435   0.00131
 830   0.51907  -0.11956  -0.11824   0.00132
 831   0.51970  -0.12346  -0.12214   0.00132
 832   0.52033  -0.12736  -0.12603   0.00133
 833   0.52095  -0.13126  -0.12993   0.00133
 834   0.52158  -0.13515  -0.13382   0.00133
 835   0.52220  -0.13904  -0.13770   0.00134
 836   0.52283  -0.14293  -0.14159   0.00134
 837   0.52345  -0.14682  -0.14547   0.00135
 838   0.52408  -0.15071  -0.14936   0.00135
 839   0.52470  -0.15459  -0.15324   0.00136
 840   0.52533  -0.15847  -0.15711   0.00136
 841   0.52595  -0.16235  -0.16099   0.00136
 842   0.52658  -0.16623  -0.16486   0.00137
 843   0.52720  -0.17010  -0.16873   0.00137
 844   0.52783  -0.17397  -0.17260   0.00138
 845   0.52846  -0.17784  -0.17646   0.00138
 846   0.52908  -0.18170  -0.18032   0.00138
 847   0.52971  -0.18557  -0.18418   0.00139
 848   0.53033  -0.18943  -0.18804   0.00139
 849   0.53096  -0.19328  -0.19189   0.00139
 850   0.53158  -0.19714  -0.19574   0.00140
 851   0.53221  -0.20099  -0.19959   0.00140
 852   0.53283  -0.20484  -0.20343   0.00141
 853   0.53346  -0.20868  -0.20727   0.00141
 854   0.53408  -0.21252  -0.21111   0.00141
 855   0.53471  -0.21636  -0.21494   0.00142
 856   0.53533  -0.22019  -0.21877   0.00142
 857   0.53596  -0.22403  -0.22260   0.00143
 858   0.53659  -0.22785  -0.22642   0.00143
 859   0.53721  -0.23168  -0.23025   0.00143
 860   0.53784  -0.23550  -0.23406   0.00144
 861   0.53846  -0.23932  -0.23788   0.00144
 862   0.53909  -0.24313  -0.24169   0.00144
 863   0.53971  -0.24694  -0.24549   0.00145
 864   0.54034  -0.25074  -0.24929   0.00145
 865   0.54096  -0.25455  -0.25309   0.00145
 866   0.54159  -0.25834  -0.25689   0.00146
 867   0.54221  -0.26214  -0.26068   0.00146
 868   0.54284  -0.26593  -0.26446   0.00146
 869   0.54346  -0.26971  -0.26825   0.00147
 870   0.54409  -0.27350  -0.27202   0.00147
 871   0.54472  -0.27727  -0.27580   0.00147
 872   0.54534  -0.28105  -0.27957   0.00148
 873   0.54597  -0.28482  -0.28333   0.00148
 874   0.54659  -0.28858  -0.28709   0.00149
 875   0.54722  -0.29234  -0.29085   0.00149
 876   0.54784  -0.29610  -0.29460   0.00149
 877   0.54847  -0.29985  -0.29835   0.00150
 878   0.54909  -0.30359  -0.30209   0.00150
 879   0.54972  -0.30733  -0.30583   0.00150
 880   0.55034  -0.31107  -0.30957   0.00150
 881   0.55097  -0.31480  -0.31330   0.00151
 882   0.55159  -0.31853  -0.31702   0.00151
 883   0.55222  -0.32225  -0.32074   0.00151
 884   0.55285  -0.32597  -0.32445   0.00152
 885   0.55347  -0.32968  -0.32816   0.00152
 886   0.55410  -0.33339  -0.33187   0.00152
 887   0.55472  -0.33709  -0.33557   0.00153
 888   0.55535  -0.34079  -0.33926   0.00153
 889   0.55597  -0.34448  -0.34295   0.00153
 890   0.55660  -0.34817  -0.34663   0.00153
 891   0.55722  -0.35185  -0.35031   0.00154
 892   0.55785  -0.35552  -0.35398   0.00154
 893   0.55847  -0.35919  -0.35765   0.00154
 894   0.55910  -0.36286  -0.36131   0.00155
 895   0.55972  -0.36652  -0.36497   0.00155
 896   0.56035  -0.37017  -0.36862   0.00155
 897   0.56098  -0.37382  -0.37226   0.00155
 898   0.56160  -0.37746  -0.37590   0.00156
 899   0.56223  -0.38109  -0.37954   0.00156
 900   0.56285  -0.38472  -0.38316   0.00156
 901   0.56348  -0.38835  -0.38678   0.00157
 902   0.56410  -0.39197  -0.39040   0.00157
 903   0.56473  -0.39558  -0.39401   0.00157
 904   0.56535  -0.39918  -0.39761   0.00157
 905   0.56598  -0.40278  -0.40121   0.00158
 906   0.56660  -0.40638  -0.40480   0.00158
 907   0.56723  -0.40996  -0.40838   0.00158
 908   0.56785  -0.41355  -0.41196   0.00158
 909   0.56848  -0.41712  -0.41553   0.00159
 910   0.56911  -0.42069  -0.41910   0.00159
 911   0.56973  -0.42425  -0.42266   0.00159
 912   0.57036  -0.42780  -0.42621   0.00159
 913   0.57098  -0.43135  -0.42976   0.00160
 914   0.57161  -0.43489  -0.43330   0.00160
 915   0.57223  -0.43843  -0.43683   0.00160
 916   0.57286  -0.44196  -0.44036   0.00160
 917   0.57348  -0.44548  -0.44387   0.00161
 918   0.57411  -0.44899  -0.44739   0.00161
 919   0.57473  -0.45250  -0.45089   0.00161
 920   0.57536  -0.45600  -0.45439   0.00161
 921   0.57598  -0.45950  -0.45788   0.00161
 922   0.57661  -0.46298  -0.46137   0.00162
 923   0.57724  -0.46646  -0.46484   0.00162
 924   0.57786  -0.46993  -0.46831   0.00162
 925   0.57849  -0.47340  -0.47178   0.00162
 926   0.57911  -0.47686  -0.47523   0.00162
 927   0.57974  -0.48031  -0.47868   0.00163
 928   0.58036  -0.48375  -0.48212   0.00163
 929   0.58099  -0.48718  -0.48555   0.00163
 930   0.58161  -0.49061  -0.48898   0.00163
 931   0.58224  -0.49403  -0.49240   0.00163
 932   0.58286  -0.49745  -0.49581   0.00164
 933   0.58349  -0.50085  -0.49921   0.00164
 934   0.58412  -0.50425  -0.50261   0.00164
 935   0.58474  -0.50764  -0.50600   0.00164
 936   0.58537  -0.51102  -0.50937   0.00164
 937   0.58599  -0.51439  -0.51275   0.00165
 938   0.58662  -0.51776  -0.51611   0.00165
 939   0.58724  -0.52112  -0.51947   0.00165
 940   0.58787  -0.52447  -0.52281   0.00165
 941   0.58849  -0.52781  -0.52615   0.00165
 942   0.58912  -0.53114  -0.52948   0.00166
 943   0.58974  -0.53447  -0.53281   0.00166
 944   0.59037  -0.53778  -0.53612   0.00166
 945   0.59099  -0.54109  -0.53943   0.00166
 946   0.59162  -0.54439  -0.54273   0.00166
 947   0.59225  -0.54768  -0.54602   0.00166
 948   0.59287  -0.55097  -0.54930   0.00166
 949   0.59350  -0.55424  -0.55258   0.00167
 950   0.59412  -0.55751  -0.55584   0.00167
 951   0.59475  -0.56077  -0.55910   0.00167
 952   0.59537  -0.56402  -0.56234   0.00167
 953   0.59600  -0.56726  -0.56558   0.00167
 954   0.59662  -0.57049  -0.56881   0.00167
 955   0.59725  -0.57371  -0.57203   0.00168
 956   0.59787  -0.57692  -0.57525   0.00168
 957   0.59850  -0.58013  -0.57845   0.00168
 958   0.59912  -0.58333  -0.58164   0.00168
 959   0.59975  -0.58651  -0.58483   0.00168
 960   0.60038  -0.58969  -0.58801   0.00168
 961   0.60100  -0.59286  -0.59117   0.00169
 962   0.60163  -0.59602  -0.59433   0.00169
 963   0.60225  -0.59917  -0.59748   0.00169
 964   0.60288  -0.60231  -0.60062   0.00169
 965   0.60350  -0.60544  -0.60376   0.00169
 966   0.60413  -0.60857  -0.60688   0.00169
 967   0.60475  -0.61168  -0.60999   0.00169
 968   0.60538  -0.61478  -0.61309   0.00169
 969   0.60600  -0.61788  -0.61619   0.00169
 970   0.60663  -0.62096  -0.61927   0.00169
 971   0.60725  -0.62404  -0.62235   0.00169
 972   0.60788  -0.62710  -0.62541   0.00169
 973   0.60851  -0.63016  -0.62847   0.00169
 974   0.60913  -0.63321  -0.63151   0.00169
 975   0.60976  -0.63624  -0.63455   0.00169
 976   0.61038  -0.63927  -0.63757   0.00170
 977   0.61101  -0.64229  -0.64059   0.00170
 978   0.61163  -0.64529  -0.64360   0.00170
 979   0.61226  -0.64829  -0.64659   0.00170
 980   0.61288  -0.65128  -0.64958   0.00170
 981   0.61351  -0.65425  -0.65255   0.00170
 982   0.61413  -0.65722  -0.65552   0.00170
 983   0.61476  -0.66018  -0.65848   0.00170
 984   0.61538  -0.66312  -0.66142   0.00170
 985   0.61601  -0.66606  -0.66436   0.00170
 986   0.61664  -0.66898  -0.66728   0.00170
 987   0.61726  -0.67190  -0.67020   0.00170
 988   0.61789  -0.67481  -0.67310   0.00170
 989   0.61851  -0.67770  -0.67600   0.00170
 990   0.61914  -0.68058  -0.67888   0.00170
 991   0.61976  -0.68346  -0.68175   0.00170
 992   0.62039  -0.68632  -0.68462   0.00170
 993   0.62101  -0.68917  -0.68747   0.00170
 994   0.62164  -0.69202  -0.69031   0.00170
 995   0.62226  -0.69485  -0.69314   0.00170
 996   0.62289  -0.69767  -0.69596   0.00170
 997   0.62351  -0.70048  -0.69877   0.00170
 998   0.62414  -0.70328  -0.70157   0.00170
 999   0.62477  -0.70606  -0.70436   0.00170
1000   0.62539  -0.70884  -0.70714   0.00170
1001   0.62602  -0.71161  -0.70990   0.00170
1002   0.62664  -0.71436  -0.71266   0.00170
1003   0.62727  -0.71711  -0.71540   0.00170
1004   0.62789  -0.71984  -0.71814   0.00170
1005   0.62852  -0.72256  -0.72086   0.00170
1006   0.62914  -0.72527  -0.72357   0.00170
1007   0.62977  -0.72797  -0.72627   0.00170
1008   0.63039  -0.73066  -0.72896   0.00170
1009   0.63102  -0.73334  -0.73164   0.00170
1010   0.63164  -0.73600  -0.73430   0.00170
1011   0.63227  -0.73866  -0.73696   0.00170
1012   0.63290  -0.74130  -0.73960   0.00170
1013   0.63352  -0.74393  -0.74224   0.00170
1014   0.63415  -0.74655  -0.74486   0.00170
1015   0.63477  -0.74916  -0.74747   0.00170
1016   0.63540  -0.75176  -0.75006   0.00170
1017   0.63602  -0.75434  -0.75265   0.00170
1018   0.63665  -0.75692  -0.75522   0.00170
1019   0.63727  -0.75948  -0.75778   0.00170
1020   0.63790  -0.76203  -0.76033   0.00170
1021   0.63852  -0.76457  -0.76287   0.00170
1022   0.63915  -0.76710  -0.76540   0.00170
1023   0.63977  -0.76961  -0.76791   0.00170
1024   0.64040  -0.77211  -0.77041   0.00170
1025   0.64103  -0.77460  -0.77290   0.00170
1026   0.64165  -0.77708  -0.77538   0.00170
1027   0.64228  -0.77955  -0.77785   0.00170
1028   0.64290  -0.78201  -0.78030   0.00171
1029   0.64353  -0.78445  -0.78274   0.00171
1030   0.64415  -0.78688  -0.78517   0.00171
1031   0.64478  -0.78930  -0.78759   0.00171
1032   0.64540  -0.79171  -0.79000   0.00171
1033   0.64603  -0.79410  -0.79239   0.00171
1034   0.64665  -0.79648  -0.79478   0.00171
1035   0.64728  -0.79885  -0.79715   0.00170
1036   0.64790  -0.80121  -0.79951   0.00170
1037   0.64853  -0.80355  -0.80185   0.00170
1038   0.64916  -0.80589  -0.80419   0.00170
1039   0.64978  -0.80821  -0.80651   0.00170
1040   0.65041  -0.81052  -0.80882   0.00170
1041   0.65103  -0.81281  -0.81112   0.00170
1042   0.65166  -0.81509  -0.81340   0.00169
1043   0.65228  -0.81736  -0.81567   0.00169
1044   0.65291  -0.81962  -0.81793   0.00169
1045   0.65353  -0.82187  -0.82018   0.00169
1046   0.65416  -0.82410  -0.82241   0.00169
1047   0.65478  -0.82632  -0.82463   0.00169
1048   0.65541  -0.82852  -0.82684   0.00169
1049   0.65604  -0.83072  -0.82903   0.00169
1050   0.65666  -0.83290  -0.83122   0.00168
1051   0.65729  -0.83507  -0.83338   0.00168
1052   0.65791  -0.83722  -0.83554   0.00168
1053   0.65854  -0.83937  -0.83769   0.00168
1054   0.65916  -0.84149  -0.83982   0.00168
1055   0.65979  -0.84361  -0.84194   0.00168
1056   0.66041  -0.84571  -0.84404   0.00167
1057   0.66104  -0.84780  -0.84613   0.00167
1058   0.66166  -0.84988  -0.84821   0.00167
1059   0.66229  -0.85195  -0.85028   0.00167
1060   0.66291  -0.85400  -0.85233   0.00167
1061   0.66354  -0.85604  -0.85437   0.00167
1062   0.66417  -0.85806  -0.85640   0.00166
1063   0.66479  -0.86007  -0.85841   0.00166
1064   0.66542  -0.86207  -0.86041   0.00166
1065   0.66604  -0.86405  -0.86239   0.00166
1066   0.66667  -0.86603  -0.86437   0.00166
1067   0.66729  -0.86798  -0.86633   0.00166
1068   0.66792  -0.86993  -0.86827   0.00165
1069   0.66854  -0.87186  -0.87021   0.00165
1070   0.66917  -0.87378  -0.87213   0.00165
1071   0.66979  -0.87568  -0.87403   0.00165
1072   0.67042  -0.87757  -0.87592   0.00165
1073   0.67104  -0.87945  -0.87780   0.00165
1074   0.67167  -0.88131  -0.87967   0.00164
1075   0.67230  -0.88316  -0.88152   0.00164
1076   0.67292  -0.88500  -0.88336   0.00164
1077   0.67355  -0.88682  -0.88518   0.00164
1078   0.67417  -0.88863  -0.88699   0.00164
1079   0.67480  -0.89043  -0.88879   0.00164
1080   0.67542  -0.89221  -0.89057   0.00163
1081   0.67605  -0.89398  -0.89234   0.00163
1082   0.67667  -0.89573  -0.89410   0.00163
1083   0.67730  -0.89747  -0.89584   0.00163
1084   0.67792  -0.89920  -0.89757   0.00163
1085   0.67855  -0.90091  -0.89928   0.00162
1086   0.67917  -0.90261  -0.90098   0.00162
1087   0.67980  -0.90429  -0.90267   0.00162
1088   0.68043  -0.90596  -0.90434   0.00162
1089   0.68105  -0.90762  -0.90600   0.00162
1090   0.68168  -0.90926  -0.90765   0.00161
1091   0.68230  -0.91089  -0.90928   0.00161
1092   0.68293  -0.91250  -0.91089   0.00161
1093   0.68355  -0.91410  -0.91250   0.00161
1094   0.68418  -0.91569  -0.91408   0.00161
1095   0.68480  -0.91726  -0.91566   0.00160
1096   0.68543  -0.91882  -0.91722   0.00160
1097   0.68605  -0.92036  -0.91877   0.00160
1098   0.68668  -0.92189  -0.92030   0.00160
1099   0.68730  -0.92341  -0.92182   0.00159
1100   0.68793  -0.92491  -0.92332   0.00159
1101   0.68856  -0.92640  -0.92481   0.00159
1102   0.68918  -0.92787  -0.92628   0.00158
1103   0.68981  -0.92933  -0.92775   0.00158
1104   0.69043  -0.93077  -0.92919   0.00158
1105   0.69106  -0.93220  -0.93062   0.00158
1106   0.69168  -0.93362  -0.93204   0.00157
1107   0.69231  -0.93502  -0.93345   0.00157
1108   0.69293  -0.93640  -0.93484   0.00157
1109   0.69356  -0.93777  -0.93621   0.00156
1110   0.69418  -0.93913  -0.93757   0.00156
1111   0.69481  -0.94047  -0.93892   0.00156
1112   0.69543  -0.94180  -0.94025   0.00155
1113   0.69606  -0.94312  -0.94156   0.00155
1114   0.69669  -0.94442  -0.94287   0.00155
1115   0.69731  -0.94570  -0.94415   0.00155
1116   0.69794  -0.94697  -0.94543   0.00154
1117   0.69856  -0.94822  -0.94669   0.00154
1118   0.69919  -0.94947  -0.94793   0.00154
1119   0.69981  -0.95069  -0.94916   0.00153
1120   0.70044  -0.95190  -0.95038   0.00153
1121   0.70106  -0.95310  -0.95158   0.00152
1122   0.70169  -0.95428  -0.95276   0.00152
1123   0.70231  -0.95545  -0.95393   0.00152
1124   0.70294  -0.95660  -0.95509   0.00151
1125   0.70356  -0.95774  -0.95623   0.00151
1126   0.70419  -0.95886  -0.95735   0.00151
1127   0.70482  -0.95997  -0.95846   0.00151
1128   0.70544  -0.96106  -0.95956   0.00150
1129   0.70607  -0.96214  -0.96064   0.00150
1130   0.70669  -0.96320  -0.96171   0.00150
1131   0.70732  -0.96425  -0.96276   0.00150
1132   0.70794  -0.96529  -0.96379   0.00149
1133   0.70857  -0.96631  -0.96481   0.00149
1134   0.70919  -0.96731  -0.96582   0.00149
1135   0.70982  -0.96830  -0.96681   0.00149
1136   0.71044  -0.96927  -0.96779   0.00148
1137   0.71107  -0.97023  -0.96875   0.00148
1138   0.71169  -0.97118  -0.96970   0.00148
1139   0.71232  -0.97211  -0.97063   0.00148
1140   0.71295  -0.97302  -0.97155   0.00147
1141   0.71357  -0.97392  -0.97245   0.00147
1142   0.71420  -0.97480  -0.97334   0.00147
1143   0.71482  -0.97567  -0.97421   0.00146
1144   0.71545  -0.97653  -0.97506   0.00146
1145   0.71607  -0.97736  -0.97591   0.00146
1146   0.71670  -0.97819  -0.97673   0.00145
1147   0.71732  -0.97900  -0.97755   0.00145
1148   0.71795  -0.97979  -0.97834   0.00145
1149   0.71857  -0.98057  -0.97913   0.00144
1150   0.71920  -0.98133  -0.97989   0.00144
1151   0.71982  -0.98208  -0.98065   0.00143
1152   0.72045  -0.98281  -0.98138   0.00143
1153   0.72108  -0.98353  -0.98210   0.00143
1154   0.72170  -0.98423  -0.98281   0.00142
1155   0.72233  -0.98492  -0.98350   0.00142
1156   0.72295  -0.98559  -0.98418   0.00142
1157   0.72358  -0.98625  -0.98484   0.00141
1158   0.72420  -0.98689  -0.98548   0.00141
1159   0.72483  -0.98752  -0.98611   0.00141
1160   0.72545  -0.98813  -0.98673   0.00140
1161   0.72608  -0.98873  -0.98733   0.00140
1162   0.72670  -0.98931  -0.98791   0.00139
1163   0.72733  -0.98987  -0.98848   0.00139
1164   0.72795  -0.99042  -0.98904   0.00139
1165   0.72858  -0.99096  -0.98957   0.00138
1166   0.72921  -0.99148  -0.99010   0.00138
1167   0.72983  -0.99198  -0.99061   0.00138
1168   0.73046  -0.99247  -0.99110   0.00137
1169   0.73108  -0.99294  -0.99158   0.00137
1170   0.73171  -0.99340  -0.99204   0.00136
1171   0.73233  -0.99385  -0.99248   0.00136
1172   0.73296  -0.99427  -0.99292   0.00136
1173   0.73358  -0.99468  -0.99333   0.00135
1174   0.73421  -0.99508  -0.99373   0.00135
1175   0.73483  -0.99546  -0.99412   0.00134
1176   0.73546  -0.99583  -0.99449   0.00134
1177   0.73609  -0.99618  -0.99484   0.00134
1178   0.73671  -0.99652  -0.99518   0.00133
1179   0.73734  -0.99684  -0.99551   0.00133
1180   0.73796  -0.99714  -0.99582   0.00132
1181   0.73859  -0.99743  -0.99611   0.00132
1182   0.73921  -0.99770  -0.99639   0.00131
1183   0.73984  -0.99796  -0.99665   0.00131
1184   0.74046  -0.99821  -0.99690   0.00131
1185   0.74109  -0.99843  -0.99713   0.00130
1186   0.74171  -0.99864  -0.99735   0.00130
1187   0.74234  -0.99884  -0.99755   0.00129
1188   0.74296  -0.99902  -0.99774   0.00129
1189   0.74359  -0.99919  -0.99791   0.00128
1190   0.74422  -0.99934  -0.99806   0.00128
1191   0.74484  -0.99947  -0.99820   0.00127
1192   0.74547  -0.99959  -0.99832   0.00127
1193   0.74609  -0.99970  -0.99843   0.00127
1194   0.74672  -0.99979  -0.99853   0.00126
1195   0.74734  -0.99986  -0.99860   0.00126
1196   0.74797  -0.99992  -0.99867   0.00125
1197   0.74859  -0.99996  -0.99871   0.00125
1198   0.74922  -0.99999  -0.99875   0.00124
1199   0.74984  -1.00000  -0.99876   0.00124
1200   0.75047  -1.00000  -0.99876   0.00123
1201   0.75109  -0.99998  -0.99875   0.00123
1202   0.75172  -0.99994  -0.99872   0.00122
1203   0.75235  -0.99989  -0.99867   0.00122
1204   0.75297  -0.99983  -0.99861   0.00121
1205   0.75360  -0.99974  -0.99853   0.00121
1206   0.75422  -0.99965  -0.99844   0.00121
1207   0.75485  -0.99954  -0.99834   0.00120
1208   0.75547  -0.99941  -0.99821   0.00120
1209   0.75610  -0.99927  -0.99808   0.00119
1210   0.75672  -0.99911  -0.99792   0.00119
1211   0.75735  -0.99893  -0.99775   0.00118
1212   0.75797  -0.99875  -0.99757   0.00118
1213   0.75860  -0.99854  -0.99737   0.00117
1214   0.75922  -0.99832  -0.99715   0.00117
1215   0.75985  -0.99809  -0.99692   0.00116
1216   0.76048  -0.99783  -0.99668   0.00116
1217   0.76110  -0.99757  -0.99642   0.00115
1218   0.76173  -0.99729  -0.99614   0.00115
1219   0.76235  -0.99699  -0.99585   0.00114
1220   0.76298  -0.99668  -0.99554   0.00114
1221   0.76360  -0.99635  -0.99522   0.00113
1222   0.76423  -0.99601  -0.99488   0.00113
1223   0.76485  -0.99565  -0.99453   0.00112
1224   0.76548  -0.99527  -0.99416   0.00112
1225   0.76610  -0.99489  -0.99377   0.00111
1226   0.76673  -0.99448  -0.99337   0.00111
1227   0.76735  -0.99406  -0.99296   0.00110
1228   0.76798  -0.99363  -0.99253   0.00110
1229   0.76861  -0.99317  -0.99208   0.00109
1230   0.76923  -0.99271  -0.99162   0.00109
1231   0.76986  -0.99223  -0.99115   0.00108
1232   0.77048  -0.99173  -0.99066   0.00108
1233   0.77111  -0.99122  -0.99015   0.00107
1234   0.77173  -0.99069  -0.98963   0.00106
1235   0.77236  -0.99015  -0.98909   0.00106
1236   0.77298  -0.98959  -0.98854   0.00105
1237   0.77361  -0.98902  -0.98797   0.00105
1238   0.77423  -0.98843  -0.98739   0.00104
1239   0.77486  -0.98783  -0.98679   0.00104
1240   0.77548  -0.98721  -0.98618   0.00103
1241   0.77611  -0.98657  -0.98555   0.00103
1242   0.77674  -0.98592  -0.98490   0.00102
1243   0.77736  -0.98526  -0.98424   0.00102
1244   0.77799  -0.98458  -0.98357   0.00101
1245   0.77861  -0.98388  -0.98288   0.00100
1246   0.77924  -0.98317  -0.98218   0.00100
1247   0.77986  -0.98245  -0.98146   0.00099
1248   0.78049  -0.98171  -0.98072   0.00099
1249   0.78111  -0.98095  -0.97997   0.00098
1250   0.78174  -0.98018  -0.97920   0.00098
1251   0.78236  -0.97940  -0.97842   0.00097
1252   0.78299  -0.97859  -0.97763   0.00097
1253   0.78361  -0.97778  -0.97682   0.00096
1254   0.78424  -0.97695  -0.97599   0.00096
1255   0.78487  -0.97610  -0.97515   0.00095
1256   0.78549  -0.97524  -0.97429   0.00094
1257   0.78612  -0.97436  -0.97342   0.00094
1258   0.78674  -0.97347  -0.97254   0.00093
1259   0.78737  -0.97256  -0.97164   0.00093
1260   0.78799  -0.97164  -0.97072   0.00092
1261   0.78862  -0.97071  -0.96979   0.00091
1262   0.78924  -0.96975  -0.96885   0.00091
1263   0.78987  -0.96879  -0.96789   0.00090
1264   0.79049  -0.96781  -0.96691   0.00090
1265   0.79112  -0.96681  -0.96592   0.00089
1266   0.79174  -0.96580  -0.96492   0.00088
1267   0.79237  -0.96477  -0.96390   0.00088
1268   0.79300  -0.96373  -0.96286   0.00087
1269   0.79362  -0.96267  -0.96181   0.00086
1270   0.79425  -0.96160  -0.96075   0.00086
1271   0.79487  -0.96052  -0.95967   0.00085
1272   0.79550  -0.95942  -0.95857   0.00084
1273   0.79612  -0.95830  -0.95746   0.00084
1274   0.79675  -0.95717  -0.95634   0.00083
1275   0.79737  -0.95603  -0.95520   0.00083
1276   0.79800  -0.95487  -0.95405   0.00082
1277   0.79862  -0.95369  -0.95288   0.00081
1278   0.79925  -0.95250  -0.95169   0.00081
1279   0.79987  -0.95130  -0.95050   0.00080
1280   0.80050  -0.95008  -0.94928   0.00080
1281   0.80113  -0.94885  -0.94805   0.00079
1282   0.80175  -0.94760  -0.94681   0.00079
1283   0.80238  -0.94634  -0.94555   0.00078
1284   0.80300  -0.94506  -0.94428   0.00078
1285   0.80363  -0.94377  -0.94300   0.00077
1286   0.80425  -0.94246  -0.94170   0.00077
1287   0.80488  -0.94114  -0.94038   0.00076
1288   0.80550  -0.93980  -0.93905   0.00075
1289   0.80613  -0.93845  -0.93771   0.00075
1290   0.80675  -0.93709  -0.93635   0.00074
1291   0.80738  -0.93571  -0.93497   0.00074
1292   0.80800  -0.93432  -0.93359   0.00073
1293   0.80863  -0.93291  -0.93218   0.00073
1294   0.80926  -0.93149  -0.93077   0.00072
1295   0.80988  -0.93005  -0.92934   0.00071
1296   0.81051  -0.92860  -0.92789   0.00071
1297   0.81113  -0.92713  -0.92643   0.00070
1298   0.81176  -0.92566  -0.92496   0.00070
1299   0.81238  -0.92416  -0.92347   0.00069
1300   0.81301  -0.92265  -0.92197   0.00069
1301   0.81363  -0.92113  -0.92045   0.00068
1302   0.81426  -0.91959  -0.91892   0.00067
1303   0.81488  -0.91804  -0.91738   0.00067
1304   0.81551  -0.91648  -0.91582   0.00066
1305   0.81614  -0.91490  -0.91424   0.00066
1306   0.81676  -0.91331  -0.91266   0.00065
1307   0.81739  -0.91170  -0.91105   0.00064
1308   0.81801  -0.91008  -0.90944   0.00064
1309   0.81864  -0.90844  -0.90781   0.00063
1310   0.81926  -0.90679  -0.90617   0.00062
1311   0.81989  -0.90513  -0.90451   0.00062
1312   0.82051  -0.90345  -0.90284   0.00061
1313   0.82114  -0.90176  -0.90115   0.00061
1314   0.82176  -0.90005  -0.89946   0.00060
1315   0.82239  -0.89833  -0.89774   0.00059
1316   0.82301  -0.89660  -0.89602   0.00059
1317   0.82364  -0.89485  -0.89427   0.00058
1318   0.82427  -0.89309  -0.89252   0.00057
1319   0.82489  -0.89132  -0.89075   0.00057
1320   0.82552  -0.88953  -0.88897   0.00056
1321   0.82614  -0.88773  -0.88717   0.00055
1322   0.82677  -0.88591  -0.88536   0.00055
1323   0.82739  -0.88408  -0.88354   0.00054
1324   0.82802  -0.88224  -0.88171   0.00053
1325   0.82864  -0.88038  -0.87985   0.00053
1326   0.82927  -0.87851  -0.87799   0.00052
1327   0.82989  -0.87663  -0.87611   0.00051
1328   0.83052  -0.87473  -0.87422   0.00051
1329   0.83114  -0.87282  -0.87232   0.00050
1330   0.83177  -0.87090  -0.87040   0.00050
1331   0.83240  -0.86896  -0.86847   0.00049
1332   0.83302  -0.86701  -0.86652   0.00048
1333   0.83365  -0.86504  -0.86457   0.00048
1334   0.83427  -0.86306  -0.86259   0.00047
1335   0.83490  -0.86107  -0.86061   0.00046
1336   0.83552  -0.85907  -0.85861   0.00046
1337   0.83615  -0.85705  -0.85660   0.00045
1338   0.83677  -0.85502  -0.85457   0.00044
1339   0.83740  -0.85297  -0.85254   0.00044
1340   0.83802  -0.85092  -0.85048   0.00043
1341   0.83865  -0.84885  -0.84842   0.00043
1342   0.83927  -0.84676  -0.84634   0.00042
1343   0.83990  -0.84466  -0.84425   0.00041
1344   0.84053  -0.84255  -0.84215   0.00041
1345   0.84115  -0.84043  -0.84003   0.00040
1346   0.84178  -0.83830  -0.83790   0.00040
1347   0.84240  -0.83615  -0.83576   0.00039
1348   0.84303  -0.83399  -0.83360   0.00038
1349   0.84365  -0.83181  -0.83143   0.00038
1350   0.84428  -0.82962  -0.82925   0.00037
1351   0.84490  -0.82742  -0.82706   0.00036
1352   0.84553  -0.82521  -0.82485   0.00036
1353   0.84615  -0.82298  -0.82263   0.00035
1354   0.84678  -0.82075  -0.82040   0.00034
1355   0.84740  -0.81849  -0.81816   0.00034
1356   0.84803  -0.81623  -0.81590   0.00033
1357   0.84866  -0.81395  -0.81363   0.00033
1358   0.84928  -0.81166  -0.81135   0.00032
1359   0.84991  -0.80936  -0.80905   0.00031
1360   0.85053  -0.80705  -0.80674   0.00031
1361   0.85116  -0.80472  -0.80442   0.00030
1362   0.85178  -0.80238  -0.80209   0.00030
1363   0.85241  -0.80003  -0.79974   0.00029
1364   0.85303  -0.79767  -0.79739   0.00028
1365   0.85366  -0.79529  -0.79502   0.00028
1366   0.85428  -0.79290  -0.79263   0.00027
1367   0.85491  -0.79050  -0.79024   0.00026
1368   0.85553  -0.78809  -0.78784   0.00026
1369   0.85616  -0.78567  -0.78542   0.00025
1370   0.85679  -0.78323  -0.78299   0.00024
1371   0.85741  -0.78078  -0.78055   0.00023
1372   0.85804  -0.77832  -0.77809   0.00023
1373   0.85866  -0.77585  -0.77563   0.00022
1374   0.85929  -0.77336  -0.77315   0.00021
1375   0.85991  -0.77086  -0.77066   0.00020
1376   0.86054  -0.76835  -0.76816   0.00019
1377   0.86116  -0.76583  -0.76565   0.00018
1378   0.86179  -0.76330  -0.76313   0.00018
1379   0.86241  -0.76076  -0.76059   0.00017
1380   0.86304  -0.75820  -0.75804   0.00016
1381   0.86366  -0.75563  -0.75548   0.00015
1382   0.86429  -0.75305  -0.75291   0.00015
1383   0.86492  -0.75046  -0.75032   0.00014
1384   0.86554  -0.74786  -0.74773   0.00013
1385   0.86617  -0.74524  -0.74512   0.00013
1386   0.86679  -0.74262  -0.74250   0.00012
1387   0.86742  -0.73998  -0.73987   0.00011
1388   0.86804  -0.73733  -0.73723   0.00011
1389   0.86867  -0.73467  -0.73457   0.00010
1390   0.86929  -0.73200  -0.73191   0.00010
1391   0.86992  -0.72932  -0.72923   0.00009
1392   0.87054  -0.72662  -0.72654   0.00008
1393   0.87117  -0.72392  -0.72384   0.00008
1394   0.87179  -0.72120  -0.72113   0.00007
1395   0.87242  -0.71847  -0.71841   0.00006
1396   0.87305  -0.71574  -0.71568   0.00006
1397   0.87367  -0.71299  -0.71294   0.00005
1398   0.87430  -0.71023  -0.71018   0.00004
1399   0.87492  -0.70745  -0.70742   0.00004
1400   0.87555  -0.70467  -0.70464   0.00003
1401   0.87617  -0.70188  -0.70185   0.00003
1402   0.87680  -0.69907  -0.69905   0.00002
1403   0.87742  -0.69626  -0.69625   0.00001
1404   0.87805  -0.69343  -0.69343   0.00001
1405   0.87867  -0.69060  -0.69060   0.00000
1406   0.87930  -0.68775  -0.68776   0.00001
1407   0.87992  -0.68489  -0.68490   0.00001
1408   0.88055  -0.68202  -0.68204   0.00002
1409   0.88118  -0.67914  -0.67917   0.00003
1410   0.88180  -0.67625  -0.67629   0.00003
1411   0.88243  -0.67335  -0.67339   0.00004
1412   0.88305  -0.67044  -0.67049   0.00005
1413   0.88368  -0.66752  -0.66758   0.00005
1414   0.88430  -0.66459  -0.66465   0.00006
1415   0.88493  -0.66165  -0.66172   0.00007
1416   0.88555  -0.65870  -0.65877   0.00007
1417   0.88618  -0.65574  -0.65582   0.00008
1418   0.88680  -0.65277  -0.65285   0.00009
1419   0.88743  -0.64978  -0.64988   0.00009
1420   0.88806  -0.64679  -0.64689   0.00010
1421   0.88868  -0.64379  -0.64390   0.00011
1422   0.88931  -0.64078  -0.64089   0.00011
1423   0.88993  -0.63776  -0.63788   0.00012
1424   0.89056  -0.63473  -0.63485   0.00013
1425   0.89118  -0.63168  -0.63182   0.00013
1426   0.89181  -0.62863  -0.62877   0.00014
1427   0.89243  -0.62557  -0.62572   0.00015
1428   0.89306  -0.62250  -0.62266   0.00015
1429   0.89368  -0.61942  -0.61958   0.00016
1430   0.89431  -0.61633  -0.61650   0.00017
1431   0.89493  -0.61323  -0.61340   0.00017
1432   0.89556  -0.61012  -0.61030   0.00018
1433   0.89619  -0.60701  -0.60719   0.00018
1434   0.89681  -0.60388  -0.60407   0.00019
1435   0.89744  -0.60074  -0.60094   0.00020
1436   0.89806  -0.59760  -0.59780   0.00020
1437   0.89869  -0.59444  -0.59465   0.00021
1438   0.89931  -0.59128  -0.59149   0.00022
1439   0.89994  -0.58810  -0.58833   0.00022
1440   0.90056  -0.58492  -0.58515   0.00023
1441   0.90119  -0.58173  -0.58197   0.00024
1442   0.90181  -0.57853  -0.57877   0.00025
1443   0.90244  -0.57532  -0.57557   0.00025
1444   0.90306  -0.57210  -0.57236   0.00026
1445   0.90369  -0.56887  -0.56914   0.00027
1446   0.90432  -0.56564  -0.56591   0.00027
1447   0.90494  -0.56239  -0.56267   0.00028
1448   0.90557  -0.55914  -0.55942   0.00029
1449   0.90619  -0.55588  -0.55617   0.00029
1450   0.90682  -0.55261  -0.55291   0.00030
1451   0.90744  -0.54933  -0.54963   0.00031
1452   0.90807  -0.54604  -0.54635   0.00031
1453   0.90869  -0.54274  -0.54306   0.00032
1454   0.90932  -0.53944  -0.53976   0.00033
1455   0.90994  -0.53613  -0.53646   0.00033
1456   0.91057  -0.53280  -0.53314   0.00034
1457   0.91119  -0.52948  -0.52982   0.00035
1458   0.91182  -0.52614  -0.52649   0.00035
1459   0.91245  -0.52279  -0.52315   0.00036
1460   0.91307  -0.51944  -0.51980   0.00037
1461   0.91370  -0.51608  -0.51645   0.00037
1462   0.91432  -0.51271  -0.51309   0.00038
1463   0.91495  -0.50933  -0.50972   0.00039
1464   0.91557  -0.50594  -0.50634   0.00039
1465   0.91620  -0.50255  -0.50295   0.00040
1466   0.91682  -0.49915  -0.49956   0.00041
1467   0.91745  -0.49574  -0.49615   0.00041
1468   0.91807  -0.49232  -0.49274   0.00042
1469   0.91870  -0.48890  -0.48933   0.00043
1470   0.91932  -0.48547  -0.48590   0.00043
1471   0.91995  -0.48203  -0.48247   0.00044
1472   0.92058  -0.47858  -0.47903   0.00045
1473   0.92120  -0.47513  -0.47558   0.00045
1474   0.92183  -0.47167  -0.47213   0.00046
1475   0.92245  -0.46820  -0.46866   0.00046
1476   0.92308  -0.46472  -0.46519   0.00047
1477   0.92370  -0.46124  -0.46172   0.00048
1478   0.92433  -0.45775  -0.45823   0.00048
1479   0.92495  -0.45425  -0.45474   0.00049
1480   0.92558  -0.45075  -0.45125   0.00050
1481   0.92620  -0.44724  -0.44774   0.00050
1482   0.92683  -0.44372  -0.44423   0.00051
1483   0.92745  -0.44020  -0.44071   0.00051
1484   0.92808  -0.43666  -0.43718   0.00052
1485   0.92871  -0.43313  -0.43365   0.00053
1486   0.92933  -0.42958  -0.43011   0.00053
1487   0.92996  -0.42603  -0.42657   0.00054
1488   0.93058  -0.42247  -0.42302   0.00055
1489   0.93121  -0.41891  -0.41946   0.00055
1490   0.93183  -0.41533  -0.41589   0.00056
1491   0.93246  -0.41176  -0.41232   0.00056
1492   0.93308  -0.40817  -0.40874   0.00057
1493   0.93371  -0.40458  -0.40516   0.00058
1494   0.93433  -0.40099  -0.40157   0.00058
1495   0.93496  -0.39738  -0.39797   0.00059
1496   0.93558  -0.39377  -0.39437   0.00060
1497   0.93621  -0.39016  -0.39076   0.00060
1498   0.93684  -0.38654  -0.38715   0.00061
1499   0.93746  -0.38291  -0.38353   0.00062
1500   0.93809  -0.37928  -0.37990   0.00062
1501   0.93871  -0.37564  -0.37627   0.00063
1502   0.93934  -0.37199  -0.37263   0.00064
1503   0.93996  -0.36834  -0.36899   0.00064
1504   0.94059  -0.36469  -0.36534   0.00065
1505   0.94121  -0.36103  -0.36168   0.00065
1506   0.94184  -0.35736  -0.35802   0.00066
1507   0.94246  -0.35369  -0.35435   0.00067
1508   0.94309  -0.35001  -0.35068   0.00067
1509   0.94371  -0.34632  -0.34700   0.00068
1510   0.94434  -0.34264  -0.34332   0.00068
1511   0.94497  -0.33894  -0.33963   0.00069
1512   0.94559  -0.33524  -0.33594   0.00070
1513   0.94622  -0.33154  -0.33224   0.00070
1514   0.94684  -0.32783  -0.32854   0.00071
1515   0.94747  -0.32411  -0.32483   0.00071
1516   0.94809  -0.32039  -0.32111   0.00072
1517   0.94872  -0.31667  -0.31739   0.00073
1518   0.94934  -0.31294  -0.31367   0.00073
1519   0.94997  -0.30920  -0.30994   0.00074
1520   0.95059  -0.30546  -0.30621   0.00074
1521   0.95122  -0.30172  -0.30247   0.00075
1522   0.95184  -0.29797  -0.29873   0.00076
1523   0.95247  -0.29422  -0.29498   0.00076
1524   0.95310  -0.29046  -0.29123   0.00077
1525   0.95372  -0.28670  -0.28747   0.00077
1526   0.95435  -0.28293  -0.28371   0.00078
1527   0.95497  -0.27916  -0.27995   0.00079
1528   0.95560  -0.27539  -0.27618   0.00079
1529   0.95622  -0.27161  -0.27240   0.00080
1530   0.95685  -0.26782  -0.26863   0.00080
1531   0.95747  -0.26403  -0.26484   0.00081
1532   0.95810  -0.26024  -0.26106   0.00082
1533   0.95872  -0.25645  -0.25727   0.00082
1534   0.95935  -0.25265  -0.25347   0.00083
1535   0.95997  -0.24884  -0.24968   0.00083
1536   0.96060  -0.24503  -0.24587   0.00084
1537   0.96123  -0.24122  -0.24207   0.00085
1538   0.96185  -0.23741  -0.23826   0.00085
1539   0.96248  -0.23359  -0.23445   0.00086
1540   0.96310  -0.22977  -0.23063   0.00086
1541   0.96373  -0.22594  -0.22681   0.00087
1542   0.96435  -0.22211  -0.22299   0.00087
1543   0.96498  -0.21828  -0.21916   0.00088
1544   0.96560  -0.21444  -0.21533   0.00089
1545   0.96623  -0.21060  -0.21149   0.00089
1546   0.96685  -0.20676  -0.20766   0.00090
1547   0.96748  -0.20291  -0.20382   0.00090
1548   0.96811  -0.19906  -0.19997   0.00091
1549   0.96873  -0.19521  -0.19613   0.00092
1550   0.96936  -0.19136  -0.19228   0.00092
1551   0.96998  -0.18750  -0.18842   0.00093
1552   0.97061  -0.18364  -0.18457   0.00093
1553   0.97123  -0.17977  -0.18071   0.00094
1554   0.97186  -0.17591  -0.17685   0.00094
1555   0.97248  -0.17204  -0.17298   0.00095
1556   0.97311  -0.16816  -0.16912   0.00095
1557   0.97373  -0.16429  -0.16525   0.00096
1558   0.97436  -0.16041  -0.16138   0.00097
1559   0.97498  -0.15653  -0.15750   0.00097
1560   0.97561  -0.15265  -0.15363   0.00098
1561   0.97624  -0.14877  -0.14975   0.00098
1562   0.97686  -0.14488  -0.14587   0.00099
1563   0.97749  -0.14099  -0.14198   0.00099
1564   0.97811  -0.13710  -0.13810   0.00100
1565   0.97874  -0.13320  -0.13421   0.00100
1566   0.97936  -0.12931  -0.13032   0.00101
1567   0.97999  -0.12541  -0.12643   0.00101
1568   0.98061  -0.12151  -0.12253   0.00102
1569   0.98124  -0.11761  -0.11864   0.00103
1570   0.98186  -0.11371  -0.11474   0.00103
1571   0.98249  -0.10980  -0.11084   0.00104
1572   0.98311  -0.10590  -0.10694   0.00104
1573   0.98374  -0.10199  -0.10303   0.00105
1574   0.98437  -0.09808  -0.09913   0.00105
1575   0.98499  -0.09417  -0.09522   0.00106
1576   0.98562  -0.09025  -0.09132   0.00106
1577   0.98624  -0.08634  -0.08741   0.00107
1578   0.98687  -0.08242  -0.08350   0.00107
1579   0.98749  -0.07851  -0.07959   0.00108
1580   0.98812  -0.07459  -0.07567   0.00108
1581   0.98874  -0.07067  -0.07176   0.00109
1582   0.98937  -0.06675  -0.06784   0.00109
1583   0.98999  -0.06283  -0.06393   0.00110
1584   0.99062  -0.05891  -0.06001   0.00110
1585   0.99124  -0.05498  -0.05609   0.00111
1586   0.99187  -0.05106  -0.05217   0.00111
1587   0.99250  -0.04714  -0.04826   0.00112
1588   0.99312  -0.04321  -0.04433   0.00112
1589   0.99375  -0.03928  -0.04041   0.00113
1590   0.99437  -0.03536  -0.03649   0.00113
1591   0.99500  -0.03143  -0.03257   0.00114
1592   0.99562  -0.02750  -0.02865   0.00114
1593   0.99625  -0.02357  -0.02472   0.00115
1594   0.99687  -0.01965  -0.02080   0.00115
1595   0.99750  -0.01572  -0.01688   0.00116
1596   0.99812  -0.01179  -0.01295   0.00116
1597   0.99875  -0.00786  -0.00903   0.00117
1598   0.99937  -0.00393  -0.00510   0.00117
1599   1.00000  -0.00000  -0.00118   0.00118
 
