 i       X     FEXACT   FI_LAXW   ERR_LAXW
   0   0.00000   0.00000  -0.00118   0.00118
   1   0.00063   0.00393   0.00275   0.00118
   2   0.00125   0.00786   0.00668   0.00118
   3   0.00188   0.01179   0.01061   0.00118
   4   0.00250   0.01572   0.01454   0.00118
   5   0.00313   0.01965   0.01847   0.00118
   6   0.00375   0.02357   0.02240   0.00118
   7   0.00438   0.02750   0.02633   0.00117
   8   0.00500   0.03143   0.03026   0.00118
   9   0.00563   0.03536   0.03418   0.00117
  10   0.00625   0.03928   0.03811   0.00117
  11   0.00688   0.04321   0.04204   0.00117
  12   0.00750   0.04714   0.04596   0.00117
  13   0.00813   0.05106   0.04989   0.00117
  14   0.00876   0.05498   0.05381   0.00117
  15   0.00938   0.05891   0.05773   0.00117
  16   0.01001   0.06283   0.06166   0.00117
  17   0.01063   0.06675   0.06558   0.00117
  18   0.01126   0.07067   0.06950   0.00117
  19   0.01188   0.07459   0.07342   0.00117
  20   0.01251   0.07851   0.07734   0.00117
  21   0.01313   0.08242   0.08125   0.00117
  22   0.01376   0.08634   0.08517   0.00117
  23   0.01438   0.09025   0.08908   0.00117
  24   0.01501   0.09417   0.09300   0.00117
  25   0.01563   0.09808   0.09691   0.00117
  26   0.01626   0.10199   0.10082   0.00117
  27   0.01689   0.10590   0.10473   0.00117
  28   0.01751   0.10980   0.10863   0.00117
  29   0.01814   0.11371   0.11254   0.00117
  30   0.01876   0.11761   0.11644   0.00117
  31   0.01939   0.12151   0.12035   0.00117
  32   0.02001   0.12541   0.12425   0.00117
  33   0.02064   0.12931   0.12814   0.00116
  34   0.02126   0.13320   0.13204   0.00116
  35   0.02189   0.13710   0.13593   0.00116
  36   0.02251   0.14099   0.13983   0.00116
  37   0.02314   0.14488   0.14372   0.00116
  38   0.02376   0.14876   0.14760   0.00116
  39   0.02439   0.15265   0.15149   0.00116
  40   0.02502   0.15653   0.15537   0.00116
  41   0.02564   0.16041   0.15925   0.00116
  42   0.02627   0.16429   0.16313   0.00116
  43   0.02689   0.16816   0.16701   0.00116
  44   0.02752   0.17204   0.17088   0.00116
  45   0.02814   0.17590   0.17475   0.00116
  46   0.02877   0.17977   0.17862   0.00116
  47   0.02939   0.18364   0.18248   0.00115
  48   0.03002   0.18750   0.18634   0.00115
  49   0.03064   0.19136   0.19020   0.00115
  50   0.03127   0.19521   0.19406   0.00115
  51   0.03189   0.19906   0.19791   0.00115
  52   0.03252   0.20291   0.20176   0.00115
  53   0.03315   0.20676   0.20561   0.00115
  54   0.03377   0.21060   0.20945   0.00115
  55   0.03440   0.21444   0.21329   0.00115
  56   0.03502   0.21828   0.21713   0.00115
  57   0.03565   0.22211   0.22097   0.00114
  58   0.03627   0.22594   0.22480   0.00114
  59   0.03690   0.22977   0.22862   0.00114
  60   0.03752   0.23359   0.23245   0.00114
  61   0.03815   0.23741   0.23627   0.00114
  62   0.03877   0.24122   0.24008   0.00114
  63   0.03940   0.24503   0.24390   0.00114
  64   0.04003   0.24884   0.24771   0.00114
  65   0.04065   0.25265   0.25151   0.00114
  66   0.04128   0.25645   0.25531   0.00113
  67   0.04190   0.26024   0.25911   0.00113
  68   0.04253   0.26403   0.26290   0.00113
  69   0.04315   0.26782   0.26669   0.00113
  70   0.04378   0.27161   0.27048   0.00113
  71   0.04440   0.27539   0.27426   0.00113
  72   0.04503   0.27916   0.27803   0.00113
  73   0.04565   0.28293   0.28181   0.00113
  74   0.04628   0.28670   0.28557   0.00112
  75   0.04690   0.29046   0.28934   0.00112
  76   0.04753   0.29422   0.29310   0.00112
  77   0.04816   0.29797   0.29685   0.00112
  78   0.04878   0.30172   0.30060   0.00112
  79   0.04941   0.30546   0.30435   0.00112
  80   0.05003   0.30920   0.30809   0.00112
  81   0.05066   0.31294   0.31182   0.00111
  82   0.05128   0.31667   0.31556   0.00111
  83   0.05191   0.32039   0.31928   0.00111
  84   0.05253   0.32411   0.32300   0.00111
  85   0.05316   0.32783   0.32672   0.00111
  86   0.05378   0.33154   0.33043   0.00111
  87   0.05441   0.33524   0.33414   0.00111
  88   0.05503   0.33894   0.33784   0.00110
  89   0.05566   0.34264   0.34153   0.00110
  90   0.05629   0.34632   0.34522   0.00110
  91   0.05691   0.35001   0.34891   0.00110
  92   0.05754   0.35369   0.35259   0.00110
  93   0.05816   0.35736   0.35626   0.00110
  94   0.05879   0.36103   0.35993   0.00109
  95   0.05941   0.36469   0.36360   0.00109
  96   0.06004   0.36834   0.36725   0.00109
  97   0.06066   0.37199   0.37091   0.00109
  98   0.06129   0.37564   0.37455   0.00109
  99   0.06191   0.37928   0.37819   0.00109
 100   0.06254   0.38291   0.38183   0.00108
 101   0.06316   0.38654   0.38545   0.00108
 102   0.06379   0.39016   0.38908   0.00108
 103   0.06442   0.39377   0.39269   0.00108
 104   0.06504   0.39738   0.39630   0.00108
 105   0.06567   0.40098   0.39991   0.00108
 106   0.06629   0.40458   0.40351   0.00108
 107   0.06692   0.40817   0.40710   0.00107
 108   0.06754   0.41176   0.41068   0.00107
 109   0.06817   0.41533   0.41426   0.00107
 110   0.06879   0.41890   0.41784   0.00107
 111   0.06942   0.42247   0.42141   0.00106
 112   0.07004   0.42603   0.42497   0.00106
 113   0.07067   0.42958   0.42852   0.00106
 114   0.07129   0.43312   0.43207   0.00106
 115   0.07192   0.43666   0.43561   0.00105
 116   0.07255   0.44019   0.43914   0.00105
 117   0.07317   0.44372   0.44267   0.00105
 118   0.07380   0.44724   0.44619   0.00105
 119   0.07442   0.45075   0.44970   0.00105
 120   0.07505   0.45425   0.45321   0.00104
 121   0.07567   0.45775   0.45671   0.00104
 122   0.07630   0.46124   0.46020   0.00104
 123   0.07692   0.46472   0.46369   0.00104
 124   0.07755   0.46820   0.46716   0.00103
 125   0.07817   0.47167   0.47064   0.00103
 126   0.07880   0.47513   0.47410   0.00103
 127   0.07942   0.47858   0.47756   0.00103
 128   0.08005   0.48203   0.48100   0.00102
 129   0.08068   0.48547   0.48445   0.00102
 130   0.08130   0.48890   0.48788   0.00102
 131   0.08193   0.49232   0.49131   0.00102
 132   0.08255   0.49574   0.49472   0.00102
 133   0.08318   0.49915   0.49814   0.00101
 134   0.08380   0.50255   0.50154   0.00101
 135   0.08443   0.50594   0.50494   0.00101
 136   0.08505   0.50933   0.50832   0.00100
 137   0.08568   0.51271   0.51170   0.00100
 138   0.08630   0.51608   0.51508   0.00100
 139   0.08693   0.51944   0.51844   0.00100
 140   0.08755   0.52279   0.52180   0.00099
 141   0.08818   0.52614   0.52514   0.00099
 142   0.08881   0.52947   0.52848   0.00099
 143   0.08943   0.53280   0.53182   0.00099
 144   0.09006   0.53613   0.53514   0.00099
 145   0.09068   0.53944   0.53846   0.00098
 146   0.09131   0.54274   0.54176   0.00098
 147   0.09193   0.54604   0.54506   0.00098
 148   0.09256   0.54933   0.54835   0.00098
 149   0.09318   0.55261   0.55163   0.00097
 150   0.09381   0.55588   0.55491   0.00097
 151   0.09443   0.55914   0.55817   0.00097
 152   0.09506   0.56239   0.56143   0.00097
 153   0.09568   0.56564   0.56467   0.00096
 154   0.09631   0.56887   0.56791   0.00096
 155   0.09694   0.57210   0.57114   0.00096
 156   0.09756   0.57532   0.57436   0.00095
 157   0.09819   0.57853   0.57758   0.00095
 158   0.09881   0.58173   0.58078   0.00095
 159   0.09944   0.58492   0.58397   0.00095
 160   0.10006   0.58810   0.58716   0.00094
 161   0.10069   0.59128   0.59034   0.00094
 162   0.10131   0.59444   0.59350   0.00094
 163   0.10194   0.59760   0.59666   0.00094
 164   0.10256   0.60074   0.59981   0.00093
 165   0.10319   0.60388   0.60295   0.00093
 166   0.10381   0.60701   0.60608   0.00093
 167   0.10444   0.61012   0.60920   0.00092
 168   0.10507   0.61323   0.61231   0.00092
 169   0.10569   0.61633   0.61541   0.00092
 170   0.10632   0.61942   0.61851   0.00092
 171   0.10694   0.62250   0.62159   0.00091
 172   0.10757   0.62557   0.62466   0.00091
 173   0.10819   0.62863   0.62773   0.00091
 174   0.10882   0.63168   0.63078   0.00090
 175   0.10944   0.63473   0.63382   0.00090
 176   0.11007   0.63776   0.63686   0.00090
 177   0.11069   0.64078   0.63988   0.00089
 178   0.11132   0.64379   0.64290   0.00089
 179   0.11194   0.64679   0.64590   0.00089
 180   0.11257   0.64978   0.64890   0.00089
 181   0.11320   0.65277   0.65188   0.00088
 182   0.11382   0.65574   0.65486   0.00088
 183   0.11445   0.65870   0.65782   0.00088
 184   0.11507   0.66165   0.66078   0.00087
 185   0.11570   0.66459   0.66372   0.00087
 186   0.11632   0.66752   0.66666   0.00087
 187   0.11695   0.67044   0.66958   0.00086
 188   0.11757   0.67335   0.67249   0.00086
 189   0.11820   0.67625   0.67540   0.00086
 190   0.11882   0.67914   0.67829   0.00086
 191   0.11945   0.68202   0.68117   0.00085
 192   0.12008   0.68489   0.68404   0.00085
 193   0.12070   0.68775   0.68690   0.00085
 194   0.12133   0.69060   0.68975   0.00084
 195   0.12195   0.69343   0.69259   0.00084
 196   0.12258   0.69626   0.69542   0.00084
 197   0.12320   0.69907   0.69824   0.00083
 198   0.12383   0.70188   0.70105   0.00083
 199   0.12445   0.70467   0.70385   0.00083
 200   0.12508   0.70745   0.70663   0.00082
 201   0.12570   0.71023   0.70941   0.00082
 202   0.12633   0.71299   0.71217   0.00082
 203   0.12695   0.71574   0.71492   0.00081
 204   0.12758   0.71847   0.71766   0.00081
 205   0.12821   0.72120   0.72039   0.00081
 206   0.12883   0.72392   0.72311   0.00081
 207   0.12946   0.72662   0.72582   0.00080
 208   0.13008   0.72932   0.72852   0.00080
 209   0.13071   0.73200   0.73121   0.00079
 210   0.13133   0.73467   0.73388   0.00079
 211   0.13196   0.73733   0.73655   0.00078
 212   0.13258   0.73998   0.73920   0.00078
 213   0.13321   0.74262   0.74184   0.00077
 214   0.13383   0.74524   0.74447   0.00077
 215   0.13446   0.74786   0.74709   0.00077
 216   0.13508   0.75046   0.74970   0.00076
 217   0.13571   0.75305   0.75229   0.00076
 218   0.13634   0.75563   0.75488   0.00076
 219   0.13696   0.75820   0.75745   0.00075
 220   0.13759   0.76076   0.76000   0.00075
 221   0.13821   0.76330   0.76255   0.00075
 222   0.13884   0.76583   0.76509   0.00075
 223   0.13946   0.76835   0.76761   0.00075
 224   0.14009   0.77086   0.77012   0.00074
 225   0.14071   0.77336   0.77262   0.00074
 226   0.14134   0.77585   0.77511   0.00074
 227   0.14196   0.77832   0.77758   0.00074
 228   0.14259   0.78078   0.78005   0.00073
 229   0.14321   0.78323   0.78250   0.00073
 230   0.14384   0.78567   0.78494   0.00073
 231   0.14447   0.78809   0.78737   0.00073
 232   0.14509   0.79050   0.78978   0.00072
 233   0.14572   0.79290   0.79219   0.00072
 234   0.14634   0.79529   0.79458   0.00072
 235   0.14697   0.79767   0.79696   0.00071
 236   0.14759   0.80003   0.79933   0.00071
 237   0.14822   0.80238   0.80168   0.00070
 238   0.14884   0.80472   0.80402   0.00070
 239   0.14947   0.80705   0.80636   0.00069
 240   0.15009   0.80936   0.80867   0.00069
 241   0.15072   0.81166   0.81098   0.00069
 242   0.15134   0.81395   0.81327   0.00068
 243   0.15197   0.81623   0.81555   0.00068
 244   0.15260   0.81849   0.81782   0.00068
 245   0.15322   0.82075   0.82007   0.00067
 246   0.15385   0.82298   0.82232   0.00067
 247   0.15447   0.82521   0.82455   0.00066
 248   0.15510   0.82742   0.82676   0.00066
 249   0.15572   0.82962   0.82897   0.00066
 250   0.15635   0.83181   0.83116   0.00065
 251   0.15697   0.83399   0.83334   0.00065
 252   0.15760   0.83615   0.83551   0.00064
 253   0.15822   0.83830   0.83766   0.00064
 254   0.15885   0.84043   0.83980   0.00063
 255   0.15947   0.84255   0.84193   0.00063
 256   0.16010   0.84466   0.84404   0.00062
 257   0.16073   0.84676   0.84614   0.00062
 258   0.16135   0.84885   0.84823   0.00062
 259   0.16198   0.85092   0.85030   0.00061
 260   0.16260   0.85297   0.85237   0.00061
 261   0.16323   0.85502   0.85441   0.00060
 262   0.16385   0.85705   0.85645   0.00060
 263   0.16448   0.85907   0.85847   0.00060
 264   0.16510   0.86107   0.86048   0.00059
 265   0.16573   0.86306   0.86248   0.00059
 266   0.16635   0.86504   0.86446   0.00058
 267   0.16698   0.86701   0.86643   0.00058
 268   0.16760   0.86896   0.86838   0.00058
 269   0.16823   0.87090   0.87032   0.00057
 270   0.16886   0.87282   0.87225   0.00057
 271   0.16948   0.87473   0.87417   0.00056
 272   0.17011   0.87663   0.87607   0.00056
 273   0.17073   0.87851   0.87796   0.00055
 274   0.17136   0.88038   0.87983   0.00055
 275   0.17198   0.88224   0.88169   0.00055
 276   0.17261   0.88408   0.88354   0.00054
 277   0.17323   0.88591   0.88537   0.00054
 278   0.17386   0.88773   0.88719   0.00053
 279   0.17448   0.88953   0.88900   0.00053
 280   0.17511   0.89132   0.89079   0.00053
 281   0.17573   0.89309   0.89257   0.00052
 282   0.17636   0.89485   0.89434   0.00052
 283   0.17699   0.89660   0.89609   0.00051
 284   0.17761   0.89833   0.89783   0.00051
 285   0.17824   0.90005   0.89955   0.00050
 286   0.17886   0.90176   0.90126   0.00050
 287   0.17949   0.90345   0.90295   0.00050
 288   0.18011   0.90513   0.90464   0.00049
 289   0.18074   0.90679   0.90630   0.00049
 290   0.18136   0.90844   0.90796   0.00048
 291   0.18199   0.91008   0.90960   0.00048
 292   0.18261   0.91170   0.91122   0.00048
 293   0.18324   0.91331   0.91283   0.00047
 294   0.18386   0.91490   0.91443   0.00047
 295   0.18449   0.91648   0.91602   0.00046
 296   0.18512   0.91804   0.91758   0.00046
 297   0.18574   0.91959   0.91914   0.00045
 298   0.18637   0.92113   0.92068   0.00045
 299   0.18699   0.92265   0.92221   0.00045
 300   0.18762   0.92416   0.92372   0.00044
 301   0.18824   0.92566   0.92522   0.00044
 302   0.18887   0.92713   0.92670   0.00043
 303   0.18949   0.92860   0.92817   0.00043
 304   0.19012   0.93005   0.92963   0.00042
 305   0.19074   0.93149   0.93107   0.00042
 306   0.19137   0.93291   0.93249   0.00042
 307   0.19199   0.93432   0.93390   0.00041
 308   0.19262   0.93571   0.93530   0.00041
 309   0.19325   0.93709   0.93668   0.00041
 310   0.19387   0.93845   0.93805   0.00040
 311   0.19450   0.93980   0.93941   0.00040
 312   0.19512   0.94114   0.94074   0.00040
 313   0.19575   0.94246   0.94207   0.00039
 314   0.19637   0.94377   0.94338   0.00039
 315   0.19700   0.94506   0.94467   0.00038
 316   0.19762   0.94634   0.94596   0.00038
 317   0.19825   0.94760   0.94722   0.00038
 318   0.19887   0.94885   0.94847   0.00037
 319   0.19950   0.95008   0.94971   0.00037
 320   0.20013   0.95130   0.95094   0.00036
 321   0.20075   0.95250   0.95214   0.00036
 322   0.20138   0.95369   0.95334   0.00036
 323   0.20200   0.95487   0.95452   0.00035
 324   0.20263   0.95603   0.95568   0.00035
 325   0.20325   0.95717   0.95683   0.00034
 326   0.20388   0.95830   0.95796   0.00034
 327   0.20450   0.95942   0.95908   0.00033
 328   0.20513   0.96052   0.96019   0.00033
 329   0.20575   0.96160   0.96128   0.00032
 330   0.20638   0.96267   0.96236   0.00032
 331   0.20700   0.96373   0.96342   0.00031
 332   0.20763   0.96477   0.96446   0.00031
 333   0.20826   0.96580   0.96549   0.00031
 334   0.20888   0.96681   0.96651   0.00030
 335   0.20951   0.96781   0.96751   0.00030
 336   0.21013   0.96879   0.96850   0.00029
 337   0.21076   0.96975   0.96947   0.00029
 338   0.21138   0.97071   0.97042   0.00028
 339   0.21201   0.97164   0.97136   0.00028
 340   0.21263   0.97256   0.97229   0.00027
 341   0.21326   0.97347   0.97320   0.00027
 342   0.21388   0.97436   0.97410   0.00027
 343   0.21451   0.97524   0.97498   0.00026
 344   0.21513   0.97610   0.97584   0.00026
 345   0.21576   0.97695   0.97669   0.00025
 346   0.21639   0.97778   0.97753   0.00025
 347   0.21701   0.97859   0.97835   0.00024
 348   0.21764   0.97940   0.97916   0.00024
 349   0.21826   0.98018   0.97995   0.00023
 350   0.21889   0.98095   0.98072   0.00023
 351   0.21951   0.98171   0.98148   0.00023
 352   0.22014   0.98245   0.98223   0.00022
 353   0.22076   0.98317   0.98296   0.00022
 354   0.22139   0.98388   0.98367   0.00021
 355   0.22201   0.98458   0.98437   0.00021
 356   0.22264   0.98526   0.98506   0.00020
 357   0.22326   0.98592   0.98573   0.00020
 358   0.22389   0.98657   0.98638   0.00019
 359   0.22452   0.98721   0.98702   0.00019
 360   0.22514   0.98783   0.98764   0.00018
 361   0.22577   0.98843   0.98825   0.00018
 362   0.22639   0.98902   0.98884   0.00017
 363   0.22702   0.98959   0.98942   0.00017
 364   0.22764   0.99015   0.98998   0.00017
 365   0.22827   0.99069   0.99053   0.00016
 366   0.22889   0.99122   0.99106   0.00016
 367   0.22952   0.99173   0.99158   0.00015
 368   0.23014   0.99223   0.99208   0.00015
 369   0.23077   0.99271   0.99257   0.00014
 370   0.23139   0.99317   0.99304   0.00014
 371   0.23202   0.99363   0.99349   0.00013
 372   0.23265   0.99406   0.99393   0.00013
 373   0.23327   0.99448   0.99436   0.00012
 374   0.23390   0.99489   0.99477   0.00012
 375   0.23452   0.99527   0.99516   0.00012
 376   0.23515   0.99565   0.99554   0.00011
 377   0.23577   0.99601   0.99590   0.00011
 378   0.23640   0.99635   0.99625   0.00010
 379   0.23702   0.99668   0.99658   0.00010
 380   0.23765   0.99699   0.99690   0.00009
 381   0.23827   0.99729   0.99720   0.00009
 382   0.23890   0.99757   0.99749   0.00008
 383   0.23952   0.99783   0.99776   0.00008
 384   0.24015   0.99809   0.99801   0.00007
 385   0.24078   0.99832   0.99825   0.00007
 386   0.24140   0.99854   0.99848   0.00006
 387   0.24203   0.99875   0.99869   0.00006
 388   0.24265   0.99893   0.99888   0.00006
 389   0.24328   0.99911   0.99906   0.00005
 390   0.24390   0.99927   0.99922   0.00005
 391   0.24453   0.99941   0.99937   0.00004
 392   0.24515   0.99954   0.99950   0.00004
 393   0.24578   0.99965   0.99962   0.00003
 394   0.24640   0.99974   0.99972   0.00003
 395   0.24703   0.99983   0.99980   0.00002
 396   0.24765   0.99989   0.99987   0.00002
 397   0.24828   0.99994   0.99993   0.00001
 398   0.24891   0.99998   0.99997   0.00001
 399   0.24953   1.00000   0.99999   0.00000
 400   0.25016   1.00000   1.00000   0.00000
 401   0.25078   0.99999   0.99999   0.00000
 402   0.25141   0.99996   0.99997   0.00001
 403   0.25203   0.99992   0.99993   0.00001
 404   0.25266   0.99986   0.99988   0.00002
 405   0.25328   0.99979   0.99981   0.00002
 406   0.25391   0.99970   0.99972   0.00003
 407   0.25453   0.99959   0.99962   0.00003
 408   0.25516   0.99947   0.99951   0.00003
 409   0.25578   0.99934   0.99938   0.00004
 410   0.25641   0.99919   0.99923   0.00004
 411   0.25704   0.99902   0.99907   0.00005
 412   0.25766   0.99884   0.99889   0.00005
 413   0.25829   0.99864   0.99870   0.00005
 414   0.25891   0.99843   0.99849   0.00006
 415   0.25954   0.99821   0.99827   0.00006
 416   0.26016   0.99796   0.99803   0.00007
 417   0.26079   0.99770   0.99778   0.00007
 418   0.26141   0.99743   0.99751   0.00008
 419   0.26204   0.99714   0.99722   0.00008
 420   0.26266   0.99684   0.99692   0.00009
 421   0.26329   0.99652   0.99661   0.00009
 422   0.26391   0.99618   0.99628   0.00010
 423   0.26454   0.99583   0.99593   0.00010
 424   0.26517   0.99546   0.99557   0.00010
 425   0.26579   0.99508   0.99519   0.00011
 426   0.26642   0.99468   0.99480   0.00011
 427   0.26704   0.99427   0.99439   0.00012
 428   0.26767   0.99385   0.99397   0.00012
 429   0.26829   0.99340   0.99353   0.00013
 430   0.26892   0.99294   0.99308   0.00014
 431   0.26954   0.99247   0.99261   0.00014
 432   0.27017   0.99198   0.99213   0.00015
 433   0.27079   0.99148   0.99163   0.00015
 434   0.27142   0.99096   0.99111   0.00016
 435   0.27205   0.99042   0.99058   0.00016
 436   0.27267   0.98987   0.99004   0.00017
 437   0.27330   0.98931   0.98948   0.00017
 438   0.27392   0.98873   0.98890   0.00018
 439   0.27455   0.98813   0.98831   0.00018
 440   0.27517   0.98752   0.98770   0.00018
 441   0.27580   0.98689   0.98708   0.00019
 442   0.27642   0.98625   0.98644   0.00019
 443   0.27705   0.98559   0.98579   0.00020
 444   0.27767   0.98492   0.98512   0.00020
 445   0.27830   0.98423   0.98444   0.00021
 446   0.27892   0.98353   0.98374   0.00021
 447   0.27955   0.98281   0.98303   0.00022
 448   0.28018   0.98208   0.98230   0.00022
 449   0.28080   0.98133   0.98156   0.00023
 450   0.28143   0.98057   0.98080   0.00023
 451   0.28205   0.97979   0.98003   0.00024
 452   0.28268   0.97900   0.97924   0.00024
 453   0.28330   0.97819   0.97843   0.00024
 454   0.28393   0.97736   0.97761   0.00025
 455   0.28455   0.97653   0.97678   0.00025
 456   0.28518   0.97567   0.97593   0.00026
 457   0.28580   0.97480   0.97506   0.00026
 458   0.28643   0.97392   0.97418   0.00027
 459   0.28705   0.97302   0.97329   0.00027
 460   0.28768   0.97211   0.97238   0.00027
 461   0.28831   0.97118   0.97145   0.00028
 462   0.28893   0.97023   0.97052   0.00028
 463   0.28956   0.96927   0.96956   0.00029
 464   0.29018   0.96830   0.96859   0.00029
 465   0.29081   0.96731   0.96761   0.00030
 466   0.29143   0.96631   0.96661   0.00030
 467   0.29206   0.96529   0.96559   0.00030
 468   0.29268   0.96425   0.96456   0.00031
 469   0.29331   0.96320   0.96352   0.00031
 470   0.29393   0.96214   0.96246   0.00032
 471   0.29456   0.96106   0.96139   0.00032
 472   0.29518   0.95997   0.96030   0.00033
 473   0.29581   0.95886   0.95919   0.00033
 474   0.29644   0.95774   0.95807   0.00034
 475   0.29706   0.95660   0.95694   0.00034
 476   0.29769   0.95545   0.95579   0.00034
 477   0.29831   0.95428   0.95463   0.00035
 478   0.29894   0.95310   0.95345   0.00035
 479   0.29956   0.95190   0.95226   0.00036
 480   0.30019   0.95069   0.95105   0.00036
 481   0.30081   0.94947   0.94983   0.00036
 482   0.30144   0.94822   0.94859   0.00037
 483   0.30206   0.94697   0.94734   0.00037
 484   0.30269   0.94570   0.94608   0.00038
 485   0.30331   0.94442   0.94480   0.00038
 486   0.30394   0.94312   0.94350   0.00038
 487   0.30457   0.94180   0.94219   0.00039
 488   0.30519   0.94047   0.94087   0.00039
 489   0.30582   0.93913   0.93953   0.00040
 490   0.30644   0.93777   0.93818   0.00040
 491   0.30707   0.93640   0.93681   0.00041
 492   0.30769   0.93502   0.93543   0.00041
 493   0.30832   0.93362   0.93403   0.00041
 494   0.30894   0.93220   0.93262   0.00042
 495   0.30957   0.93077   0.93119   0.00042
 496   0.31019   0.92933   0.92975   0.00043
 497   0.31082   0.92787   0.92830   0.00043
 498   0.31144   0.92640   0.92683   0.00043
 499   0.31207   0.92491   0.92535   0.00044
 500   0.31270   0.92341   0.92385   0.00044
 501   0.31332   0.92189   0.92234   0.00045
 502   0.31395   0.92036   0.92081   0.00045
 503   0.31457   0.91882   0.91928   0.00046
 504   0.31520   0.91726   0.91772   0.00046
 505   0.31582   0.91569   0.91615   0.00046
 506   0.31645   0.91410   0.91457   0.00047
 507   0.31707   0.91250   0.91298   0.00047
 508   0.31770   0.91089   0.91136   0.00048
 509   0.31832   0.90926   0.90974   0.00048
 510   0.31895   0.90762   0.90810   0.00048
 511   0.31957   0.90596   0.90645   0.00049
 512   0.32020   0.90429   0.90478   0.00049
 513   0.32083   0.90261   0.90310   0.00050
 514   0.32145   0.90091   0.90141   0.00050
 515   0.32208   0.89920   0.89970   0.00051
 516   0.32270   0.89747   0.89798   0.00051
 517   0.32333   0.89573   0.89624   0.00051
 518   0.32395   0.89398   0.89449   0.00052
 519   0.32458   0.89221   0.89273   0.00052
 520   0.32520   0.89043   0.89095   0.00053
 521   0.32583   0.88863   0.88916   0.00053
 522   0.32645   0.88682   0.88736   0.00053
 523   0.32708   0.88500   0.88554   0.00054
 524   0.32770   0.88316   0.88370   0.00054
 525   0.32833   0.88131   0.88186   0.00055
 526   0.32896   0.87945   0.88000   0.00055
 527   0.32958   0.87757   0.87813   0.00055
 528   0.33021   0.87568   0.87624   0.00056
 529   0.33083   0.87378   0.87434   0.00056
 530   0.33146   0.87186   0.87243   0.00057
 531   0.33208   0.86993   0.87050   0.00057
 532   0.33271   0.86798   0.86856   0.00057
 533   0.33333   0.86603   0.86660   0.00058
 534   0.33396   0.86405   0.86464   0.00058
 535   0.33458   0.86207   0.86266   0.00059
 536   0.33521   0.86007   0.86066   0.00059
 537   0.33583   0.85806   0.85866   0.00060
 538   0.33646   0.85604   0.85663   0.00060
 539   0.33709   0.85400   0.85460   0.00060
 540   0.33771   0.85195   0.85255   0.00061
 541   0.33834   0.84988   0.85049   0.00061
 542   0.33896   0.84781   0.84842   0.00061
 543   0.33959   0.84571   0.84633   0.00062
 544   0.34021   0.84361   0.84423   0.00062
 545   0.34084   0.84149   0.84212   0.00063
 546   0.34146   0.83937   0.84000   0.00063
 547   0.34209   0.83722   0.83786   0.00063
 548   0.34271   0.83507   0.83571   0.00064
 549   0.34334   0.83290   0.83354   0.00064
 550   0.34396   0.83072   0.83136   0.00064
 551   0.34459   0.82852   0.82917   0.00065
 552   0.34522   0.82632   0.82697   0.00065
 553   0.34584   0.82410   0.82476   0.00066
 554   0.34647   0.82187   0.82253   0.00066
 555   0.34709   0.81962   0.82029   0.00067
 556   0.34772   0.81736   0.81803   0.00067
 557   0.34834   0.81509   0.81577   0.00067
 558   0.34897   0.81281   0.81349   0.00068
 559   0.34959   0.81052   0.81120   0.00068
 560   0.35022   0.80821   0.80889   0.00068
 561   0.35084   0.80589   0.80657   0.00069
 562   0.35147   0.80356   0.80424   0.00069
 563   0.35210   0.80121   0.80190   0.00069
 564   0.35272   0.79885   0.79955   0.00070
 565   0.35335   0.79648   0.79718   0.00070
 566   0.35397   0.79410   0.79480   0.00070
 567   0.35460   0.79171   0.79241   0.00071
 568   0.35522   0.78930   0.79001   0.00071
 569   0.35585   0.78688   0.78759   0.00071
 570   0.35647   0.78445   0.78517   0.00072
 571   0.35710   0.78201   0.78273   0.00072
 572   0.35772   0.77955   0.78028   0.00073
 573   0.35835   0.77708   0.77781   0.00073
 574   0.35897   0.77461   0.77534   0.00074
 575   0.35960   0.77211   0.77285   0.00074
 576   0.36023   0.76961   0.77036   0.00074
 577   0.36085   0.76710   0.76785   0.00075
 578   0.36148   0.76457   0.76532   0.00075
 579   0.36210   0.76203   0.76279   0.00076
 580   0.36273   0.75948   0.76024   0.00076
 581   0.36335   0.75692   0.75769   0.00077
 582   0.36398   0.75434   0.75512   0.00077
 583   0.36460   0.75176   0.75253   0.00077
 584   0.36523   0.74916   0.74994   0.00078
 585   0.36585   0.74655   0.74733   0.00078
 586   0.36648   0.74393   0.74472   0.00078
 587   0.36710   0.74130   0.74209   0.00079
 588   0.36773   0.73866   0.73945   0.00079
 589   0.36836   0.73600   0.73680   0.00079
 590   0.36898   0.73334   0.73414   0.00080
 591   0.36961   0.73066   0.73146   0.00080
 592   0.37023   0.72797   0.72878   0.00080
 593   0.37086   0.72527   0.72608   0.00081
 594   0.37148   0.72256   0.72337   0.00081
 595   0.37211   0.71984   0.72065   0.00081
 596   0.37273   0.71711   0.71792   0.00082
 597   0.37336   0.71436   0.71518   0.00082
 598   0.37398   0.71161   0.71243   0.00082
 599   0.37461   0.70884   0.70967   0.00083
 600   0.37523   0.70606   0.70689   0.00083
 601   0.37586   0.70328   0.70411   0.00083
 602   0.37649   0.70048   0.70131   0.00083
 603   0.37711   0.69767   0.69850   0.00084
 604   0.37774   0.69485   0.69569   0.00084
 605   0.37836   0.69202   0.69286   0.00084
 606   0.37899   0.68917   0.69002   0.00085
 607   0.37961   0.68632   0.68717   0.00085
 608   0.38024   0.68346   0.68431   0.00085
 609   0.38086   0.68058   0.68144   0.00086
 610   0.38149   0.67770   0.67856   0.00086
 611   0.38211   0.67481   0.67567   0.00086
 612   0.38274   0.67190   0.67276   0.00086
 613   0.38336   0.66898   0.66985   0.00087
 614   0.38399   0.66606   0.66693   0.00087
 615   0.38462   0.66312   0.66400   0.00087
 616   0.38524   0.66018   0.66105   0.00088
 617   0.38587   0.65722   0.65810   0.00088
 618   0.38649   0.65425   0.65514   0.00088
 619   0.38712   0.65128   0.65216   0.00088
 620   0.38774   0.64829   0.64918   0.00089
 621   0.38837   0.64529   0.64618   0.00089
 622   0.38899   0.64229   0.64318   0.00089
 623   0.38962   0.63927   0.64017   0.00090
 624   0.39024   0.63624   0.63714   0.00090
 625   0.39087   0.63321   0.63411   0.00090
 626   0.39149   0.63016   0.63107   0.00091
 627   0.39212   0.62710   0.62801   0.00091
 628   0.39275   0.62404   0.62495   0.00091
 629   0.39337   0.62096   0.62188   0.00091
 630   0.39400   0.61788   0.61879   0.00092
 631   0.39462   0.61478   0.61570   0.00092
 632   0.39525   0.61168   0.61260   0.00092
 633   0.39587   0.60857   0.60949   0.00093
 634   0.39650   0.60544   0.60637   0.00093
 635   0.39712   0.60231   0.60324   0.00093
 636   0.39775   0.59917   0.60011   0.00093
 637   0.39837   0.59602   0.59696   0.00094
 638   0.39900   0.59286   0.59380   0.00094
 639   0.39962   0.58969   0.59063   0.00094
 640   0.40025   0.58651   0.58746   0.00095
 641   0.40088   0.58333   0.58427   0.00095
 642   0.40150   0.58013   0.58108   0.00095
 643   0.40213   0.57692   0.57788   0.00095
 644   0.40275   0.57371   0.57467   0.00096
 645   0.40338   0.57049   0.57145   0.00096
 646   0.40400   0.56726   0.56822   0.00096
 647   0.40463   0.56402   0.56498   0.00096
 648   0.40525   0.56077   0.56173   0.00097
 649   0.40588   0.55751   0.55848   0.00097
 650   0.40650   0.55424   0.55521   0.00097
 651   0.40713   0.55097   0.55194   0.00097
 652   0.40775   0.54768   0.54866   0.00098
 653   0.40838   0.54439   0.54537   0.00098
 654   0.40901   0.54109   0.54207   0.00098
 655   0.40963   0.53778   0.53877   0.00098
 656   0.41026   0.53447   0.53545   0.00099
 657   0.41088   0.53114   0.53213   0.00099
 658   0.41151   0.52781   0.52880   0.00099
 659   0.41213   0.52447   0.52546   0.00099
 660   0.41276   0.52112   0.52211   0.00100
 661   0.41338   0.51776   0.51876   0.00100
 662   0.41401   0.51439   0.51539   0.00100
 663   0.41463   0.51102   0.51202   0.00101
 664   0.41526   0.50764   0.50865   0.00101
 665   0.41588   0.50425   0.50526   0.00101
 666   0.41651   0.50085   0.50186   0.00101
 667   0.41714   0.49745   0.49846   0.00102
 668   0.41776   0.49403   0.49505   0.00102
 669   0.41839   0.49061   0.49163   0.00102
 670   0.41901   0.48719   0.48821   0.00102
 671   0.41964   0.48375   0.48478   0.00103
 672   0.42026   0.48031   0.48134   0.00103
 673   0.42089   0.47686   0.47789   0.00103
 674   0.42151   0.47340   0.47443   0.00103
 675   0.42214   0.46993   0.47097   0.00103
 676   0.42276   0.46646   0.46750   0.00104
 677   0.42339   0.46298   0.46402   0.00104
 678   0.42401   0.45950   0.46054   0.00104
 679   0.42464   0.45600   0.45705   0.00104
 680   0.42527   0.45250   0.45355   0.00105
 681   0.42589   0.44899   0.45004   0.00105
 682   0.42652   0.44548   0.44653   0.00105
 683   0.42714   0.44196   0.44301   0.00105
 684   0.42777   0.43843   0.43948   0.00105
 685   0.42839   0.43490   0.43595   0.00106
 686   0.42902   0.43135   0.43241   0.00106
 687   0.42964   0.42781   0.42886   0.00106
 688   0.43027   0.42425   0.42531   0.00106
 689   0.43089   0.42069   0.42175   0.00106
 690   0.43152   0.41712   0.41819   0.00107
 691   0.43215   0.41355   0.41461   0.00107
 692   0.43277   0.40996   0.41103   0.00107
 693   0.43340   0.40638   0.40745   0.00107
 694   0.43402   0.40278   0.40386   0.00107
 695   0.43465   0.39918   0.40026   0.00107
 696   0.43527   0.39558   0.39666   0.00108
 697   0.43590   0.39197   0.39305   0.00108
 698   0.43652   0.38835   0.38943   0.00108
 699   0.43715   0.38472   0.38581   0.00108
 700   0.43777   0.38109   0.38218   0.00108
 701   0.43840   0.37746   0.37855   0.00109
 702   0.43902   0.37382   0.37491   0.00109
 703   0.43965   0.37017   0.37126   0.00109
 704   0.44028   0.36652   0.36761   0.00109
 705   0.44090   0.36286   0.36395   0.00109
 706   0.44153   0.35919   0.36029   0.00109
 707   0.44215   0.35552   0.35662   0.00110
 708   0.44278   0.35185   0.35295   0.00110
 709   0.44340   0.34817   0.34927   0.00110
 710   0.44403   0.34448   0.34558   0.00110
 711   0.44465   0.34079   0.34189   0.00110
 712   0.44528   0.33709   0.33820   0.00110
 713   0.44590   0.33339   0.33450   0.00111
 714   0.44653   0.32968   0.33079   0.00111
 715   0.44715   0.32597   0.32708   0.00111
 716   0.44778   0.32225   0.32336   0.00111
 717   0.44841   0.31853   0.31964   0.00111
 718   0.44903   0.31480   0.31592   0.00111
 719   0.44966   0.31107   0.31219   0.00111
 720   0.45028   0.30734   0.30845   0.00112
 721   0.45091   0.30359   0.30471   0.00112
 722   0.45153   0.29985   0.30097   0.00112
 723   0.45216   0.29610   0.29722   0.00112
 724   0.45278   0.29234   0.29346   0.00112
 725   0.45341   0.28858   0.28970   0.00112
 726   0.45403   0.28482   0.28594   0.00112
 727   0.45466   0.28105   0.28217   0.00113
 728   0.45528   0.27727   0.27840   0.00113
 729   0.45591   0.27350   0.27462   0.00113
 730   0.45654   0.26971   0.27084   0.00113
 731   0.45716   0.26593   0.26706   0.00113
 732   0.45779   0.26214   0.26327   0.00113
 733   0.45841   0.25834   0.25948   0.00113
 734   0.45904   0.25455   0.25568   0.00114
 735   0.45966   0.25074   0.25188   0.00114
 736   0.46029   0.24694   0.24808   0.00114
 737   0.46091   0.24313   0.24427   0.00114
 738   0.46154   0.23932   0.24046   0.00114
 739   0.46216   0.23550   0.23664   0.00114
 740   0.46279   0.23168   0.23282   0.00114
 741   0.46341   0.22785   0.22900   0.00114
 742   0.46404   0.22403   0.22517   0.00115
 743   0.46467   0.22019   0.22134   0.00115
 744   0.46529   0.21636   0.21751   0.00115
 745   0.46592   0.21252   0.21367   0.00115
 746   0.46654   0.20868   0.20983   0.00115
 747   0.46717   0.20484   0.20599   0.00115
 748   0.46779   0.20099   0.20214   0.00115
 749   0.46842   0.19714   0.19829   0.00115
 750   0.46904   0.19328   0.19444   0.00115
 751   0.46967   0.18943   0.19058   0.00115
 752   0.47029   0.18557   0.18672   0.00115
 753   0.47092   0.18170   0.18286   0.00116
 754   0.47154   0.17784   0.17900   0.00116
 755   0.47217   0.17397   0.17513   0.00116
 756   0.47280   0.17010   0.17126   0.00116
 757   0.47342   0.16623   0.16739   0.00116
 758   0.47405   0.16235   0.16351   0.00116
 759   0.47467   0.15847   0.15963   0.00116
 760   0.47530   0.15459   0.15575   0.00116
 761   0.47592   0.15071   0.15187   0.00116
 762   0.47655   0.14682   0.14798   0.00116
 763   0.47717   0.14293   0.14410   0.00116
 764   0.47780   0.13904   0.14021   0.00116
 765   0.47842   0.13515   0.13632   0.00116
 766   0.47905   0.13126   0.13242   0.00116
 767   0.47967   0.12736   0.12853   0.00117
 768   0.48030   0.12346   0.12463   0.00117
 769   0.48093   0.11956   0.12073   0.00117
 770   0.48155   0.11566   0.11683   0.00117
 771   0.48218   0.11176   0.11292   0.00117
 772   0.48280   0.10785   0.10902   0.00117
 773   0.48343   0.10394   0.10511   0.00117
 774   0.48405   0.10003   0.10120   0.00117
 775   0.48468   0.09612   0.09729   0.00117
 776   0.48530   0.09221   0.09338   0.00117
 777   0.48593   0.08830   0.08947   0.00117
 778   0.48655   0.08438   0.08555   0.00117
 779   0.48718   0.08047   0.08164   0.00117
 780   0.48780   0.07655   0.07772   0.00117
 781   0.48843   0.07263   0.07380   0.00117
 782   0.48906   0.06871   0.06988   0.00117
 783   0.48968   0.06479   0.06596   0.00117
 784   0.49031   0.06087   0.06204   0.00117
 785   0.49093   0.05695   0.05812   0.00117
 786   0.49156   0.05302   0.05420   0.00117
 787   0.49218   0.04910   0.05027   0.00117
 788   0.49281   0.04517   0.04635   0.00117
 789   0.49343   0.04125   0.04242   0.00117
 790   0.49406   0.03732   0.03850   0.00117
 791   0.49468   0.03339   0.03457   0.00117
 792   0.49531   0.02947   0.03064   0.00118
 793   0.49593   0.02554   0.02671   0.00118
 794   0.49656   0.02161   0.02279   0.00117
 795   0.49719   0.01768   0.01886   0.00117
 796   0.49781   0.01375   0.01493   0.00117
 797   0.49844   0.00982   0.01100   0.00118
 798   0.49906   0.00589   0.00707   0.00118
 799   0.49969   0.00196   0.00314   0.00118
 800   0.50031  -0.00196  -0.00079   0.00118
 801   0.50094  -0.00589  -0.00472   0.00118
 802   0.50156  -0.00982  -0.00865   0.00118
 803   0.50219  -0.01375  -0.01258   0.00118
 804   0.50281  -0.01768  -0.01651   0.00118
 805   0.50344  -0.02161  -0.02043   0.00118
 806   0.50407  -0.02554  -0.02436   0.00118
 807   0.50469  -0.02947  -0.02829   0.00117
 808   0.50532  -0.03339  -0.03222   0.00117
 809   0.50594  -0.03732  -0.03615   0.00117
 810   0.50657  -0.04125  -0.04007   0.00117
 811   0.50719  -0.04517  -0.04400   0.00117
 812   0.50782  -0.04910  -0.04792   0.00117
 813   0.50844  -0.05302  -0.05185   0.00117
 814   0.50907  -0.05695  -0.05577   0.00117
 815   0.50969  -0.06087  -0.05970   0.00117
 816   0.51032  -0.06479  -0.06362   0.00117
 817   0.51094  -0.06871  -0.06754   0.00117
 818   0.51157  -0.07263  -0.07146   0.00117
 819   0.51220  -0.07655  -0.07538   0.00117
 820   0.51282  -0.08047  -0.07929   0.00117
 821   0.51345  -0.08438  -0.08321   0.00117
 822   0.51407  -0.08830  -0.08713   0.00117
 823   0.51470  -0.09221  -0.09104   0.00117
 824   0.51532  -0.09612  -0.09495   0.00117
 825   0.51595  -0.10003  -0.09886   0.00117
 826   0.51657  -0.10394  -0.10277   0.00117
 827   0.51720  -0.10785  -0.10668   0.00117
 828   0.51782  -0.11176  -0.11059   0.00117
 829   0.51845  -0.11566  -0.11449   0.00117
 830   0.51907  -0.11956  -0.11839   0.00117
 831   0.51970  -0.12346  -0.12230   0.00117
 832   0.52033  -0.12736  -0.12620   0.00116
 833   0.52095  -0.13126  -0.13009   0.00116
 834   0.52158  -0.13515  -0.13399   0.00116
 835   0.52220  -0.13904  -0.13788   0.00116
 836   0.52283  -0.14293  -0.14177   0.00116
 837   0.52345  -0.14682  -0.14566   0.00116
 838   0.52408  -0.15071  -0.14955   0.00116
 839   0.52470  -0.15459  -0.15343   0.00116
 840   0.52533  -0.15847  -0.15731   0.00116
 841   0.52595  -0.16235  -0.16119   0.00116
 842   0.52658  -0.16623  -0.16507   0.00116
 843   0.52720  -0.17010  -0.16894   0.00116
 844   0.52783  -0.17397  -0.17281   0.00116
 845   0.52846  -0.17784  -0.17668   0.00116
 846   0.52908  -0.18170  -0.18055   0.00115
 847   0.52971  -0.18557  -0.18441   0.00115
 848   0.53033  -0.18943  -0.18827   0.00115
 849   0.53096  -0.19328  -0.19213   0.00115
 850   0.53158  -0.19714  -0.19599   0.00115
 851   0.53221  -0.20099  -0.19984   0.00115
 852   0.53283  -0.20484  -0.20369   0.00115
 853   0.53346  -0.20868  -0.20753   0.00115
 854   0.53408  -0.21252  -0.21137   0.00115
 855   0.53471  -0.21636  -0.21521   0.00115
 856   0.53533  -0.22019  -0.21905   0.00114
 857   0.53596  -0.22403  -0.22288   0.00114
 858   0.53659  -0.22785  -0.22671   0.00114
 859   0.53721  -0.23168  -0.23054   0.00114
 860   0.53784  -0.23550  -0.23436   0.00114
 861   0.53846  -0.23932  -0.23818   0.00114
 862   0.53909  -0.24313  -0.24199   0.00114
 863   0.53971  -0.24694  -0.24580   0.00114
 864   0.54034  -0.25074  -0.24961   0.00114
 865   0.54096  -0.25455  -0.25341   0.00113
 866   0.54159  -0.25834  -0.25721   0.00113
 867   0.54221  -0.26214  -0.26101   0.00113
 868   0.54284  -0.26593  -0.26480   0.00113
 869   0.54346  -0.26971  -0.26858   0.00113
 870   0.54409  -0.27350  -0.27237   0.00113
 871   0.54472  -0.27727  -0.27615   0.00113
 872   0.54534  -0.28105  -0.27992   0.00113
 873   0.54597  -0.28482  -0.28369   0.00113
 874   0.54659  -0.28858  -0.28746   0.00112
 875   0.54722  -0.29234  -0.29122   0.00112
 876   0.54784  -0.29610  -0.29497   0.00112
 877   0.54847  -0.29985  -0.29873   0.00112
 878   0.54909  -0.30359  -0.30247   0.00112
 879   0.54972  -0.30733  -0.30622   0.00112
 880   0.55034  -0.31107  -0.30996   0.00111
 881   0.55097  -0.31480  -0.31369   0.00111
 882   0.55159  -0.31853  -0.31742   0.00111
 883   0.55222  -0.32225  -0.32114   0.00111
 884   0.55285  -0.32597  -0.32486   0.00111
 885   0.55347  -0.32968  -0.32858   0.00111
 886   0.55410  -0.33339  -0.33228   0.00111
 887   0.55472  -0.33709  -0.33599   0.00110
 888   0.55535  -0.34079  -0.33969   0.00110
 889   0.55597  -0.34448  -0.34338   0.00110
 890   0.55660  -0.34817  -0.34707   0.00110
 891   0.55722  -0.35185  -0.35075   0.00110
 892   0.55785  -0.35552  -0.35443   0.00109
 893   0.55847  -0.35919  -0.35810   0.00109
 894   0.55910  -0.36286  -0.36177   0.00109
 895   0.55972  -0.36652  -0.36543   0.00109
 896   0.56035  -0.37017  -0.36908   0.00109
 897   0.56098  -0.37382  -0.37273   0.00109
 898   0.56160  -0.37746  -0.37637   0.00108
 899   0.56223  -0.38109  -0.38001   0.00108
 900   0.56285  -0.38472  -0.38364   0.00108
 901   0.56348  -0.38835  -0.38727   0.00108
 902   0.56410  -0.39197  -0.39089   0.00108
 903   0.56473  -0.39558  -0.39450   0.00108
 904   0.56535  -0.39918  -0.39811   0.00108
 905   0.56598  -0.40278  -0.40171   0.00108
 906   0.56660  -0.40638  -0.40530   0.00108
 907   0.56723  -0.40996  -0.40889   0.00107
 908   0.56785  -0.41355  -0.41247   0.00107
 909   0.56848  -0.41712  -0.41605   0.00107
 910   0.56911  -0.42069  -0.41962   0.00107
 911   0.56973  -0.42425  -0.42319   0.00106
 912   0.57036  -0.42780  -0.42674   0.00106
 913   0.57098  -0.43135  -0.43030   0.00106
 914   0.57161  -0.43489  -0.43384   0.00106
 915   0.57223  -0.43843  -0.43738   0.00105
 916   0.57286  -0.44196  -0.44091   0.00105
 917   0.57348  -0.44548  -0.44443   0.00105
 918   0.57411  -0.44899  -0.44795   0.00105
 919   0.57473  -0.45250  -0.45146   0.00104
 920   0.57536  -0.45600  -0.45496   0.00104
 921   0.57598  -0.45950  -0.45846   0.00104
 922   0.57661  -0.46298  -0.46195   0.00104
 923   0.57724  -0.46646  -0.46543   0.00103
 924   0.57786  -0.46993  -0.46890   0.00103
 925   0.57849  -0.47340  -0.47237   0.00103
 926   0.57911  -0.47686  -0.47583   0.00103
 927   0.57974  -0.48031  -0.47928   0.00103
 928   0.58036  -0.48375  -0.48273   0.00102
 929   0.58099  -0.48718  -0.48616   0.00102
 930   0.58161  -0.49061  -0.48959   0.00102
 931   0.58224  -0.49403  -0.49302   0.00102
 932   0.58286  -0.49745  -0.49643   0.00101
 933   0.58349  -0.50085  -0.49984   0.00101
 934   0.58412  -0.50425  -0.50324   0.00101
 935   0.58474  -0.50764  -0.50663   0.00101
 936   0.58537  -0.51102  -0.51001   0.00100
 937   0.58599  -0.51439  -0.51339   0.00100
 938   0.58662  -0.51776  -0.51676   0.00100
 939   0.58724  -0.52112  -0.52012   0.00100
 940   0.58787  -0.52447  -0.52347   0.00099
 941   0.58849  -0.52781  -0.52682   0.00099
 942   0.58912  -0.53114  -0.53015   0.00099
 943   0.58974  -0.53447  -0.53348   0.00099
 944   0.59037  -0.53778  -0.53680   0.00098
 945   0.59099  -0.54109  -0.54011   0.00098
 946   0.59162  -0.54439  -0.54341   0.00098
 947   0.59225  -0.54768  -0.54671   0.00098
 948   0.59287  -0.55097  -0.54999   0.00097
 949   0.59350  -0.55424  -0.55327   0.00097
 950   0.59412  -0.55751  -0.55654   0.00097
 951   0.59475  -0.56077  -0.55980   0.00097
 952   0.59537  -0.56402  -0.56305   0.00096
 953   0.59600  -0.56726  -0.56629   0.00096
 954   0.59662  -0.57049  -0.56953   0.00096
 955   0.59725  -0.57371  -0.57275   0.00096
 956   0.59787  -0.57692  -0.57597   0.00095
 957   0.59850  -0.58013  -0.57918   0.00095
 958   0.59912  -0.58333  -0.58238   0.00095
 959   0.59975  -0.58651  -0.58557   0.00095
 960   0.60038  -0.58969  -0.58875   0.00094
 961   0.60100  -0.59286  -0.59192   0.00094
 962   0.60163  -0.59602  -0.59508   0.00094
 963   0.60225  -0.59917  -0.59824   0.00093
 964   0.60288  -0.60231  -0.60138   0.00093
 965   0.60350  -0.60544  -0.60451   0.00093
 966   0.60413  -0.60857  -0.60764   0.00093
 967   0.60475  -0.61168  -0.61076   0.00092
 968   0.60538  -0.61478  -0.61386   0.00092
 969   0.60600  -0.61788  -0.61696   0.00092
 970   0.60663  -0.62096  -0.62005   0.00091
 971   0.60725  -0.62404  -0.62313   0.00091
 972   0.60788  -0.62710  -0.62620   0.00091
 973   0.60851  -0.63016  -0.62925   0.00091
 974   0.60913  -0.63321  -0.63230   0.00090
 975   0.60976  -0.63624  -0.63534   0.00090
 976   0.61038  -0.63927  -0.63837   0.00090
 977   0.61101  -0.64229  -0.64139   0.00089
 978   0.61163  -0.64529  -0.64440   0.00089
 979   0.61226  -0.64829  -0.64740   0.00089
 980   0.61288  -0.65128  -0.65039   0.00088
 981   0.61351  -0.65425  -0.65337   0.00088
 982   0.61413  -0.65722  -0.65634   0.00088
 983   0.61476  -0.66018  -0.65930   0.00088
 984   0.61538  -0.66312  -0.66225   0.00087
 985   0.61601  -0.66606  -0.66519   0.00087
 986   0.61664  -0.66898  -0.66812   0.00087
 987   0.61726  -0.67190  -0.67104   0.00086
 988   0.61789  -0.67481  -0.67394   0.00086
 989   0.61851  -0.67770  -0.67684   0.00086
 990   0.61914  -0.68058  -0.67973   0.00085
 991   0.61976  -0.68346  -0.68261   0.00085
 992   0.62039  -0.68632  -0.68547   0.00085
 993   0.62101  -0.68917  -0.68833   0.00085
 994   0.62164  -0.69202  -0.69117   0.00084
 995   0.62226  -0.69485  -0.69401   0.00084
 996   0.62289  -0.69767  -0.69683   0.00083
 997   0.62351  -0.70048  -0.69965   0.00083
 998   0.62414  -0.70328  -0.70245   0.00083
 999   0.62477  -0.70606  -0.70524   0.00082
1000   0.62539  -0.70884  -0.70802   0.00082
1001   0.62602  -0.71161  -0.71079   0.00082
1002   0.62664  -0.71436  -0.71355   0.00082
1003   0.62727  -0.71711  -0.71629   0.00081
1004   0.62789  -0.71984  -0.71903   0.00081
1005   0.62852  -0.72256  -0.72175   0.00081
1006   0.62914  -0.72527  -0.72447   0.00080
1007   0.62977  -0.72797  -0.72717   0.00080
1008   0.63039  -0.73066  -0.72986   0.00080
1009   0.63102  -0.73334  -0.73255   0.00079
1010   0.63164  -0.73600  -0.73522   0.00079
1011   0.63227  -0.73866  -0.73788   0.00078
1012   0.63290  -0.74130  -0.74052   0.00078
1013   0.63352  -0.74393  -0.74316   0.00077
1014   0.63415  -0.74655  -0.74578   0.00077
1015   0.63477  -0.74916  -0.74840   0.00076
1016   0.63540  -0.75176  -0.75100   0.00076
1017   0.63602  -0.75434  -0.75359   0.00076
1018   0.63665  -0.75692  -0.75616   0.00076
1019   0.63727  -0.75948  -0.75873   0.00075
1020   0.63790  -0.76203  -0.76128   0.00075
1021   0.63852  -0.76457  -0.76382   0.00075
1022   0.63915  -0.76710  -0.76635   0.00075
1023   0.63977  -0.76961  -0.76887   0.00075
1024   0.64040  -0.77211  -0.77137   0.00074
1025   0.64103  -0.77460  -0.77386   0.00074
1026   0.64165  -0.77708  -0.77634   0.00074
1027   0.64228  -0.77955  -0.77881   0.00074
1028   0.64290  -0.78201  -0.78127   0.00073
1029   0.64353  -0.78445  -0.78372   0.00073
1030   0.64415  -0.78688  -0.78615   0.00073
1031   0.64478  -0.78930  -0.78857   0.00073
1032   0.64540  -0.79171  -0.79098   0.00072
1033   0.64603  -0.79410  -0.79338   0.00072
1034   0.64665  -0.79648  -0.79577   0.00071
1035   0.64728  -0.79885  -0.79814   0.00071
1036   0.64790  -0.80121  -0.80050   0.00071
1037   0.64853  -0.80355  -0.80285   0.00070
1038   0.64916  -0.80589  -0.80519   0.00070
1039   0.64978  -0.80821  -0.80751   0.00069
1040   0.65041  -0.81052  -0.80983   0.00069
1041   0.65103  -0.81281  -0.81213   0.00069
1042   0.65166  -0.81509  -0.81441   0.00068
1043   0.65228  -0.81736  -0.81669   0.00068
1044   0.65291  -0.81962  -0.81895   0.00067
1045   0.65353  -0.82187  -0.82120   0.00067
1046   0.65416  -0.82410  -0.82343   0.00067
1047   0.65478  -0.82632  -0.82566   0.00066
1048   0.65541  -0.82852  -0.82787   0.00066
1049   0.65604  -0.83072  -0.83006   0.00065
1050   0.65666  -0.83290  -0.83225   0.00065
1051   0.65729  -0.83507  -0.83442   0.00064
1052   0.65791  -0.83722  -0.83658   0.00064
1053   0.65854  -0.83937  -0.83873   0.00064
1054   0.65916  -0.84149  -0.84086   0.00063
1055   0.65979  -0.84361  -0.84298   0.00063
1056   0.66041  -0.84571  -0.84509   0.00062
1057   0.66104  -0.84780  -0.84719   0.00062
1058   0.66166  -0.84988  -0.84927   0.00061
1059   0.66229  -0.85195  -0.85134   0.00061
1060   0.66291  -0.85400  -0.85339   0.00061
1061   0.66354  -0.85604  -0.85543   0.00060
1062   0.66417  -0.85806  -0.85746   0.00060
1063   0.66479  -0.86007  -0.85948   0.00059
1064   0.66542  -0.86207  -0.86148   0.00059
1065   0.66604  -0.86405  -0.86347   0.00059
1066   0.66667  -0.86603  -0.86544   0.00058
1067   0.66729  -0.86798  -0.86740   0.00058
1068   0.66792  -0.86993  -0.86935   0.00057
1069   0.66854  -0.87186  -0.87129   0.00057
1070   0.66917  -0.87378  -0.87321   0.00057
1071   0.66979  -0.87568  -0.87512   0.00056
1072   0.67042  -0.87757  -0.87701   0.00056
1073   0.67104  -0.87945  -0.87890   0.00055
1074   0.67167  -0.88131  -0.88076   0.00055
1075   0.67230  -0.88316  -0.88262   0.00055
1076   0.67292  -0.88500  -0.88446   0.00054
1077   0.67355  -0.88682  -0.88629   0.00054
1078   0.67417  -0.88863  -0.88810   0.00053
1079   0.67480  -0.89043  -0.88990   0.00053
1080   0.67542  -0.89221  -0.89168   0.00052
1081   0.67605  -0.89398  -0.89346   0.00052
1082   0.67667  -0.89573  -0.89521   0.00052
1083   0.67730  -0.89747  -0.89696   0.00051
1084   0.67792  -0.89920  -0.89869   0.00051
1085   0.67855  -0.90091  -0.90040   0.00050
1086   0.67917  -0.90261  -0.90211   0.00050
1087   0.67980  -0.90429  -0.90380   0.00049
1088   0.68043  -0.90596  -0.90547   0.00049
1089   0.68105  -0.90762  -0.90713   0.00049
1090   0.68168  -0.90926  -0.90878   0.00048
1091   0.68230  -0.91089  -0.91041   0.00048
1092   0.68293  -0.91250  -0.91203   0.00047
1093   0.68355  -0.91410  -0.91363   0.00047
1094   0.68418  -0.91569  -0.91523   0.00046
1095   0.68480  -0.91726  -0.91680   0.00046
1096   0.68543  -0.91882  -0.91836   0.00046
1097   0.68605  -0.92036  -0.91991   0.00045
1098   0.68668  -0.92189  -0.92145   0.00045
1099   0.68730  -0.92341  -0.92297   0.00044
1100   0.68793  -0.92491  -0.92447   0.00044
1101   0.68856  -0.92640  -0.92596   0.00043
1102   0.68918  -0.92787  -0.92744   0.00043
1103   0.68981  -0.92933  -0.92890   0.00043
1104   0.69043  -0.93077  -0.93035   0.00042
1105   0.69106  -0.93220  -0.93178   0.00042
1106   0.69168  -0.93362  -0.93320   0.00042
1107   0.69231  -0.93502  -0.93460   0.00041
1108   0.69293  -0.93640  -0.93599   0.00041
1109   0.69356  -0.93777  -0.93737   0.00040
1110   0.69418  -0.93913  -0.93873   0.00040
1111   0.69481  -0.94047  -0.94008   0.00040
1112   0.69543  -0.94180  -0.94141   0.00039
1113   0.69606  -0.94312  -0.94273   0.00039
1114   0.69669  -0.94442  -0.94403   0.00039
1115   0.69731  -0.94570  -0.94532   0.00038
1116   0.69794  -0.94697  -0.94659   0.00038
1117   0.69856  -0.94822  -0.94785   0.00037
1118   0.69919  -0.94947  -0.94909   0.00037
1119   0.69981  -0.95069  -0.95033   0.00037
1120   0.70044  -0.95190  -0.95154   0.00036
1121   0.70106  -0.95310  -0.95274   0.00036
1122   0.70169  -0.95428  -0.95393   0.00035
1123   0.70231  -0.95545  -0.95510   0.00035
1124   0.70294  -0.95660  -0.95626   0.00034
1125   0.70356  -0.95774  -0.95740   0.00034
1126   0.70419  -0.95886  -0.95853   0.00034
1127   0.70482  -0.95997  -0.95964   0.00033
1128   0.70544  -0.96106  -0.96074   0.00033
1129   0.70607  -0.96214  -0.96182   0.00032
1130   0.70669  -0.96320  -0.96289   0.00032
1131   0.70732  -0.96425  -0.96394   0.00031
1132   0.70794  -0.96529  -0.96498   0.00031
1133   0.70857  -0.96631  -0.96600   0.00030
1134   0.70919  -0.96731  -0.96701   0.00030
1135   0.70982  -0.96830  -0.96800   0.00030
1136   0.71044  -0.96927  -0.96898   0.00029
1137   0.71107  -0.97023  -0.96995   0.00029
1138   0.71169  -0.97118  -0.97089   0.00028
1139   0.71232  -0.97211  -0.97183   0.00028
1140   0.71295  -0.97302  -0.97275   0.00027
1141   0.71357  -0.97392  -0.97365   0.00027
1142   0.71420  -0.97480  -0.97454   0.00026
1143   0.71482  -0.97567  -0.97541   0.00026
1144   0.71545  -0.97653  -0.97627   0.00025
1145   0.71607  -0.97736  -0.97711   0.00025
1146   0.71670  -0.97819  -0.97794   0.00025
1147   0.71732  -0.97900  -0.97876   0.00024
1148   0.71795  -0.97979  -0.97955   0.00024
1149   0.71857  -0.98057  -0.98034   0.00023
1150   0.71920  -0.98133  -0.98110   0.00023
1151   0.71982  -0.98208  -0.98186   0.00022
1152   0.72045  -0.98281  -0.98260   0.00022
1153   0.72108  -0.98353  -0.98332   0.00021
1154   0.72170  -0.98423  -0.98402   0.00021
1155   0.72233  -0.98492  -0.98472   0.00020
1156   0.72295  -0.98559  -0.98539   0.00020
1157   0.72358  -0.98625  -0.98606   0.00020
1158   0.72420  -0.98689  -0.98670   0.00019
1159   0.72483  -0.98752  -0.98733   0.00019
1160   0.72545  -0.98813  -0.98795   0.00018
1161   0.72608  -0.98873  -0.98855   0.00018
1162   0.72670  -0.98931  -0.98913   0.00017
1163   0.72733  -0.98987  -0.98970   0.00017
1164   0.72795  -0.99042  -0.99026   0.00016
1165   0.72858  -0.99096  -0.99080   0.00016
1166   0.72921  -0.99148  -0.99132   0.00015
1167   0.72983  -0.99198  -0.99183   0.00015
1168   0.73046  -0.99247  -0.99232   0.00015
1169   0.73108  -0.99294  -0.99280   0.00014
1170   0.73171  -0.99340  -0.99327   0.00014
1171   0.73233  -0.99385  -0.99371   0.00013
1172   0.73296  -0.99427  -0.99415   0.00013
1173   0.73358  -0.99468  -0.99456   0.00012
1174   0.73421  -0.99508  -0.99496   0.00012
1175   0.73483  -0.99546  -0.99535   0.00011
1176   0.73546  -0.99583  -0.99572   0.00011
1177   0.73609  -0.99618  -0.99608   0.00010
1178   0.73671  -0.99652  -0.99642   0.00010
1179   0.73734  -0.99684  -0.99674   0.00009
1180   0.73796  -0.99714  -0.99705   0.00009
1181   0.73859  -0.99743  -0.99734   0.00009
1182   0.73921  -0.99770  -0.99762   0.00008
1183   0.73984  -0.99796  -0.99789   0.00008
1184   0.74046  -0.99821  -0.99813   0.00007
1185   0.74109  -0.99843  -0.99837   0.00007
1186   0.74171  -0.99864  -0.99858   0.00006
1187   0.74234  -0.99884  -0.99878   0.00006
1188   0.74296  -0.99902  -0.99897   0.00005
1189   0.74359  -0.99919  -0.99914   0.00005
1190   0.74422  -0.99934  -0.99930   0.00004
1191   0.74484  -0.99947  -0.99944   0.00004
1192   0.74547  -0.99959  -0.99956   0.00003
1193   0.74609  -0.99970  -0.99967   0.00003
1194   0.74672  -0.99979  -0.99976   0.00003
1195   0.74734  -0.99986  -0.99984   0.00002
1196   0.74797  -0.99992  -0.99990   0.00002
1197   0.74859  -0.99996  -0.99995   0.00001
1198   0.74922  -0.99999  -0.99998   0.00001
1199   0.74984  -1.00000  -1.00000   0.00000
1200   0.75047  -1.00000  -1.00000   0.00000
1201   0.75109  -0.99998  -0.99998   0.00001
1202   0.75172  -0.99994  -0.99995   0.00001
1203   0.75235  -0.99989  -0.99991   0.00002
1204   0.75297  -0.99983  -0.99985   0.00002
1205   0.75360  -0.99974  -0.99977   0.00002
1206   0.75422  -0.99965  -0.99968   0.00003
1207   0.75485  -0.99954  -0.99957   0.00003
1208   0.75547  -0.99941  -0.99944   0.00004
1209   0.75610  -0.99927  -0.99931   0.00004
1210   0.75672  -0.99911  -0.99915   0.00004
1211   0.75735  -0.99893  -0.99898   0.00005
1212   0.75797  -0.99875  -0.99880   0.00005
1213   0.75860  -0.99854  -0.99860   0.00006
1214   0.75922  -0.99832  -0.99838   0.00006
1215   0.75985  -0.99809  -0.99815   0.00006
1216   0.76048  -0.99783  -0.99790   0.00007
1217   0.76110  -0.99757  -0.99764   0.00007
1218   0.76173  -0.99729  -0.99737   0.00008
1219   0.76235  -0.99699  -0.99707   0.00008
1220   0.76298  -0.99668  -0.99677   0.00009
1221   0.76360  -0.99635  -0.99644   0.00009
1222   0.76423  -0.99601  -0.99610   0.00010
1223   0.76485  -0.99565  -0.99575   0.00010
1224   0.76548  -0.99527  -0.99538   0.00011
1225   0.76610  -0.99489  -0.99500   0.00011
1226   0.76673  -0.99448  -0.99460   0.00012
1227   0.76735  -0.99406  -0.99418   0.00012
1228   0.76798  -0.99363  -0.99375   0.00013
1229   0.76861  -0.99317  -0.99331   0.00013
1230   0.76923  -0.99271  -0.99285   0.00014
1231   0.76986  -0.99223  -0.99237   0.00014
1232   0.77048  -0.99173  -0.99188   0.00015
1233   0.77111  -0.99122  -0.99137   0.00015
1234   0.77173  -0.99069  -0.99085   0.00016
1235   0.77236  -0.99015  -0.99031   0.00016
1236   0.77298  -0.98959  -0.98976   0.00017
1237   0.77361  -0.98902  -0.98919   0.00017
1238   0.77423  -0.98843  -0.98861   0.00018
1239   0.77486  -0.98783  -0.98801   0.00018
1240   0.77548  -0.98721  -0.98739   0.00019
1241   0.77611  -0.98657  -0.98677   0.00019
1242   0.77674  -0.98592  -0.98612   0.00020
1243   0.77736  -0.98526  -0.98546   0.00020
1244   0.77799  -0.98458  -0.98478   0.00021
1245   0.77861  -0.98388  -0.98409   0.00021
1246   0.77924  -0.98317  -0.98339   0.00021
1247   0.77986  -0.98245  -0.98267   0.00022
1248   0.78049  -0.98171  -0.98193   0.00022
1249   0.78111  -0.98095  -0.98118   0.00023
1250   0.78174  -0.98018  -0.98041   0.00023
1251   0.78236  -0.97940  -0.97963   0.00024
1252   0.78299  -0.97859  -0.97884   0.00024
1253   0.78361  -0.97778  -0.97802   0.00025
1254   0.78424  -0.97695  -0.97720   0.00025
1255   0.78487  -0.97610  -0.97636   0.00025
1256   0.78549  -0.97524  -0.97550   0.00026
1257   0.78612  -0.97436  -0.97463   0.00026
1258   0.78674  -0.97347  -0.97374   0.00027
1259   0.78737  -0.97256  -0.97284   0.00027
1260   0.78799  -0.97164  -0.97192   0.00028
1261   0.78862  -0.97071  -0.97099   0.00028
1262   0.78924  -0.96975  -0.97004   0.00028
1263   0.78987  -0.96879  -0.96908   0.00029
1264   0.79049  -0.96781  -0.96810   0.00029
1265   0.79112  -0.96681  -0.96711   0.00030
1266   0.79174  -0.96580  -0.96610   0.00030
1267   0.79237  -0.96477  -0.96508   0.00031
1268   0.79300  -0.96373  -0.96404   0.00031
1269   0.79362  -0.96267  -0.96299   0.00032
1270   0.79425  -0.96160  -0.96192   0.00032
1271   0.79487  -0.96052  -0.96084   0.00032
1272   0.79550  -0.95942  -0.95975   0.00033
1273   0.79612  -0.95830  -0.95864   0.00033
1274   0.79675  -0.95717  -0.95751   0.00034
1275   0.79737  -0.95603  -0.95637   0.00034
1276   0.79800  -0.95487  -0.95521   0.00035
1277   0.79862  -0.95369  -0.95404   0.00035
1278   0.79925  -0.95250  -0.95286   0.00035
1279   0.79987  -0.95130  -0.95166   0.00036
1280   0.80050  -0.95008  -0.95044   0.00036
1281   0.80113  -0.94885  -0.94921   0.00037
1282   0.80175  -0.94760  -0.94797   0.00037
1283   0.80238  -0.94634  -0.94671   0.00037
1284   0.80300  -0.94506  -0.94544   0.00038
1285   0.80363  -0.94377  -0.94415   0.00038
1286   0.80425  -0.94246  -0.94285   0.00039
1287   0.80488  -0.94114  -0.94153   0.00039
1288   0.80550  -0.93980  -0.94020   0.00040
1289   0.80613  -0.93845  -0.93885   0.00040
1290   0.80675  -0.93709  -0.93749   0.00040
1291   0.80738  -0.93571  -0.93612   0.00041
1292   0.80800  -0.93432  -0.93473   0.00041
1293   0.80863  -0.93291  -0.93333   0.00042
1294   0.80926  -0.93149  -0.93191   0.00042
1295   0.80988  -0.93005  -0.93048   0.00042
1296   0.81051  -0.92860  -0.92903   0.00043
1297   0.81113  -0.92713  -0.92757   0.00043
1298   0.81176  -0.92566  -0.92609   0.00044
1299   0.81238  -0.92416  -0.92460   0.00044
1300   0.81301  -0.92265  -0.92310   0.00045
1301   0.81363  -0.92113  -0.92158   0.00045
1302   0.81426  -0.91959  -0.92005   0.00045
1303   0.81488  -0.91804  -0.91850   0.00046
1304   0.81551  -0.91648  -0.91694   0.00046
1305   0.81614  -0.91490  -0.91536   0.00047
1306   0.81676  -0.91331  -0.91378   0.00047
1307   0.81739  -0.91170  -0.91217   0.00047
1308   0.81801  -0.91008  -0.91055   0.00048
1309   0.81864  -0.90844  -0.90892   0.00048
1310   0.81926  -0.90679  -0.90728   0.00049
1311   0.81989  -0.90513  -0.90562   0.00049
1312   0.82051  -0.90345  -0.90395   0.00049
1313   0.82114  -0.90176  -0.90226   0.00050
1314   0.82176  -0.90005  -0.90056   0.00050
1315   0.82239  -0.89833  -0.89884   0.00051
1316   0.82301  -0.89660  -0.89711   0.00051
1317   0.82364  -0.89485  -0.89537   0.00052
1318   0.82427  -0.89309  -0.89361   0.00052
1319   0.82489  -0.89132  -0.89184   0.00052
1320   0.82552  -0.88953  -0.89006   0.00053
1321   0.82614  -0.88773  -0.88826   0.00053
1322   0.82677  -0.88591  -0.88645   0.00054
1323   0.82739  -0.88408  -0.88462   0.00054
1324   0.82802  -0.88224  -0.88278   0.00054
1325   0.82864  -0.88038  -0.88093   0.00055
1326   0.82927  -0.87851  -0.87906   0.00055
1327   0.82989  -0.87663  -0.87718   0.00056
1328   0.83052  -0.87473  -0.87529   0.00056
1329   0.83114  -0.87282  -0.87338   0.00056
1330   0.83177  -0.87090  -0.87146   0.00057
1331   0.83240  -0.86896  -0.86953   0.00057
1332   0.83302  -0.86701  -0.86758   0.00058
1333   0.83365  -0.86504  -0.86562   0.00058
1334   0.83427  -0.86306  -0.86365   0.00058
1335   0.83490  -0.86107  -0.86166   0.00059
1336   0.83552  -0.85907  -0.85966   0.00059
1337   0.83615  -0.85705  -0.85765   0.00060
1338   0.83677  -0.85502  -0.85562   0.00060
1339   0.83740  -0.85297  -0.85358   0.00060
1340   0.83802  -0.85092  -0.85152   0.00061
1341   0.83865  -0.84885  -0.84946   0.00061
1342   0.83927  -0.84676  -0.84738   0.00062
1343   0.83990  -0.84466  -0.84528   0.00062
1344   0.84053  -0.84255  -0.84318   0.00062
1345   0.84115  -0.84043  -0.84106   0.00063
1346   0.84178  -0.83830  -0.83893   0.00063
1347   0.84240  -0.83615  -0.83678   0.00064
1348   0.84303  -0.83399  -0.83462   0.00064
1349   0.84365  -0.83181  -0.83245   0.00064
1350   0.84428  -0.82962  -0.83027   0.00065
1351   0.84490  -0.82742  -0.82807   0.00065
1352   0.84553  -0.82521  -0.82587   0.00066
1353   0.84615  -0.82298  -0.82364   0.00066
1354   0.84678  -0.82075  -0.82141   0.00066
1355   0.84740  -0.81849  -0.81916   0.00067
1356   0.84803  -0.81623  -0.81690   0.00067
1357   0.84866  -0.81395  -0.81463   0.00068
1358   0.84928  -0.81166  -0.81234   0.00068
1359   0.84991  -0.80936  -0.81005   0.00068
1360   0.85053  -0.80705  -0.80774   0.00069
1361   0.85116  -0.80472  -0.80541   0.00069
1362   0.85178  -0.80238  -0.80308   0.00069
1363   0.85241  -0.80003  -0.80073   0.00069
1364   0.85303  -0.79767  -0.79837   0.00070
1365   0.85366  -0.79529  -0.79599   0.00070
1366   0.85428  -0.79290  -0.79361   0.00070
1367   0.85491  -0.79050  -0.79121   0.00071
1368   0.85553  -0.78809  -0.78880   0.00071
1369   0.85616  -0.78567  -0.78638   0.00071
1370   0.85679  -0.78323  -0.78395   0.00072
1371   0.85741  -0.78078  -0.78150   0.00072
1372   0.85804  -0.77832  -0.77905   0.00073
1373   0.85866  -0.77585  -0.77658   0.00073
1374   0.85929  -0.77336  -0.77410   0.00074
1375   0.85991  -0.77086  -0.77161   0.00074
1376   0.86054  -0.76835  -0.76910   0.00075
1377   0.86116  -0.76583  -0.76659   0.00075
1378   0.86179  -0.76330  -0.76406   0.00076
1379   0.86241  -0.76076  -0.76152   0.00076
1380   0.86304  -0.75820  -0.75897   0.00076
1381   0.86366  -0.75563  -0.75640   0.00077
1382   0.86429  -0.75305  -0.75383   0.00077
1383   0.86492  -0.75046  -0.75124   0.00078
1384   0.86554  -0.74786  -0.74864   0.00078
1385   0.86617  -0.74524  -0.74603   0.00078
1386   0.86679  -0.74262  -0.74340   0.00079
1387   0.86742  -0.73998  -0.74077   0.00079
1388   0.86804  -0.73733  -0.73812   0.00079
1389   0.86867  -0.73467  -0.73547   0.00079
1390   0.86929  -0.73200  -0.73280   0.00080
1391   0.86992  -0.72932  -0.73012   0.00080
1392   0.87054  -0.72662  -0.72743   0.00081
1393   0.87117  -0.72392  -0.72473   0.00081
1394   0.87179  -0.72120  -0.72201   0.00081
1395   0.87242  -0.71847  -0.71929   0.00082
1396   0.87305  -0.71574  -0.71655   0.00082
1397   0.87367  -0.71299  -0.71381   0.00082
1398   0.87430  -0.71023  -0.71105   0.00082
1399   0.87492  -0.70745  -0.70828   0.00083
1400   0.87555  -0.70467  -0.70550   0.00083
1401   0.87617  -0.70188  -0.70271   0.00083
1402   0.87680  -0.69907  -0.69991   0.00084
1403   0.87742  -0.69626  -0.69710   0.00084
1404   0.87805  -0.69343  -0.69427   0.00084
1405   0.87867  -0.69060  -0.69144   0.00084
1406   0.87930  -0.68775  -0.68860   0.00085
1407   0.87992  -0.68489  -0.68574   0.00085
1408   0.88055  -0.68202  -0.68288   0.00085
1409   0.88118  -0.67914  -0.68000   0.00086
1410   0.88180  -0.67625  -0.67711   0.00086
1411   0.88243  -0.67335  -0.67422   0.00086
1412   0.88305  -0.67044  -0.67131   0.00087
1413   0.88368  -0.66752  -0.66839   0.00087
1414   0.88430  -0.66459  -0.66546   0.00087
1415   0.88493  -0.66165  -0.66253   0.00087
1416   0.88555  -0.65870  -0.65958   0.00088
1417   0.88618  -0.65574  -0.65662   0.00088
1418   0.88680  -0.65277  -0.65365   0.00088
1419   0.88743  -0.64978  -0.65067   0.00089
1420   0.88806  -0.64679  -0.64768   0.00089
1421   0.88868  -0.64379  -0.64468   0.00089
1422   0.88931  -0.64078  -0.64167   0.00090
1423   0.88993  -0.63776  -0.63866   0.00090
1424   0.89056  -0.63473  -0.63563   0.00090
1425   0.89118  -0.63168  -0.63259   0.00090
1426   0.89181  -0.62863  -0.62954   0.00091
1427   0.89243  -0.62557  -0.62648   0.00091
1428   0.89306  -0.62250  -0.62341   0.00091
1429   0.89368  -0.61942  -0.62034   0.00092
1430   0.89431  -0.61633  -0.61725   0.00092
1431   0.89493  -0.61323  -0.61415   0.00092
1432   0.89556  -0.61012  -0.61105   0.00092
1433   0.89619  -0.60701  -0.60793   0.00093
1434   0.89681  -0.60388  -0.60481   0.00093
1435   0.89744  -0.60074  -0.60168   0.00093
1436   0.89806  -0.59760  -0.59853   0.00094
1437   0.89869  -0.59444  -0.59538   0.00094
1438   0.89931  -0.59128  -0.59222   0.00094
1439   0.89994  -0.58810  -0.58905   0.00094
1440   0.90056  -0.58492  -0.58587   0.00095
1441   0.90119  -0.58173  -0.58268   0.00095
1442   0.90181  -0.57853  -0.57948   0.00095
1443   0.90244  -0.57532  -0.57627   0.00096
1444   0.90306  -0.57210  -0.57306   0.00096
1445   0.90369  -0.56887  -0.56983   0.00096
1446   0.90432  -0.56564  -0.56660   0.00096
1447   0.90494  -0.56239  -0.56336   0.00097
1448   0.90557  -0.55914  -0.56011   0.00097
1449   0.90619  -0.55588  -0.55685   0.00097
1450   0.90682  -0.55261  -0.55358   0.00097
1451   0.90744  -0.54933  -0.55030   0.00098
1452   0.90807  -0.54604  -0.54702   0.00098
1453   0.90869  -0.54274  -0.54372   0.00098
1454   0.90932  -0.53944  -0.54042   0.00098
1455   0.90994  -0.53613  -0.53711   0.00098
1456   0.91057  -0.53280  -0.53379   0.00099
1457   0.91119  -0.52948  -0.53046   0.00099
1458   0.91182  -0.52614  -0.52713   0.00099
1459   0.91245  -0.52279  -0.52379   0.00099
1460   0.91307  -0.51944  -0.52044   0.00100
1461   0.91370  -0.51608  -0.51708   0.00100
1462   0.91432  -0.51271  -0.51371   0.00100
1463   0.91495  -0.50933  -0.51034   0.00101
1464   0.91557  -0.50594  -0.50695   0.00101
1465   0.91620  -0.50255  -0.50356   0.00101
1466   0.91682  -0.49915  -0.50016   0.00102
1467   0.91745  -0.49574  -0.49676   0.00102
1468   0.91807  -0.49232  -0.49334   0.00102
1469   0.91870  -0.48890  -0.48992   0.00102
1470   0.91932  -0.48547  -0.48649   0.00102
1471   0.91995  -0.48203  -0.48306   0.00103
1472   0.92058  -0.47858  -0.47961   0.00103
1473   0.92120  -0.47513  -0.47616   0.00103
1474   0.92183  -0.47167  -0.47270   0.00103
1475   0.92245  -0.46820  -0.46924   0.00104
1476   0.92308  -0.46472  -0.46576   0.00104
1477   0.92370  -0.46124  -0.46228   0.00104
1478   0.92433  -0.45775  -0.45879   0.00104
1479   0.92495  -0.45425  -0.45530   0.00104
1480   0.92558  -0.45075  -0.45180   0.00105
1481   0.92620  -0.44724  -0.44829   0.00105
1482   0.92683  -0.44372  -0.44477   0.00105
1483   0.92745  -0.44020  -0.44125   0.00105
1484   0.92808  -0.43666  -0.43772   0.00105
1485   0.92871  -0.43313  -0.43418   0.00106
1486   0.92933  -0.42958  -0.43064   0.00106
1487   0.92996  -0.42603  -0.42709   0.00106
1488   0.93058  -0.42247  -0.42353   0.00106
1489   0.93121  -0.41891  -0.41997   0.00106
1490   0.93183  -0.41533  -0.41640   0.00107
1491   0.93246  -0.41176  -0.41282   0.00107
1492   0.93308  -0.40817  -0.40924   0.00107
1493   0.93371  -0.40458  -0.40565   0.00107
1494   0.93433  -0.40099  -0.40206   0.00107
1495   0.93496  -0.39738  -0.39846   0.00108
1496   0.93558  -0.39377  -0.39485   0.00108
1497   0.93621  -0.39016  -0.39124   0.00108
1498   0.93684  -0.38654  -0.38762   0.00108
1499   0.93746  -0.38291  -0.38399   0.00108
1500   0.93809  -0.37928  -0.38036   0.00109
1501   0.93871  -0.37564  -0.37673   0.00109
1502   0.93934  -0.37199  -0.37308   0.00109
1503   0.93996  -0.36834  -0.36943   0.00109
1504   0.94059  -0.36469  -0.36578   0.00109
1505   0.94121  -0.36103  -0.36212   0.00109
1506   0.94184  -0.35736  -0.35845   0.00110
1507   0.94246  -0.35369  -0.35478   0.00110
1508   0.94309  -0.35001  -0.35111   0.00110
1509   0.94371  -0.34632  -0.34742   0.00110
1510   0.94434  -0.34264  -0.34374   0.00110
1511   0.94497  -0.33894  -0.34004   0.00110
1512   0.94559  -0.33524  -0.33635   0.00111
1513   0.94622  -0.33154  -0.33264   0.00111
1514   0.94684  -0.32783  -0.32894   0.00111
1515   0.94747  -0.32411  -0.32522   0.00111
1516   0.94809  -0.32039  -0.32150   0.00111
1517   0.94872  -0.31667  -0.31778   0.00111
1518   0.94934  -0.31294  -0.31405   0.00111
1519   0.94997  -0.30920  -0.31032   0.00112
1520   0.95059  -0.30546  -0.30658   0.00112
1521   0.95122  -0.30172  -0.30284   0.00112
1522   0.95184  -0.29797  -0.29909   0.00112
1523   0.95247  -0.29422  -0.29534   0.00112
1524   0.95310  -0.29046  -0.29158   0.00112
1525   0.95372  -0.28670  -0.28782   0.00112
1526   0.95435  -0.28293  -0.28406   0.00112
1527   0.95497  -0.27916  -0.28029   0.00113
1528   0.95560  -0.27539  -0.27651   0.00113
1529   0.95622  -0.27161  -0.27273   0.00113
1530   0.95685  -0.26782  -0.26895   0.00113
1531   0.95747  -0.26403  -0.26517   0.00113
1532   0.95810  -0.26024  -0.26138   0.00113
1533   0.95872  -0.25645  -0.25758   0.00114
1534   0.95935  -0.25265  -0.25378   0.00114
1535   0.95997  -0.24884  -0.24998   0.00114
1536   0.96060  -0.24503  -0.24617   0.00114
1537   0.96123  -0.24122  -0.24236   0.00114
1538   0.96185  -0.23741  -0.23855   0.00114
1539   0.96248  -0.23359  -0.23473   0.00114
1540   0.96310  -0.22977  -0.23091   0.00114
1541   0.96373  -0.22594  -0.22709   0.00115
1542   0.96435  -0.22211  -0.22326   0.00115
1543   0.96498  -0.21828  -0.21942   0.00115
1544   0.96560  -0.21444  -0.21559   0.00115
1545   0.96623  -0.21060  -0.21175   0.00115
1546   0.96685  -0.20676  -0.20791   0.00115
1547   0.96748  -0.20291  -0.20406   0.00115
1548   0.96811  -0.19906  -0.20022   0.00115
1549   0.96873  -0.19521  -0.19636   0.00115
1550   0.96936  -0.19136  -0.19251   0.00115
1551   0.96998  -0.18750  -0.18865   0.00115
1552   0.97061  -0.18364  -0.18479   0.00116
1553   0.97123  -0.17977  -0.18093   0.00116
1554   0.97186  -0.17591  -0.17706   0.00116
1555   0.97248  -0.17204  -0.17319   0.00116
1556   0.97311  -0.16816  -0.16932   0.00116
1557   0.97373  -0.16429  -0.16545   0.00116
1558   0.97436  -0.16041  -0.16157   0.00116
1559   0.97498  -0.15653  -0.15769   0.00116
1560   0.97561  -0.15265  -0.15381   0.00116
1561   0.97624  -0.14877  -0.14993   0.00116
1562   0.97686  -0.14488  -0.14604   0.00116
1563   0.97749  -0.14099  -0.14215   0.00116
1564   0.97811  -0.13710  -0.13826   0.00116
1565   0.97874  -0.13320  -0.13437   0.00116
1566   0.97936  -0.12931  -0.13047   0.00117
1567   0.97999  -0.12541  -0.12658   0.00117
1568   0.98061  -0.12151  -0.12268   0.00117
1569   0.98124  -0.11761  -0.11878   0.00117
1570   0.98186  -0.11371  -0.11488   0.00117
1571   0.98249  -0.10980  -0.11097   0.00117
1572   0.98311  -0.10590  -0.10706   0.00117
1573   0.98374  -0.10199  -0.10316   0.00117
1574   0.98437  -0.09808  -0.09925   0.00117
1575   0.98499  -0.09417  -0.09534   0.00117
1576   0.98562  -0.09025  -0.09142   0.00117
1577   0.98624  -0.08634  -0.08751   0.00117
1578   0.98687  -0.08242  -0.08360   0.00117
1579   0.98749  -0.07851  -0.07968   0.00117
1580   0.98812  -0.07459  -0.07576   0.00117
1581   0.98874  -0.07067  -0.07184   0.00117
1582   0.98937  -0.06675  -0.06792   0.00117
1583   0.98999  -0.06283  -0.06400   0.00117
1584   0.99062  -0.05891  -0.06008   0.00117
1585   0.99124  -0.05498  -0.05616   0.00117
1586   0.99187  -0.05106  -0.05223   0.00117
1587   0.99250  -0.04714  -0.04831   0.00117
1588   0.99312  -0.04321  -0.04438   0.00117
1589   0.99375  -0.03928  -0.04046   0.00117
1590   0.99437  -0.03536  -0.03653   0.00117
1591   0.99500  -0.03143  -0.03261   0.00117
1592   0.99562  -0.02750  -0.02868   0.00117
1593   0.99625  -0.02357  -0.02475   0.00118
1594   0.99687  -0.01965  -0.02082   0.00118
1595   0.99750  -0.01572  -0.01689   0.00118
1596   0.99812  -0.01179  -0.01296   0.00118
1597   0.99875  -0.00786  -0.00903   0.00118
1598   0.99937  -0.00393  -0.00510   0.00118
1599   1.00000  -0.00000  -0.00118   0.00118
 
