 i       X     FEXACT   FI_LAXF   ERR_LAXF
   0   0.00000   0.00000  -0.00118   0.00118
   1   0.00063   0.00393   0.00274   0.00119
   2   0.00125   0.00786   0.00666   0.00120
   3   0.00188   0.01179   0.01058   0.00121
   4   0.00250   0.01572   0.01449   0.00122
   5   0.00313   0.01965   0.01841   0.00123
   6   0.00375   0.02357   0.02233   0.00124
   7   0.00438   0.02750   0.02625   0.00125
   8   0.00500   0.03143   0.03017   0.00126
   9   0.00563   0.03536   0.03408   0.00127
  10   0.00625   0.03928   0.03800   0.00128
  11   0.00688   0.04321   0.04192   0.00129
  12   0.00750   0.04714   0.04583   0.00130
  13   0.00813   0.05106   0.04975   0.00131
  14   0.00876   0.05498   0.05366   0.00132
  15   0.00938   0.05891   0.05757   0.00133
  16   0.01001   0.06283   0.06149   0.00134
  17   0.01063   0.06675   0.06540   0.00135
  18   0.01126   0.07067   0.06931   0.00136
  19   0.01188   0.07459   0.07322   0.00137
  20   0.01251   0.07851   0.07713   0.00138
  21   0.01313   0.08242   0.08103   0.00139
  22   0.01376   0.08634   0.08494   0.00140
  23   0.01438   0.09025   0.08884   0.00141
  24   0.01501   0.09417   0.09275   0.00142
  25   0.01563   0.09808   0.09665   0.00143
  26   0.01626   0.10199   0.10055   0.00144
  27   0.01689   0.10590   0.10445   0.00145
  28   0.01751   0.10980   0.10834   0.00146
  29   0.01814   0.11371   0.11224   0.00147
  30   0.01876   0.11761   0.11613   0.00148
  31   0.01939   0.12151   0.12002   0.00149
  32   0.02001   0.12541   0.12391   0.00150
  33   0.02064   0.12931   0.12780   0.00151
  34   0.02126   0.13320   0.13169   0.00152
  35   0.02189   0.13710   0.13557   0.00153
  36   0.02251   0.14099   0.13945   0.00154
  37   0.02314   0.14488   0.14333   0.00155
  38   0.02376   0.14876   0.14721   0.00156
  39   0.02439   0.15265   0.15108   0.00157
  40   0.02502   0.15653   0.15496   0.00157
  41   0.02564   0.16041   0.15883   0.00158
  42   0.02627   0.16429   0.16270   0.00159
  43   0.02689   0.16816   0.16656   0.00160
  44   0.02752   0.17204   0.17042   0.00161
  45   0.02814   0.17590   0.17428   0.00162
  46   0.02877   0.17977   0.17814   0.00163
  47   0.02939   0.18364   0.18200   0.00164
  48   0.03002   0.18750   0.18585   0.00165
  49   0.03064   0.19136   0.18970   0.00166
  50   0.03127   0.19521   0.19354   0.00167
  51   0.03189   0.19906   0.19739   0.00168
  52   0.03252   0.20291   0.20123   0.00168
  53   0.03315   0.20676   0.20506   0.00169
  54   0.03377   0.21060   0.20890   0.00170
  55   0.03440   0.21444   0.21273   0.00171
  56   0.03502   0.21828   0.21656   0.00172
  57   0.03565   0.22211   0.22038   0.00173
  58   0.03627   0.22594   0.22420   0.00174
  59   0.03690   0.22977   0.22802   0.00175
  60   0.03752   0.23359   0.23183   0.00176
  61   0.03815   0.23741   0.23564   0.00177
  62   0.03877   0.24122   0.23945   0.00177
  63   0.03940   0.24503   0.24325   0.00178
  64   0.04003   0.24884   0.24705   0.00179
  65   0.04065   0.25265   0.25084   0.00180
  66   0.04128   0.25645   0.25464   0.00181
  67   0.04190   0.26024   0.25842   0.00182
  68   0.04253   0.26403   0.26221   0.00183
  69   0.04315   0.26782   0.26599   0.00184
  70   0.04378   0.27161   0.26976   0.00184
  71   0.04440   0.27539   0.27353   0.00185
  72   0.04503   0.27916   0.27730   0.00186
  73   0.04565   0.28293   0.28106   0.00187
  74   0.04628   0.28670   0.28482   0.00188
  75   0.04690   0.29046   0.28857   0.00189
  76   0.04753   0.29422   0.29232   0.00190
  77   0.04816   0.29797   0.29607   0.00190
  78   0.04878   0.30172   0.29981   0.00191
  79   0.04941   0.30546   0.30354   0.00192
  80   0.05003   0.30920   0.30728   0.00193
  81   0.05066   0.31294   0.31100   0.00194
  82   0.05128   0.31667   0.31472   0.00194
  83   0.05191   0.32039   0.31844   0.00195
  84   0.05253   0.32411   0.32215   0.00196
  85   0.05316   0.32783   0.32586   0.00197
  86   0.05378   0.33154   0.32956   0.00198
  87   0.05441   0.33524   0.33326   0.00199
  88   0.05503   0.33894   0.33695   0.00199
  89   0.05566   0.34264   0.34063   0.00200
  90   0.05629   0.34632   0.34432   0.00201
  91   0.05691   0.35001   0.34799   0.00202
  92   0.05754   0.35369   0.35166   0.00202
  93   0.05816   0.35736   0.35533   0.00203
  94   0.05879   0.36103   0.35899   0.00204
  95   0.05941   0.36469   0.36264   0.00205
  96   0.06004   0.36834   0.36629   0.00206
  97   0.06066   0.37199   0.36993   0.00206
  98   0.06129   0.37564   0.37357   0.00207
  99   0.06191   0.37928   0.37720   0.00208
 100   0.06254   0.38291   0.38082   0.00209
 101   0.06316   0.38654   0.38444   0.00209
 102   0.06379   0.39016   0.38806   0.00210
 103   0.06442   0.39377   0.39166   0.00211
 104   0.06504   0.39738   0.39526   0.00212
 105   0.06567   0.40098   0.39886   0.00212
 106   0.06629   0.40458   0.40245   0.00213
 107   0.06692   0.40817   0.40603   0.00214
 108   0.06754   0.41176   0.40961   0.00215
 109   0.06817   0.41533   0.41318   0.00215
 110   0.06879   0.41890   0.41674   0.00216
 111   0.06942   0.42247   0.42030   0.00217
 112   0.07004   0.42603   0.42385   0.00218
 113   0.07067   0.42958   0.42740   0.00218
 114   0.07129   0.43312   0.43093   0.00219
 115   0.07192   0.43666   0.43447   0.00220
 116   0.07255   0.44019   0.43799   0.00221
 117   0.07317   0.44372   0.44151   0.00221
 118   0.07380   0.44724   0.44502   0.00222
 119   0.07442   0.45075   0.44852   0.00223
 120   0.07505   0.45425   0.45202   0.00223
 121   0.07567   0.45775   0.45551   0.00224
 122   0.07630   0.46124   0.45899   0.00225
 123   0.07692   0.46472   0.46247   0.00225
 124   0.07755   0.46820   0.46594   0.00226
 125   0.07817   0.47167   0.46940   0.00227
 126   0.07880   0.47513   0.47285   0.00228
 127   0.07942   0.47858   0.47630   0.00228
 128   0.08005   0.48203   0.47974   0.00229
 129   0.08068   0.48547   0.48317   0.00230
 130   0.08130   0.48890   0.48660   0.00230
 131   0.08193   0.49232   0.49001   0.00231
 132   0.08255   0.49574   0.49342   0.00232
 133   0.08318   0.49915   0.49683   0.00232
 134   0.08380   0.50255   0.50022   0.00233
 135   0.08443   0.50594   0.50361   0.00234
 136   0.08505   0.50933   0.50699   0.00234
 137   0.08568   0.51271   0.51036   0.00235
 138   0.08630   0.51608   0.51372   0.00236
 139   0.08693   0.51944   0.51708   0.00236
 140   0.08755   0.52279   0.52042   0.00237
 141   0.08818   0.52614   0.52376   0.00238
 142   0.08881   0.52947   0.52709   0.00238
 143   0.08943   0.53280   0.53042   0.00239
 144   0.09006   0.53613   0.53373   0.00239
 145   0.09068   0.53944   0.53704   0.00240
 146   0.09131   0.54274   0.54034   0.00241
 147   0.09193   0.54604   0.54363   0.00241
 148   0.09256   0.54933   0.54691   0.00242
 149   0.09318   0.55261   0.55018   0.00242
 150   0.09381   0.55588   0.55345   0.00243
 151   0.09443   0.55914   0.55670   0.00244
 152   0.09506   0.56239   0.55995   0.00244
 153   0.09568   0.56564   0.56319   0.00245
 154   0.09631   0.56887   0.56642   0.00245
 155   0.09694   0.57210   0.56964   0.00246
 156   0.09756   0.57532   0.57285   0.00247
 157   0.09819   0.57853   0.57606   0.00247
 158   0.09881   0.58173   0.57925   0.00248
 159   0.09944   0.58492   0.58244   0.00248
 160   0.10006   0.58810   0.58561   0.00249
 161   0.10069   0.59128   0.58878   0.00249
 162   0.10131   0.59444   0.59194   0.00250
 163   0.10194   0.59760   0.59509   0.00251
 164   0.10256   0.60074   0.59823   0.00251
 165   0.10319   0.60388   0.60136   0.00252
 166   0.10381   0.60701   0.60449   0.00252
 167   0.10444   0.61012   0.60760   0.00253
 168   0.10507   0.61323   0.61070   0.00253
 169   0.10569   0.61633   0.61380   0.00254
 170   0.10632   0.61942   0.61688   0.00254
 171   0.10694   0.62250   0.61996   0.00255
 172   0.10757   0.62557   0.62302   0.00255
 173   0.10819   0.62863   0.62608   0.00256
 174   0.10882   0.63168   0.62912   0.00256
 175   0.10944   0.63473   0.63216   0.00257
 176   0.11007   0.63776   0.63519   0.00257
 177   0.11069   0.64078   0.63820   0.00258
 178   0.11132   0.64379   0.64121   0.00258
 179   0.11194   0.64679   0.64421   0.00259
 180   0.11257   0.64978   0.64720   0.00259
 181   0.11320   0.65277   0.65017   0.00259
 182   0.11382   0.65574   0.65314   0.00260
 183   0.11445   0.65870   0.65610   0.00260
 184   0.11507   0.66165   0.65904   0.00261
 185   0.11570   0.66459   0.66198   0.00261
 186   0.11632   0.66752   0.66491   0.00262
 187   0.11695   0.67044   0.66782   0.00262
 188   0.11757   0.67335   0.67073   0.00262
 189   0.11820   0.67625   0.67362   0.00263
 190   0.11882   0.67914   0.67651   0.00263
 191   0.11945   0.68202   0.67938   0.00264
 192   0.12008   0.68489   0.68225   0.00264
 193   0.12070   0.68775   0.68510   0.00265
 194   0.12133   0.69060   0.68795   0.00265
 195   0.12195   0.69343   0.69078   0.00265
 196   0.12258   0.69626   0.69360   0.00266
 197   0.12320   0.69907   0.69641   0.00266
 198   0.12383   0.70188   0.69921   0.00267
 199   0.12445   0.70467   0.70200   0.00267
 200   0.12508   0.70745   0.70478   0.00267
 201   0.12570   0.71023   0.70755   0.00268
 202   0.12633   0.71299   0.71031   0.00268
 203   0.12695   0.71574   0.71305   0.00268
 204   0.12758   0.71847   0.71579   0.00269
 205   0.12821   0.72120   0.71851   0.00269
 206   0.12883   0.72392   0.72122   0.00269
 207   0.12946   0.72662   0.72393   0.00270
 208   0.13008   0.72932   0.72662   0.00270
 209   0.13071   0.73200   0.72930   0.00270
 210   0.13133   0.73467   0.73196   0.00271
 211   0.13196   0.73733   0.73462   0.00271
 212   0.13258   0.73998   0.73727   0.00272
 213   0.13321   0.74262   0.73990   0.00272
 214   0.13383   0.74524   0.74252   0.00272
 215   0.13446   0.74786   0.74513   0.00272
 216   0.13508   0.75046   0.74773   0.00273
 217   0.13571   0.75305   0.75032   0.00273
 218   0.13634   0.75563   0.75290   0.00273
 219   0.13696   0.75820   0.75546   0.00274
 220   0.13759   0.76076   0.75802   0.00274
 221   0.13821   0.76330   0.76056   0.00274
 222   0.13884   0.76583   0.76309   0.00275
 223   0.13946   0.76835   0.76560   0.00275
 224   0.14009   0.77086   0.76811   0.00275
 225   0.14071   0.77336   0.77060   0.00276
 226   0.14134   0.77585   0.77309   0.00276
 227   0.14196   0.77832   0.77556   0.00276
 228   0.14259   0.78078   0.77801   0.00277
 229   0.14321   0.78323   0.78046   0.00277
 230   0.14384   0.78567   0.78289   0.00277
 231   0.14447   0.78809   0.78532   0.00278
 232   0.14509   0.79050   0.78773   0.00278
 233   0.14572   0.79290   0.79012   0.00278
 234   0.14634   0.79529   0.79251   0.00278
 235   0.14697   0.79767   0.79488   0.00279
 236   0.14759   0.80003   0.79724   0.00279
 237   0.14822   0.80238   0.79959   0.00279
 238   0.14884   0.80472   0.80193   0.00279
 239   0.14947   0.80705   0.80425   0.00280
 240   0.15009   0.80936   0.80657   0.00280
 241   0.15072   0.81166   0.80886   0.00280
 242   0.15134   0.81395   0.81115   0.00280
 243   0.15197   0.81623   0.81343   0.00280
 244   0.15260   0.81849   0.81569   0.00281
 245   0.15322   0.82075   0.81794   0.00281
 246   0.15385   0.82298   0.82017   0.00281
 247   0.15447   0.82521   0.82240   0.00281
 248   0.15510   0.82742   0.82461   0.00281
 249   0.15572   0.82962   0.82681   0.00282
 250   0.15635   0.83181   0.82899   0.00282
 251   0.15697   0.83399   0.83117   0.00282
 252   0.15760   0.83615   0.83333   0.00282
 253   0.15822   0.83830   0.83547   0.00282
 254   0.15885   0.84043   0.83761   0.00282
 255   0.15947   0.84255   0.83973   0.00283
 256   0.16010   0.84466   0.84184   0.00283
 257   0.16073   0.84676   0.84393   0.00283
 258   0.16135   0.84885   0.84601   0.00283
 259   0.16198   0.85092   0.84808   0.00283
 260   0.16260   0.85297   0.85014   0.00283
 261   0.16323   0.85502   0.85218   0.00284
 262   0.16385   0.85705   0.85421   0.00284
 263   0.16448   0.85907   0.85623   0.00284
 264   0.16510   0.86107   0.85823   0.00284
 265   0.16573   0.86306   0.86022   0.00284
 266   0.16635   0.86504   0.86220   0.00284
 267   0.16698   0.86701   0.86416   0.00284
 268   0.16760   0.86896   0.86611   0.00284
 269   0.16823   0.87090   0.86805   0.00285
 270   0.16886   0.87282   0.86997   0.00285
 271   0.16948   0.87473   0.87188   0.00285
 272   0.17011   0.87663   0.87378   0.00285
 273   0.17073   0.87851   0.87566   0.00285
 274   0.17136   0.88038   0.87753   0.00285
 275   0.17198   0.88224   0.87939   0.00285
 276   0.17261   0.88408   0.88123   0.00285
 277   0.17323   0.88591   0.88306   0.00285
 278   0.17386   0.88773   0.88488   0.00285
 279   0.17448   0.88953   0.88668   0.00285
 280   0.17511   0.89132   0.88847   0.00285
 281   0.17573   0.89309   0.89024   0.00285
 282   0.17636   0.89485   0.89200   0.00285
 283   0.17699   0.89660   0.89375   0.00285
 284   0.17761   0.89833   0.89548   0.00285
 285   0.17824   0.90005   0.89720   0.00285
 286   0.17886   0.90176   0.89891   0.00285
 287   0.17949   0.90345   0.90060   0.00285
 288   0.18011   0.90513   0.90227   0.00285
 289   0.18074   0.90679   0.90394   0.00285
 290   0.18136   0.90844   0.90559   0.00285
 291   0.18199   0.91008   0.90722   0.00285
 292   0.18261   0.91170   0.90884   0.00285
 293   0.18324   0.91331   0.91045   0.00285
 294   0.18386   0.91490   0.91205   0.00285
 295   0.18449   0.91648   0.91363   0.00285
 296   0.18512   0.91804   0.91519   0.00285
 297   0.18574   0.91959   0.91674   0.00285
 298   0.18637   0.92113   0.91828   0.00285
 299   0.18699   0.92265   0.91980   0.00285
 300   0.18762   0.92416   0.92131   0.00285
 301   0.18824   0.92566   0.92281   0.00285
 302   0.18887   0.92713   0.92429   0.00285
 303   0.18949   0.92860   0.92575   0.00285
 304   0.19012   0.93005   0.92720   0.00285
 305   0.19074   0.93149   0.92864   0.00285
 306   0.19137   0.93291   0.93006   0.00285
 307   0.19199   0.93432   0.93147   0.00284
 308   0.19262   0.93571   0.93287   0.00284
 309   0.19325   0.93709   0.93425   0.00284
 310   0.19387   0.93845   0.93561   0.00284
 311   0.19450   0.93980   0.93696   0.00284
 312   0.19512   0.94114   0.93830   0.00284
 313   0.19575   0.94246   0.93962   0.00284
 314   0.19637   0.94377   0.94093   0.00284
 315   0.19700   0.94506   0.94222   0.00284
 316   0.19762   0.94634   0.94350   0.00284
 317   0.19825   0.94760   0.94476   0.00284
 318   0.19887   0.94885   0.94601   0.00283
 319   0.19950   0.95008   0.94725   0.00283
 320   0.20013   0.95130   0.94847   0.00283
 321   0.20075   0.95250   0.94967   0.00283
 322   0.20138   0.95369   0.95086   0.00283
 323   0.20200   0.95487   0.95204   0.00283
 324   0.20263   0.95603   0.95320   0.00283
 325   0.20325   0.95717   0.95434   0.00283
 326   0.20388   0.95830   0.95548   0.00283
 327   0.20450   0.95942   0.95659   0.00282
 328   0.20513   0.96052   0.95770   0.00282
 329   0.20575   0.96160   0.95878   0.00282
 330   0.20638   0.96267   0.95986   0.00282
 331   0.20700   0.96373   0.96091   0.00282
 332   0.20763   0.96477   0.96196   0.00282
 333   0.20826   0.96580   0.96299   0.00281
 334   0.20888   0.96681   0.96400   0.00281
 335   0.20951   0.96781   0.96500   0.00281
 336   0.21013   0.96879   0.96598   0.00281
 337   0.21076   0.96975   0.96695   0.00280
 338   0.21138   0.97071   0.96790   0.00280
 339   0.21201   0.97164   0.96884   0.00280
 340   0.21263   0.97256   0.96977   0.00280
 341   0.21326   0.97347   0.97068   0.00279
 342   0.21388   0.97436   0.97157   0.00279
 343   0.21451   0.97524   0.97245   0.00279
 344   0.21513   0.97610   0.97331   0.00279
 345   0.21576   0.97695   0.97416   0.00278
 346   0.21639   0.97778   0.97500   0.00278
 347   0.21701   0.97859   0.97582   0.00278
 348   0.21764   0.97940   0.97662   0.00278
 349   0.21826   0.98018   0.97741   0.00277
 350   0.21889   0.98095   0.97818   0.00277
 351   0.21951   0.98171   0.97894   0.00277
 352   0.22014   0.98245   0.97968   0.00277
 353   0.22076   0.98317   0.98041   0.00276
 354   0.22139   0.98388   0.98112   0.00276
 355   0.22201   0.98458   0.98182   0.00276
 356   0.22264   0.98526   0.98250   0.00276
 357   0.22326   0.98592   0.98317   0.00275
 358   0.22389   0.98657   0.98382   0.00275
 359   0.22452   0.98721   0.98446   0.00275
 360   0.22514   0.98783   0.98508   0.00275
 361   0.22577   0.98843   0.98569   0.00274
 362   0.22639   0.98902   0.98628   0.00274
 363   0.22702   0.98959   0.98685   0.00274
 364   0.22764   0.99015   0.98741   0.00274
 365   0.22827   0.99069   0.98796   0.00273
 366   0.22889   0.99122   0.98849   0.00273
 367   0.22952   0.99173   0.98900   0.00273
 368   0.23014   0.99223   0.98950   0.00272
 369   0.23077   0.99271   0.98999   0.00272
 370   0.23139   0.99317   0.99046   0.00272
 371   0.23202   0.99363   0.99091   0.00272
 372   0.23265   0.99406   0.99135   0.00271
 373   0.23327   0.99448   0.99177   0.00271
 374   0.23390   0.99489   0.99218   0.00271
 375   0.23452   0.99527   0.99257   0.00270
 376   0.23515   0.99565   0.99295   0.00270
 377   0.23577   0.99601   0.99331   0.00270
 378   0.23640   0.99635   0.99366   0.00269
 379   0.23702   0.99668   0.99399   0.00269
 380   0.23765   0.99699   0.99430   0.00269
 381   0.23827   0.99729   0.99460   0.00268
 382   0.23890   0.99757   0.99489   0.00268
 383   0.23952   0.99783   0.99516   0.00268
 384   0.24015   0.99809   0.99541   0.00267
 385   0.24078   0.99832   0.99565   0.00267
 386   0.24140   0.99854   0.99588   0.00266
 387   0.24203   0.99875   0.99608   0.00266
 388   0.24265   0.99893   0.99628   0.00266
 389   0.24328   0.99911   0.99646   0.00265
 390   0.24390   0.99927   0.99662   0.00265
 391   0.24453   0.99941   0.99676   0.00264
 392   0.24515   0.99954   0.99690   0.00264
 393   0.24578   0.99965   0.99701   0.00264
 394   0.24640   0.99974   0.99711   0.00263
 395   0.24703   0.99983   0.99720   0.00263
 396   0.24765   0.99989   0.99727   0.00262
 397   0.24828   0.99994   0.99732   0.00262
 398   0.24891   0.99998   0.99736   0.00261
 399   0.24953   1.00000   0.99739   0.00261
 400   0.25016   1.00000   0.99739   0.00261
 401   0.25078   0.99999   0.99739   0.00260
 402   0.25141   0.99996   0.99736   0.00260
 403   0.25203   0.99992   0.99733   0.00259
 404   0.25266   0.99986   0.99727   0.00259
 405   0.25328   0.99979   0.99720   0.00258
 406   0.25391   0.99970   0.99712   0.00258
 407   0.25453   0.99959   0.99702   0.00257
 408   0.25516   0.99947   0.99691   0.00257
 409   0.25578   0.99934   0.99678   0.00256
 410   0.25641   0.99919   0.99663   0.00256
 411   0.25704   0.99902   0.99647   0.00255
 412   0.25766   0.99884   0.99629   0.00255
 413   0.25829   0.99864   0.99610   0.00254
 414   0.25891   0.99843   0.99589   0.00254
 415   0.25954   0.99821   0.99567   0.00253
 416   0.26016   0.99796   0.99543   0.00253
 417   0.26079   0.99770   0.99518   0.00252
 418   0.26141   0.99743   0.99491   0.00252
 419   0.26204   0.99714   0.99463   0.00251
 420   0.26266   0.99684   0.99433   0.00251
 421   0.26329   0.99652   0.99402   0.00250
 422   0.26391   0.99618   0.99369   0.00249
 423   0.26454   0.99583   0.99334   0.00249
 424   0.26517   0.99546   0.99298   0.00248
 425   0.26579   0.99508   0.99260   0.00248
 426   0.26642   0.99468   0.99221   0.00247
 427   0.26704   0.99427   0.99181   0.00247
 428   0.26767   0.99385   0.99139   0.00246
 429   0.26829   0.99340   0.99095   0.00245
 430   0.26892   0.99294   0.99050   0.00245
 431   0.26954   0.99247   0.99003   0.00244
 432   0.27017   0.99198   0.98955   0.00243
 433   0.27079   0.99148   0.98905   0.00243
 434   0.27142   0.99096   0.98854   0.00242
 435   0.27205   0.99042   0.98801   0.00242
 436   0.27267   0.98987   0.98746   0.00241
 437   0.27330   0.98931   0.98690   0.00240
 438   0.27392   0.98873   0.98633   0.00240
 439   0.27455   0.98813   0.98574   0.00239
 440   0.27517   0.98752   0.98514   0.00238
 441   0.27580   0.98689   0.98451   0.00238
 442   0.27642   0.98625   0.98388   0.00237
 443   0.27705   0.98559   0.98323   0.00237
 444   0.27767   0.98492   0.98256   0.00236
 445   0.27830   0.98423   0.98188   0.00235
 446   0.27892   0.98353   0.98119   0.00235
 447   0.27955   0.98281   0.98047   0.00234
 448   0.28018   0.98208   0.97975   0.00233
 449   0.28080   0.98133   0.97900   0.00233
 450   0.28143   0.98057   0.97825   0.00232
 451   0.28205   0.97979   0.97748   0.00231
 452   0.28268   0.97900   0.97669   0.00231
 453   0.28330   0.97819   0.97589   0.00230
 454   0.28393   0.97736   0.97507   0.00229
 455   0.28455   0.97653   0.97424   0.00229
 456   0.28518   0.97567   0.97339   0.00228
 457   0.28580   0.97480   0.97253   0.00227
 458   0.28643   0.97392   0.97165   0.00227
 459   0.28705   0.97302   0.97076   0.00226
 460   0.28768   0.97211   0.96985   0.00225
 461   0.28831   0.97118   0.96893   0.00225
 462   0.28893   0.97023   0.96799   0.00224
 463   0.28956   0.96927   0.96704   0.00223
 464   0.29018   0.96830   0.96607   0.00223
 465   0.29081   0.96731   0.96509   0.00222
 466   0.29143   0.96631   0.96409   0.00221
 467   0.29206   0.96529   0.96308   0.00220
 468   0.29268   0.96425   0.96206   0.00220
 469   0.29331   0.96320   0.96101   0.00219
 470   0.29393   0.96214   0.95996   0.00218
 471   0.29456   0.96106   0.95889   0.00218
 472   0.29518   0.95997   0.95780   0.00217
 473   0.29581   0.95886   0.95670   0.00216
 474   0.29644   0.95774   0.95559   0.00215
 475   0.29706   0.95660   0.95446   0.00215
 476   0.29769   0.95545   0.95331   0.00214
 477   0.29831   0.95428   0.95215   0.00213
 478   0.29894   0.95310   0.95098   0.00212
 479   0.29956   0.95190   0.94979   0.00211
 480   0.30019   0.95069   0.94858   0.00211
 481   0.30081   0.94947   0.94737   0.00210
 482   0.30144   0.94822   0.94613   0.00209
 483   0.30206   0.94697   0.94489   0.00208
 484   0.30269   0.94570   0.94362   0.00208
 485   0.30331   0.94442   0.94235   0.00207
 486   0.30394   0.94312   0.94106   0.00206
 487   0.30457   0.94180   0.93975   0.00205
 488   0.30519   0.94047   0.93843   0.00204
 489   0.30582   0.93913   0.93709   0.00204
 490   0.30644   0.93777   0.93575   0.00203
 491   0.30707   0.93640   0.93438   0.00202
 492   0.30769   0.93502   0.93300   0.00201
 493   0.30832   0.93362   0.93161   0.00201
 494   0.30894   0.93220   0.93020   0.00200
 495   0.30957   0.93077   0.92878   0.00199
 496   0.31019   0.92933   0.92734   0.00198
 497   0.31082   0.92787   0.92589   0.00197
 498   0.31144   0.92640   0.92443   0.00197
 499   0.31207   0.92491   0.92295   0.00196
 500   0.31270   0.92341   0.92146   0.00195
 501   0.31332   0.92189   0.91995   0.00194
 502   0.31395   0.92036   0.91843   0.00193
 503   0.31457   0.91882   0.91689   0.00193
 504   0.31520   0.91726   0.91534   0.00192
 505   0.31582   0.91569   0.91378   0.00191
 506   0.31645   0.91410   0.91220   0.00190
 507   0.31707   0.91250   0.91061   0.00189
 508   0.31770   0.91089   0.90900   0.00188
 509   0.31832   0.90926   0.90738   0.00188
 510   0.31895   0.90762   0.90575   0.00187
 511   0.31957   0.90596   0.90410   0.00186
 512   0.32020   0.90429   0.90244   0.00185
 513   0.32083   0.90261   0.90076   0.00184
 514   0.32145   0.90091   0.89907   0.00183
 515   0.32208   0.89920   0.89737   0.00182
 516   0.32270   0.89747   0.89565   0.00182
 517   0.32333   0.89573   0.89392   0.00181
 518   0.32395   0.89398   0.89218   0.00180
 519   0.32458   0.89221   0.89042   0.00179
 520   0.32520   0.89043   0.88864   0.00178
 521   0.32583   0.88863   0.88686   0.00177
 522   0.32645   0.88682   0.88506   0.00176
 523   0.32708   0.88500   0.88324   0.00176
 524   0.32770   0.88316   0.88142   0.00175
 525   0.32833   0.88131   0.87957   0.00174
 526   0.32896   0.87945   0.87772   0.00173
 527   0.32958   0.87757   0.87585   0.00172
 528   0.33021   0.87568   0.87397   0.00171
 529   0.33083   0.87378   0.87207   0.00170
 530   0.33146   0.87186   0.87017   0.00169
 531   0.33208   0.86993   0.86824   0.00169
 532   0.33271   0.86798   0.86631   0.00168
 533   0.33333   0.86603   0.86436   0.00167
 534   0.33396   0.86405   0.86240   0.00166
 535   0.33458   0.86207   0.86042   0.00165
 536   0.33521   0.86007   0.85843   0.00164
 537   0.33583   0.85806   0.85643   0.00163
 538   0.33646   0.85604   0.85441   0.00162
 539   0.33709   0.85400   0.85239   0.00161
 540   0.33771   0.85195   0.85034   0.00160
 541   0.33834   0.84988   0.84829   0.00159
 542   0.33896   0.84781   0.84622   0.00158
 543   0.33959   0.84571   0.84414   0.00158
 544   0.34021   0.84361   0.84205   0.00157
 545   0.34084   0.84149   0.83994   0.00156
 546   0.34146   0.83937   0.83782   0.00155
 547   0.34209   0.83722   0.83568   0.00154
 548   0.34271   0.83507   0.83354   0.00153
 549   0.34334   0.83290   0.83138   0.00152
 550   0.34396   0.83072   0.82921   0.00151
 551   0.34459   0.82852   0.82702   0.00150
 552   0.34522   0.82632   0.82483   0.00149
 553   0.34584   0.82410   0.82262   0.00148
 554   0.34647   0.82187   0.82039   0.00147
 555   0.34709   0.81962   0.81816   0.00146
 556   0.34772   0.81736   0.81591   0.00145
 557   0.34834   0.81509   0.81365   0.00144
 558   0.34897   0.81281   0.81138   0.00143
 559   0.34959   0.81052   0.80909   0.00142
 560   0.35022   0.80821   0.80679   0.00141
 561   0.35084   0.80589   0.80448   0.00140
 562   0.35147   0.80356   0.80216   0.00140
 563   0.35210   0.80121   0.79982   0.00139
 564   0.35272   0.79885   0.79748   0.00138
 565   0.35335   0.79648   0.79512   0.00137
 566   0.35397   0.79410   0.79274   0.00136
 567   0.35460   0.79171   0.79036   0.00135
 568   0.35522   0.78930   0.78796   0.00134
 569   0.35585   0.78688   0.78555   0.00133
 570   0.35647   0.78445   0.78313   0.00132
 571   0.35710   0.78201   0.78070   0.00131
 572   0.35772   0.77955   0.77825   0.00130
 573   0.35835   0.77708   0.77580   0.00129
 574   0.35897   0.77461   0.77333   0.00128
 575   0.35960   0.77211   0.77085   0.00126
 576   0.36023   0.76961   0.76836   0.00125
 577   0.36085   0.76710   0.76585   0.00124
 578   0.36148   0.76457   0.76334   0.00123
 579   0.36210   0.76203   0.76081   0.00122
 580   0.36273   0.75948   0.75827   0.00121
 581   0.36335   0.75692   0.75572   0.00120
 582   0.36398   0.75434   0.75315   0.00119
 583   0.36460   0.75176   0.75058   0.00118
 584   0.36523   0.74916   0.74799   0.00117
 585   0.36585   0.74655   0.74539   0.00116
 586   0.36648   0.74393   0.74278   0.00115
 587   0.36710   0.74130   0.74016   0.00114
 588   0.36773   0.73866   0.73753   0.00113
 589   0.36836   0.73600   0.73488   0.00112
 590   0.36898   0.73334   0.73223   0.00111
 591   0.36961   0.73066   0.72956   0.00110
 592   0.37023   0.72797   0.72688   0.00109
 593   0.37086   0.72527   0.72419   0.00108
 594   0.37148   0.72256   0.72149   0.00107
 595   0.37211   0.71984   0.71878   0.00106
 596   0.37273   0.71711   0.71606   0.00105
 597   0.37336   0.71436   0.71333   0.00104
 598   0.37398   0.71161   0.71058   0.00103
 599   0.37461   0.70884   0.70783   0.00102
 600   0.37523   0.70606   0.70506   0.00101
 601   0.37586   0.70328   0.70228   0.00100
 602   0.37649   0.70048   0.69949   0.00098
 603   0.37711   0.69767   0.69669   0.00097
 604   0.37774   0.69485   0.69388   0.00096
 605   0.37836   0.69202   0.69106   0.00095
 606   0.37899   0.68917   0.68823   0.00094
 607   0.37961   0.68632   0.68539   0.00093
 608   0.38024   0.68346   0.68254   0.00092
 609   0.38086   0.68058   0.67967   0.00091
 610   0.38149   0.67770   0.67680   0.00090
 611   0.38211   0.67481   0.67392   0.00089
 612   0.38274   0.67190   0.67102   0.00088
 613   0.38336   0.66898   0.66812   0.00087
 614   0.38399   0.66606   0.66520   0.00086
 615   0.38462   0.66312   0.66228   0.00085
 616   0.38524   0.66018   0.65934   0.00084
 617   0.38587   0.65722   0.65639   0.00083
 618   0.38649   0.65425   0.65344   0.00081
 619   0.38712   0.65128   0.65047   0.00080
 620   0.38774   0.64829   0.64750   0.00079
 621   0.38837   0.64529   0.64451   0.00078
 622   0.38899   0.64229   0.64151   0.00077
 623   0.38962   0.63927   0.63851   0.00076
 624   0.39024   0.63624   0.63549   0.00075
 625   0.39087   0.63321   0.63247   0.00074
 626   0.39149   0.63016   0.62943   0.00073
 627   0.39212   0.62710   0.62638   0.00072
 628   0.39275   0.62404   0.62333   0.00071
 629   0.39337   0.62096   0.62027   0.00070
 630   0.39400   0.61788   0.61719   0.00069
 631   0.39462   0.61478   0.61411   0.00068
 632   0.39525   0.61168   0.61102   0.00067
 633   0.39587   0.60857   0.60791   0.00065
 634   0.39650   0.60544   0.60480   0.00064
 635   0.39712   0.60231   0.60168   0.00063
 636   0.39775   0.59917   0.59855   0.00062
 637   0.39837   0.59602   0.59541   0.00061
 638   0.39900   0.59286   0.59226   0.00060
 639   0.39962   0.58969   0.58910   0.00059
 640   0.40025   0.58651   0.58594   0.00058
 641   0.40088   0.58333   0.58276   0.00057
 642   0.40150   0.58013   0.57957   0.00055
 643   0.40213   0.57692   0.57638   0.00054
 644   0.40275   0.57371   0.57318   0.00053
 645   0.40338   0.57049   0.56997   0.00052
 646   0.40400   0.56726   0.56675   0.00051
 647   0.40463   0.56402   0.56352   0.00050
 648   0.40525   0.56077   0.56028   0.00049
 649   0.40588   0.55751   0.55703   0.00048
 650   0.40650   0.55424   0.55378   0.00047
 651   0.40713   0.55097   0.55051   0.00046
 652   0.40775   0.54768   0.54724   0.00044
 653   0.40838   0.54439   0.54396   0.00043
 654   0.40901   0.54109   0.54067   0.00042
 655   0.40963   0.53778   0.53737   0.00041
 656   0.41026   0.53447   0.53407   0.00040
 657   0.41088   0.53114   0.53075   0.00039
 658   0.41151   0.52781   0.52743   0.00038
 659   0.41213   0.52447   0.52410   0.00036
 660   0.41276   0.52112   0.52076   0.00035
 661   0.41338   0.51776   0.51742   0.00034
 662   0.41401   0.51439   0.51406   0.00033
 663   0.41463   0.51102   0.51070   0.00032
 664   0.41526   0.50764   0.50733   0.00031
 665   0.41588   0.50425   0.50395   0.00030
 666   0.41651   0.50085   0.50057   0.00028
 667   0.41714   0.49745   0.49717   0.00027
 668   0.41776   0.49403   0.49377   0.00026
 669   0.41839   0.49061   0.49036   0.00025
 670   0.41901   0.48719   0.48695   0.00024
 671   0.41964   0.48375   0.48352   0.00023
 672   0.42026   0.48031   0.48009   0.00022
 673   0.42089   0.47686   0.47665   0.00020
 674   0.42151   0.47340   0.47321   0.00019
 675   0.42214   0.46993   0.46975   0.00018
 676   0.42276   0.46646   0.46629   0.00017
 677   0.42339   0.46298   0.46282   0.00016
 678   0.42401   0.45950   0.45935   0.00015
 679   0.42464   0.45600   0.45587   0.00014
 680   0.42527   0.45250   0.45238   0.00013
 681   0.42589   0.44899   0.44888   0.00011
 682   0.42652   0.44548   0.44538   0.00010
 683   0.42714   0.44196   0.44187   0.00009
 684   0.42777   0.43843   0.43835   0.00008
 685   0.42839   0.43490   0.43483   0.00007
 686   0.42902   0.43135   0.43130   0.00006
 687   0.42964   0.42781   0.42776   0.00005
 688   0.43027   0.42425   0.42421   0.00004
 689   0.43089   0.42069   0.42066   0.00002
 690   0.43152   0.41712   0.41711   0.00001
 691   0.43215   0.41355   0.41354   0.00000
 692   0.43277   0.40996   0.40997   0.00001
 693   0.43340   0.40638   0.40640   0.00002
 694   0.43402   0.40278   0.40282   0.00003
 695   0.43465   0.39918   0.39923   0.00004
 696   0.43527   0.39558   0.39563   0.00005
 697   0.43590   0.39197   0.39203   0.00006
 698   0.43652   0.38835   0.38842   0.00008
 699   0.43715   0.38472   0.38481   0.00009
 700   0.43777   0.38109   0.38119   0.00010
 701   0.43840   0.37746   0.37757   0.00011
 702   0.43902   0.37382   0.37394   0.00012
 703   0.43965   0.37017   0.37030   0.00013
 704   0.44028   0.36652   0.36666   0.00014
 705   0.44090   0.36286   0.36301   0.00015
 706   0.44153   0.35919   0.35936   0.00017
 707   0.44215   0.35552   0.35570   0.00018
 708   0.44278   0.35185   0.35204   0.00019
 709   0.44340   0.34817   0.34837   0.00020
 710   0.44403   0.34448   0.34469   0.00021
 711   0.44465   0.34079   0.34101   0.00022
 712   0.44528   0.33709   0.33732   0.00023
 713   0.44590   0.33339   0.33363   0.00024
 714   0.44653   0.32968   0.32994   0.00025
 715   0.44715   0.32597   0.32624   0.00027
 716   0.44778   0.32225   0.32253   0.00028
 717   0.44841   0.31853   0.31882   0.00029
 718   0.44903   0.31480   0.31510   0.00030
 719   0.44966   0.31107   0.31138   0.00031
 720   0.45028   0.30734   0.30766   0.00032
 721   0.45091   0.30359   0.30393   0.00033
 722   0.45153   0.29985   0.30019   0.00034
 723   0.45216   0.29610   0.29645   0.00036
 724   0.45278   0.29234   0.29271   0.00037
 725   0.45341   0.28858   0.28896   0.00038
 726   0.45403   0.28482   0.28520   0.00039
 727   0.45466   0.28105   0.28145   0.00040
 728   0.45528   0.27727   0.27769   0.00041
 729   0.45591   0.27350   0.27392   0.00042
 730   0.45654   0.26971   0.27015   0.00043
 731   0.45716   0.26593   0.26637   0.00045
 732   0.45779   0.26214   0.26259   0.00046
 733   0.45841   0.25834   0.25881   0.00047
 734   0.45904   0.25455   0.25503   0.00048
 735   0.45966   0.25074   0.25123   0.00049
 736   0.46029   0.24694   0.24744   0.00050
 737   0.46091   0.24313   0.24364   0.00051
 738   0.46154   0.23932   0.23984   0.00052
 739   0.46216   0.23550   0.23603   0.00053
 740   0.46279   0.23168   0.23222   0.00055
 741   0.46341   0.22785   0.22841   0.00056
 742   0.46404   0.22403   0.22459   0.00057
 743   0.46467   0.22019   0.22077   0.00058
 744   0.46529   0.21636   0.21695   0.00059
 745   0.46592   0.21252   0.21312   0.00060
 746   0.46654   0.20868   0.20929   0.00061
 747   0.46717   0.20484   0.20546   0.00062
 748   0.46779   0.20099   0.20162   0.00063
 749   0.46842   0.19714   0.19778   0.00064
 750   0.46904   0.19328   0.19394   0.00066
 751   0.46967   0.18943   0.19009   0.00067
 752   0.47029   0.18557   0.18624   0.00068
 753   0.47092   0.18170   0.18239   0.00069
 754   0.47154   0.17784   0.17854   0.00070
 755   0.47217   0.17397   0.17468   0.00071
 756   0.47280   0.17010   0.17082   0.00072
 757   0.47342   0.16623   0.16696   0.00073
 758   0.47405   0.16235   0.16309   0.00074
 759   0.47467   0.15847   0.15923   0.00075
 760   0.47530   0.15459   0.15535   0.00076
 761   0.47592   0.15071   0.15148   0.00078
 762   0.47655   0.14682   0.14761   0.00079
 763   0.47717   0.14293   0.14373   0.00080
 764   0.47780   0.13904   0.13985   0.00081
 765   0.47842   0.13515   0.13597   0.00082
 766   0.47905   0.13126   0.13209   0.00083
 767   0.47967   0.12736   0.12820   0.00084
 768   0.48030   0.12346   0.12431   0.00085
 769   0.48093   0.11956   0.12042   0.00086
 770   0.48155   0.11566   0.11653   0.00087
 771   0.48218   0.11176   0.11264   0.00088
 772   0.48280   0.10785   0.10874   0.00089
 773   0.48343   0.10394   0.10485   0.00090
 774   0.48405   0.10003   0.10095   0.00091
 775   0.48468   0.09612   0.09705   0.00093
 776   0.48530   0.09221   0.09315   0.00094
 777   0.48593   0.08830   0.08924   0.00095
 778   0.48655   0.08438   0.08534   0.00096
 779   0.48718   0.08047   0.08143   0.00097
 780   0.48780   0.07655   0.07753   0.00098
 781   0.48843   0.07263   0.07362   0.00099
 782   0.48906   0.06871   0.06971   0.00100
 783   0.48968   0.06479   0.06580   0.00101
 784   0.49031   0.06087   0.06189   0.00102
 785   0.49093   0.05695   0.05798   0.00103
 786   0.49156   0.05302   0.05406   0.00104
 787   0.49218   0.04910   0.05015   0.00105
 788   0.49281   0.04517   0.04624   0.00106
 789   0.49343   0.04125   0.04232   0.00107
 790   0.49406   0.03732   0.03840   0.00108
 791   0.49468   0.03339   0.03449   0.00109
 792   0.49531   0.02947   0.03057   0.00110
 793   0.49593   0.02554   0.02665   0.00111
 794   0.49656   0.02161   0.02274   0.00112
 795   0.49719   0.01768   0.01882   0.00114
 796   0.49781   0.01375   0.01490   0.00115
 797   0.49844   0.00982   0.01098   0.00116
 798   0.49906   0.00589   0.00706   0.00117
 799   0.49969   0.00196   0.00314   0.00118
 800   0.50031  -0.00196  -0.00078   0.00119
 801   0.50094  -0.00589  -0.00470   0.00120
 802   0.50156  -0.00982  -0.00862   0.00121
 803   0.50219  -0.01375  -0.01254   0.00122
 804   0.50281  -0.01768  -0.01645   0.00123
 805   0.50344  -0.02161  -0.02037   0.00124
 806   0.50407  -0.02554  -0.02429   0.00125
 807   0.50469  -0.02947  -0.02821   0.00126
 808   0.50532  -0.03339  -0.03213   0.00127
 809   0.50594  -0.03732  -0.03604   0.00128
 810   0.50657  -0.04125  -0.03996   0.00129
 811   0.50719  -0.04517  -0.04388   0.00130
 812   0.50782  -0.04910  -0.04779   0.00131
 813   0.50844  -0.05302  -0.05170   0.00132
 814   0.50907  -0.05695  -0.05562   0.00133
 815   0.50969  -0.06087  -0.05953   0.00134
 816   0.51032  -0.06479  -0.06344   0.00135
 817   0.51094  -0.06871  -0.06735   0.00136
 818   0.51157  -0.07263  -0.07126   0.00137
 819   0.51220  -0.07655  -0.07517   0.00138
 820   0.51282  -0.08047  -0.07908   0.00139
 821   0.51345  -0.08438  -0.08299   0.00140
 822   0.51407  -0.08830  -0.08689   0.00141
 823   0.51470  -0.09221  -0.09079   0.00142
 824   0.51532  -0.09612  -0.09470   0.00143
 825   0.51595  -0.10003  -0.09860   0.00144
 826   0.51657  -0.10394  -0.10250   0.00145
 827   0.51720  -0.10785  -0.10639   0.00146
 828   0.51782  -0.11176  -0.11029   0.00147
 829   0.51845  -0.11566  -0.11418   0.00147
 830   0.51907  -0.11956  -0.11808   0.00148
 831   0.51970  -0.12346  -0.12197   0.00149
 832   0.52033  -0.12736  -0.12586   0.00150
 833   0.52095  -0.13126  -0.12974   0.00151
 834   0.52158  -0.13515  -0.13363   0.00152
 835   0.52220  -0.13904  -0.13751   0.00153
 836   0.52283  -0.14293  -0.14139   0.00154
 837   0.52345  -0.14682  -0.14527   0.00155
 838   0.52408  -0.15071  -0.14915   0.00156
 839   0.52470  -0.15459  -0.15302   0.00157
 840   0.52533  -0.15847  -0.15689   0.00158
 841   0.52595  -0.16235  -0.16076   0.00159
 842   0.52658  -0.16623  -0.16463   0.00160
 843   0.52720  -0.17010  -0.16849   0.00161
 844   0.52783  -0.17397  -0.17235   0.00162
 845   0.52846  -0.17784  -0.17621   0.00163
 846   0.52908  -0.18170  -0.18007   0.00164
 847   0.52971  -0.18557  -0.18392   0.00164
 848   0.53033  -0.18943  -0.18777   0.00165
 849   0.53096  -0.19328  -0.19162   0.00166
 850   0.53158  -0.19714  -0.19547   0.00167
 851   0.53221  -0.20099  -0.19931   0.00168
 852   0.53283  -0.20484  -0.20315   0.00169
 853   0.53346  -0.20868  -0.20698   0.00170
 854   0.53408  -0.21252  -0.21081   0.00171
 855   0.53471  -0.21636  -0.21464   0.00172
 856   0.53533  -0.22019  -0.21847   0.00173
 857   0.53596  -0.22403  -0.22229   0.00173
 858   0.53659  -0.22785  -0.22611   0.00174
 859   0.53721  -0.23168  -0.22993   0.00175
 860   0.53784  -0.23550  -0.23374   0.00176
 861   0.53846  -0.23932  -0.23755   0.00177
 862   0.53909  -0.24313  -0.24135   0.00178
 863   0.53971  -0.24694  -0.24515   0.00179
 864   0.54034  -0.25074  -0.24895   0.00180
 865   0.54096  -0.25455  -0.25274   0.00181
 866   0.54159  -0.25834  -0.25653   0.00181
 867   0.54221  -0.26214  -0.26032   0.00182
 868   0.54284  -0.26593  -0.26410   0.00183
 869   0.54346  -0.26971  -0.26787   0.00184
 870   0.54409  -0.27350  -0.27165   0.00185
 871   0.54472  -0.27727  -0.27542   0.00186
 872   0.54534  -0.28105  -0.27918   0.00187
 873   0.54597  -0.28482  -0.28294   0.00187
 874   0.54659  -0.28858  -0.28670   0.00188
 875   0.54722  -0.29234  -0.29045   0.00189
 876   0.54784  -0.29610  -0.29420   0.00190
 877   0.54847  -0.29985  -0.29794   0.00191
 878   0.54909  -0.30359  -0.30168   0.00192
 879   0.54972  -0.30733  -0.30541   0.00192
 880   0.55034  -0.31107  -0.30914   0.00193
 881   0.55097  -0.31480  -0.31286   0.00194
 882   0.55159  -0.31853  -0.31658   0.00195
 883   0.55222  -0.32225  -0.32030   0.00196
 884   0.55285  -0.32597  -0.32401   0.00197
 885   0.55347  -0.32968  -0.32771   0.00197
 886   0.55410  -0.33339  -0.33141   0.00198
 887   0.55472  -0.33709  -0.33510   0.00199
 888   0.55535  -0.34079  -0.33879   0.00200
 889   0.55597  -0.34448  -0.34248   0.00201
 890   0.55660  -0.34817  -0.34615   0.00201
 891   0.55722  -0.35185  -0.34983   0.00202
 892   0.55785  -0.35552  -0.35349   0.00203
 893   0.55847  -0.35919  -0.35716   0.00204
 894   0.55910  -0.36286  -0.36081   0.00204
 895   0.55972  -0.36652  -0.36446   0.00205
 896   0.56035  -0.37017  -0.36811   0.00206
 897   0.56098  -0.37382  -0.37175   0.00207
 898   0.56160  -0.37746  -0.37538   0.00208
 899   0.56223  -0.38109  -0.37901   0.00208
 900   0.56285  -0.38472  -0.38263   0.00209
 901   0.56348  -0.38835  -0.38625   0.00210
 902   0.56410  -0.39197  -0.38986   0.00211
 903   0.56473  -0.39558  -0.39346   0.00211
 904   0.56535  -0.39918  -0.39706   0.00212
 905   0.56598  -0.40278  -0.40066   0.00213
 906   0.56660  -0.40638  -0.40424   0.00214
 907   0.56723  -0.40996  -0.40782   0.00214
 908   0.56785  -0.41355  -0.41139   0.00215
 909   0.56848  -0.41712  -0.41496   0.00216
 910   0.56911  -0.42069  -0.41852   0.00217
 911   0.56973  -0.42425  -0.42208   0.00217
 912   0.57036  -0.42780  -0.42562   0.00218
 913   0.57098  -0.43135  -0.42917   0.00219
 914   0.57161  -0.43489  -0.43270   0.00219
 915   0.57223  -0.43843  -0.43623   0.00220
 916   0.57286  -0.44196  -0.43975   0.00221
 917   0.57348  -0.44548  -0.44326   0.00222
 918   0.57411  -0.44899  -0.44677   0.00222
 919   0.57473  -0.45250  -0.45027   0.00223
 920   0.57536  -0.45600  -0.45377   0.00224
 921   0.57598  -0.45950  -0.45725   0.00224
 922   0.57661  -0.46298  -0.46073   0.00225
 923   0.57724  -0.46646  -0.46420   0.00226
 924   0.57786  -0.46993  -0.46767   0.00227
 925   0.57849  -0.47340  -0.47113   0.00227
 926   0.57911  -0.47686  -0.47458   0.00228
 927   0.57974  -0.48031  -0.47802   0.00229
 928   0.58036  -0.48375  -0.48146   0.00229
 929   0.58099  -0.48718  -0.48489   0.00230
 930   0.58161  -0.49061  -0.48831   0.00231
 931   0.58224  -0.49403  -0.49172   0.00231
 932   0.58286  -0.49745  -0.49513   0.00232
 933   0.58349  -0.50085  -0.49852   0.00233
 934   0.58412  -0.50425  -0.50191   0.00233
 935   0.58474  -0.50764  -0.50530   0.00234
 936   0.58537  -0.51102  -0.50867   0.00235
 937   0.58599  -0.51439  -0.51204   0.00235
 938   0.58662  -0.51776  -0.51540   0.00236
 939   0.58724  -0.52112  -0.51875   0.00237
 940   0.58787  -0.52447  -0.52209   0.00237
 941   0.58849  -0.52781  -0.52543   0.00238
 942   0.58912  -0.53114  -0.52876   0.00238
 943   0.58974  -0.53447  -0.53207   0.00239
 944   0.59037  -0.53778  -0.53539   0.00240
 945   0.59099  -0.54109  -0.53869   0.00240
 946   0.59162  -0.54439  -0.54198   0.00241
 947   0.59225  -0.54768  -0.54527   0.00242
 948   0.59287  -0.55097  -0.54855   0.00242
 949   0.59350  -0.55424  -0.55181   0.00243
 950   0.59412  -0.55751  -0.55507   0.00243
 951   0.59475  -0.56077  -0.55833   0.00244
 952   0.59537  -0.56402  -0.56157   0.00245
 953   0.59600  -0.56726  -0.56480   0.00245
 954   0.59662  -0.57049  -0.56803   0.00246
 955   0.59725  -0.57371  -0.57125   0.00246
 956   0.59787  -0.57692  -0.57446   0.00247
 957   0.59850  -0.58013  -0.57766   0.00247
 958   0.59912  -0.58333  -0.58085   0.00248
 959   0.59975  -0.58651  -0.58403   0.00249
 960   0.60038  -0.58969  -0.58720   0.00249
 961   0.60100  -0.59286  -0.59036   0.00250
 962   0.60163  -0.59602  -0.59352   0.00250
 963   0.60225  -0.59917  -0.59666   0.00251
 964   0.60288  -0.60231  -0.59980   0.00251
 965   0.60350  -0.60544  -0.60293   0.00252
 966   0.60413  -0.60857  -0.60604   0.00252
 967   0.60475  -0.61168  -0.60915   0.00253
 968   0.60538  -0.61478  -0.61225   0.00253
 969   0.60600  -0.61788  -0.61534   0.00254
 970   0.60663  -0.62096  -0.61842   0.00254
 971   0.60725  -0.62404  -0.62149   0.00255
 972   0.60788  -0.62710  -0.62455   0.00255
 973   0.60851  -0.63016  -0.62760   0.00256
 974   0.60913  -0.63321  -0.63064   0.00256
 975   0.60976  -0.63624  -0.63367   0.00257
 976   0.61038  -0.63927  -0.63670   0.00257
 977   0.61101  -0.64229  -0.63971   0.00258
 978   0.61163  -0.64529  -0.64271   0.00258
 979   0.61226  -0.64829  -0.64570   0.00259
 980   0.61288  -0.65128  -0.64868   0.00259
 981   0.61351  -0.65425  -0.65166   0.00260
 982   0.61413  -0.65722  -0.65462   0.00260
 983   0.61476  -0.66018  -0.65757   0.00261
 984   0.61538  -0.66312  -0.66051   0.00261
 985   0.61601  -0.66606  -0.66344   0.00261
 986   0.61664  -0.66898  -0.66637   0.00262
 987   0.61726  -0.67190  -0.66928   0.00262
 988   0.61789  -0.67481  -0.67218   0.00263
 989   0.61851  -0.67770  -0.67507   0.00263
 990   0.61914  -0.68058  -0.67795   0.00263
 991   0.61976  -0.68346  -0.68082   0.00264
 992   0.62039  -0.68632  -0.68368   0.00264
 993   0.62101  -0.68917  -0.68653   0.00265
 994   0.62164  -0.69202  -0.68936   0.00265
 995   0.62226  -0.69485  -0.69219   0.00266
 996   0.62289  -0.69767  -0.69501   0.00266
 997   0.62351  -0.70048  -0.69781   0.00266
 998   0.62414  -0.70328  -0.70061   0.00267
 999   0.62477  -0.70606  -0.70339   0.00267
1000   0.62539  -0.70884  -0.70617   0.00267
1001   0.62602  -0.71161  -0.70893   0.00268
1002   0.62664  -0.71436  -0.71168   0.00268
1003   0.62727  -0.71711  -0.71442   0.00269
1004   0.62789  -0.71984  -0.71715   0.00269
1005   0.62852  -0.72256  -0.71987   0.00269
1006   0.62914  -0.72527  -0.72258   0.00270
1007   0.62977  -0.72797  -0.72527   0.00270
1008   0.63039  -0.73066  -0.72796   0.00270
1009   0.63102  -0.73334  -0.73063   0.00271
1010   0.63164  -0.73600  -0.73329   0.00271
1011   0.63227  -0.73866  -0.73594   0.00271
1012   0.63290  -0.74130  -0.73858   0.00272
1013   0.63352  -0.74393  -0.74121   0.00272
1014   0.63415  -0.74655  -0.74383   0.00272
1015   0.63477  -0.74916  -0.74644   0.00273
1016   0.63540  -0.75176  -0.74903   0.00273
1017   0.63602  -0.75434  -0.75161   0.00273
1018   0.63665  -0.75692  -0.75418   0.00273
1019   0.63727  -0.75948  -0.75674   0.00274
1020   0.63790  -0.76203  -0.75929   0.00274
1021   0.63852  -0.76457  -0.76182   0.00274
1022   0.63915  -0.76710  -0.76435   0.00275
1023   0.63977  -0.76961  -0.76686   0.00275
1024   0.64040  -0.77211  -0.76936   0.00276
1025   0.64103  -0.77460  -0.77185   0.00276
1026   0.64165  -0.77708  -0.77432   0.00276
1027   0.64228  -0.77955  -0.77679   0.00277
1028   0.64290  -0.78201  -0.77924   0.00277
1029   0.64353  -0.78445  -0.78168   0.00277
1030   0.64415  -0.78688  -0.78411   0.00277
1031   0.64478  -0.78930  -0.78652   0.00278
1032   0.64540  -0.79171  -0.78893   0.00278
1033   0.64603  -0.79410  -0.79132   0.00278
1034   0.64665  -0.79648  -0.79370   0.00278
1035   0.64728  -0.79885  -0.79607   0.00279
1036   0.64790  -0.80121  -0.79842   0.00279
1037   0.64853  -0.80355  -0.80076   0.00279
1038   0.64916  -0.80589  -0.80309   0.00279
1039   0.64978  -0.80821  -0.80541   0.00280
1040   0.65041  -0.81052  -0.80772   0.00280
1041   0.65103  -0.81281  -0.81001   0.00280
1042   0.65166  -0.81509  -0.81229   0.00280
1043   0.65228  -0.81736  -0.81456   0.00281
1044   0.65291  -0.81962  -0.81681   0.00281
1045   0.65353  -0.82187  -0.81906   0.00281
1046   0.65416  -0.82410  -0.82129   0.00281
1047   0.65478  -0.82632  -0.82350   0.00281
1048   0.65541  -0.82852  -0.82571   0.00282
1049   0.65604  -0.83072  -0.82790   0.00282
1050   0.65666  -0.83290  -0.83008   0.00282
1051   0.65729  -0.83507  -0.83225   0.00282
1052   0.65791  -0.83722  -0.83440   0.00282
1053   0.65854  -0.83937  -0.83654   0.00282
1054   0.65916  -0.84149  -0.83867   0.00283
1055   0.65979  -0.84361  -0.84078   0.00283
1056   0.66041  -0.84571  -0.84289   0.00283
1057   0.66104  -0.84780  -0.84497   0.00283
1058   0.66166  -0.84988  -0.84705   0.00283
1059   0.66229  -0.85195  -0.84911   0.00283
1060   0.66291  -0.85400  -0.85116   0.00283
1061   0.66354  -0.85604  -0.85320   0.00284
1062   0.66417  -0.85806  -0.85522   0.00284
1063   0.66479  -0.86007  -0.85723   0.00284
1064   0.66542  -0.86207  -0.85923   0.00284
1065   0.66604  -0.86405  -0.86121   0.00284
1066   0.66667  -0.86603  -0.86318   0.00284
1067   0.66729  -0.86798  -0.86514   0.00284
1068   0.66792  -0.86993  -0.86708   0.00284
1069   0.66854  -0.87186  -0.86901   0.00285
1070   0.66917  -0.87378  -0.87093   0.00285
1071   0.66979  -0.87568  -0.87283   0.00285
1072   0.67042  -0.87757  -0.87472   0.00285
1073   0.67104  -0.87945  -0.87660   0.00285
1074   0.67167  -0.88131  -0.87846   0.00285
1075   0.67230  -0.88316  -0.88031   0.00285
1076   0.67292  -0.88500  -0.88215   0.00285
1077   0.67355  -0.88682  -0.88397   0.00285
1078   0.67417  -0.88863  -0.88578   0.00285
1079   0.67480  -0.89043  -0.88757   0.00285
1080   0.67542  -0.89221  -0.88936   0.00285
1081   0.67605  -0.89398  -0.89112   0.00285
1082   0.67667  -0.89573  -0.89288   0.00285
1083   0.67730  -0.89747  -0.89462   0.00285
1084   0.67792  -0.89920  -0.89634   0.00285
1085   0.67855  -0.90091  -0.89805   0.00285
1086   0.67917  -0.90261  -0.89975   0.00285
1087   0.67980  -0.90429  -0.90144   0.00285
1088   0.68043  -0.90596  -0.90311   0.00285
1089   0.68105  -0.90762  -0.90476   0.00285
1090   0.68168  -0.90926  -0.90641   0.00285
1091   0.68230  -0.91089  -0.90804   0.00285
1092   0.68293  -0.91250  -0.90965   0.00285
1093   0.68355  -0.91410  -0.91125   0.00285
1094   0.68418  -0.91569  -0.91284   0.00285
1095   0.68480  -0.91726  -0.91441   0.00285
1096   0.68543  -0.91882  -0.91597   0.00285
1097   0.68605  -0.92036  -0.91751   0.00285
1098   0.68668  -0.92189  -0.91904   0.00285
1099   0.68730  -0.92341  -0.92056   0.00285
1100   0.68793  -0.92491  -0.92206   0.00285
1101   0.68856  -0.92640  -0.92355   0.00285
1102   0.68918  -0.92787  -0.92502   0.00285
1103   0.68981  -0.92933  -0.92648   0.00285
1104   0.69043  -0.93077  -0.92792   0.00285
1105   0.69106  -0.93220  -0.92935   0.00285
1106   0.69168  -0.93362  -0.93077   0.00285
1107   0.69231  -0.93502  -0.93217   0.00284
1108   0.69293  -0.93640  -0.93356   0.00284
1109   0.69356  -0.93777  -0.93493   0.00284
1110   0.69418  -0.93913  -0.93629   0.00284
1111   0.69481  -0.94047  -0.93763   0.00284
1112   0.69543  -0.94180  -0.93896   0.00284
1113   0.69606  -0.94312  -0.94028   0.00284
1114   0.69669  -0.94442  -0.94158   0.00284
1115   0.69731  -0.94570  -0.94286   0.00284
1116   0.69794  -0.94697  -0.94413   0.00284
1117   0.69856  -0.94822  -0.94539   0.00283
1118   0.69919  -0.94947  -0.94663   0.00283
1119   0.69981  -0.95069  -0.94786   0.00283
1120   0.70044  -0.95190  -0.94907   0.00283
1121   0.70106  -0.95310  -0.95027   0.00283
1122   0.70169  -0.95428  -0.95145   0.00283
1123   0.70231  -0.95545  -0.95262   0.00283
1124   0.70294  -0.95660  -0.95377   0.00283
1125   0.70356  -0.95774  -0.95491   0.00283
1126   0.70419  -0.95886  -0.95604   0.00283
1127   0.70482  -0.95997  -0.95715   0.00282
1128   0.70544  -0.96106  -0.95824   0.00282
1129   0.70607  -0.96214  -0.95932   0.00282
1130   0.70669  -0.96320  -0.96039   0.00282
1131   0.70732  -0.96425  -0.96144   0.00282
1132   0.70794  -0.96529  -0.96247   0.00281
1133   0.70857  -0.96631  -0.96349   0.00281
1134   0.70919  -0.96731  -0.96450   0.00281
1135   0.70982  -0.96830  -0.96549   0.00281
1136   0.71044  -0.96927  -0.96647   0.00281
1137   0.71107  -0.97023  -0.96743   0.00280
1138   0.71169  -0.97118  -0.96838   0.00280
1139   0.71232  -0.97211  -0.96931   0.00280
1140   0.71295  -0.97302  -0.97022   0.00280
1141   0.71357  -0.97392  -0.97113   0.00279
1142   0.71420  -0.97480  -0.97201   0.00279
1143   0.71482  -0.97567  -0.97288   0.00279
1144   0.71545  -0.97653  -0.97374   0.00279
1145   0.71607  -0.97736  -0.97458   0.00278
1146   0.71670  -0.97819  -0.97541   0.00278
1147   0.71732  -0.97900  -0.97622   0.00278
1148   0.71795  -0.97979  -0.97702   0.00277
1149   0.71857  -0.98057  -0.97780   0.00277
1150   0.71920  -0.98133  -0.97856   0.00277
1151   0.71982  -0.98208  -0.97931   0.00277
1152   0.72045  -0.98281  -0.98005   0.00276
1153   0.72108  -0.98353  -0.98077   0.00276
1154   0.72170  -0.98423  -0.98147   0.00276
1155   0.72233  -0.98492  -0.98217   0.00276
1156   0.72295  -0.98559  -0.98284   0.00275
1157   0.72358  -0.98625  -0.98350   0.00275
1158   0.72420  -0.98689  -0.98414   0.00275
1159   0.72483  -0.98752  -0.98477   0.00275
1160   0.72545  -0.98813  -0.98539   0.00274
1161   0.72608  -0.98873  -0.98599   0.00274
1162   0.72670  -0.98931  -0.98657   0.00274
1163   0.72733  -0.98987  -0.98714   0.00274
1164   0.72795  -0.99042  -0.98769   0.00273
1165   0.72858  -0.99096  -0.98823   0.00273
1166   0.72921  -0.99148  -0.98875   0.00273
1167   0.72983  -0.99198  -0.98926   0.00272
1168   0.73046  -0.99247  -0.98975   0.00272
1169   0.73108  -0.99294  -0.99023   0.00272
1170   0.73171  -0.99340  -0.99069   0.00272
1171   0.73233  -0.99385  -0.99113   0.00271
1172   0.73296  -0.99427  -0.99156   0.00271
1173   0.73358  -0.99468  -0.99198   0.00271
1174   0.73421  -0.99508  -0.99238   0.00270
1175   0.73483  -0.99546  -0.99276   0.00270
1176   0.73546  -0.99583  -0.99313   0.00270
1177   0.73609  -0.99618  -0.99349   0.00269
1178   0.73671  -0.99652  -0.99382   0.00269
1179   0.73734  -0.99684  -0.99415   0.00269
1180   0.73796  -0.99714  -0.99446   0.00268
1181   0.73859  -0.99743  -0.99475   0.00268
1182   0.73921  -0.99770  -0.99503   0.00268
1183   0.73984  -0.99796  -0.99529   0.00267
1184   0.74046  -0.99821  -0.99554   0.00267
1185   0.74109  -0.99843  -0.99577   0.00267
1186   0.74171  -0.99864  -0.99598   0.00266
1187   0.74234  -0.99884  -0.99618   0.00266
1188   0.74296  -0.99902  -0.99637   0.00265
1189   0.74359  -0.99919  -0.99654   0.00265
1190   0.74422  -0.99934  -0.99669   0.00265
1191   0.74484  -0.99947  -0.99683   0.00264
1192   0.74547  -0.99959  -0.99696   0.00264
1193   0.74609  -0.99970  -0.99706   0.00263
1194   0.74672  -0.99979  -0.99716   0.00263
1195   0.74734  -0.99986  -0.99724   0.00263
1196   0.74797  -0.99992  -0.99730   0.00262
1197   0.74859  -0.99996  -0.99734   0.00262
1198   0.74922  -0.99999  -0.99738   0.00261
1199   0.74984  -1.00000  -0.99739   0.00261
1200   0.75047  -1.00000  -0.99739   0.00260
1201   0.75109  -0.99998  -0.99738   0.00260
1202   0.75172  -0.99994  -0.99735   0.00259
1203   0.75235  -0.99989  -0.99730   0.00259
1204   0.75297  -0.99983  -0.99724   0.00259
1205   0.75360  -0.99974  -0.99716   0.00258
1206   0.75422  -0.99965  -0.99707   0.00258
1207   0.75485  -0.99954  -0.99697   0.00257
1208   0.75547  -0.99941  -0.99684   0.00257
1209   0.75610  -0.99927  -0.99671   0.00256
1210   0.75672  -0.99911  -0.99655   0.00256
1211   0.75735  -0.99893  -0.99638   0.00255
1212   0.75797  -0.99875  -0.99620   0.00255
1213   0.75860  -0.99854  -0.99600   0.00254
1214   0.75922  -0.99832  -0.99579   0.00254
1215   0.75985  -0.99809  -0.99556   0.00253
1216   0.76048  -0.99783  -0.99531   0.00252
1217   0.76110  -0.99757  -0.99505   0.00252
1218   0.76173  -0.99729  -0.99477   0.00251
1219   0.76235  -0.99699  -0.99448   0.00251
1220   0.76298  -0.99668  -0.99418   0.00250
1221   0.76360  -0.99635  -0.99385   0.00250
1222   0.76423  -0.99601  -0.99352   0.00249
1223   0.76485  -0.99565  -0.99316   0.00249
1224   0.76548  -0.99527  -0.99279   0.00248
1225   0.76610  -0.99489  -0.99241   0.00247
1226   0.76673  -0.99448  -0.99201   0.00247
1227   0.76735  -0.99406  -0.99160   0.00246
1228   0.76798  -0.99363  -0.99117   0.00246
1229   0.76861  -0.99317  -0.99073   0.00245
1230   0.76923  -0.99271  -0.99027   0.00244
1231   0.76986  -0.99223  -0.98979   0.00244
1232   0.77048  -0.99173  -0.98930   0.00243
1233   0.77111  -0.99122  -0.98879   0.00242
1234   0.77173  -0.99069  -0.98827   0.00242
1235   0.77236  -0.99015  -0.98774   0.00241
1236   0.77298  -0.98959  -0.98719   0.00241
1237   0.77361  -0.98902  -0.98662   0.00240
1238   0.77423  -0.98843  -0.98604   0.00239
1239   0.77486  -0.98783  -0.98544   0.00239
1240   0.77548  -0.98721  -0.98483   0.00238
1241   0.77611  -0.98657  -0.98420   0.00237
1242   0.77674  -0.98592  -0.98356   0.00237
1243   0.77736  -0.98526  -0.98290   0.00236
1244   0.77799  -0.98458  -0.98222   0.00236
1245   0.77861  -0.98388  -0.98154   0.00235
1246   0.77924  -0.98317  -0.98083   0.00234
1247   0.77986  -0.98245  -0.98011   0.00234
1248   0.78049  -0.98171  -0.97938   0.00233
1249   0.78111  -0.98095  -0.97863   0.00232
1250   0.78174  -0.98018  -0.97786   0.00232
1251   0.78236  -0.97940  -0.97709   0.00231
1252   0.78299  -0.97859  -0.97629   0.00230
1253   0.78361  -0.97778  -0.97548   0.00230
1254   0.78424  -0.97695  -0.97466   0.00229
1255   0.78487  -0.97610  -0.97382   0.00228
1256   0.78549  -0.97524  -0.97296   0.00228
1257   0.78612  -0.97436  -0.97209   0.00227
1258   0.78674  -0.97347  -0.97121   0.00226
1259   0.78737  -0.97256  -0.97031   0.00226
1260   0.78799  -0.97164  -0.96939   0.00225
1261   0.78862  -0.97071  -0.96846   0.00224
1262   0.78924  -0.96975  -0.96752   0.00224
1263   0.78987  -0.96879  -0.96656   0.00223
1264   0.79049  -0.96781  -0.96558   0.00222
1265   0.79112  -0.96681  -0.96459   0.00222
1266   0.79174  -0.96580  -0.96359   0.00221
1267   0.79237  -0.96477  -0.96257   0.00220
1268   0.79300  -0.96373  -0.96154   0.00219
1269   0.79362  -0.96267  -0.96049   0.00219
1270   0.79425  -0.96160  -0.95942   0.00218
1271   0.79487  -0.96052  -0.95835   0.00217
1272   0.79550  -0.95942  -0.95725   0.00216
1273   0.79612  -0.95830  -0.95614   0.00216
1274   0.79675  -0.95717  -0.95502   0.00215
1275   0.79737  -0.95603  -0.95388   0.00214
1276   0.79800  -0.95487  -0.95273   0.00213
1277   0.79862  -0.95369  -0.95157   0.00213
1278   0.79925  -0.95250  -0.95039   0.00212
1279   0.79987  -0.95130  -0.94919   0.00211
1280   0.80050  -0.95008  -0.94798   0.00210
1281   0.80113  -0.94885  -0.94675   0.00209
1282   0.80175  -0.94760  -0.94551   0.00209
1283   0.80238  -0.94634  -0.94426   0.00208
1284   0.80300  -0.94506  -0.94299   0.00207
1285   0.80363  -0.94377  -0.94170   0.00206
1286   0.80425  -0.94246  -0.94041   0.00206
1287   0.80488  -0.94114  -0.93909   0.00205
1288   0.80550  -0.93980  -0.93776   0.00204
1289   0.80613  -0.93845  -0.93642   0.00203
1290   0.80675  -0.93709  -0.93507   0.00203
1291   0.80738  -0.93571  -0.93369   0.00202
1292   0.80800  -0.93432  -0.93231   0.00201
1293   0.80863  -0.93291  -0.93091   0.00200
1294   0.80926  -0.93149  -0.92949   0.00199
1295   0.80988  -0.93005  -0.92807   0.00199
1296   0.81051  -0.92860  -0.92662   0.00198
1297   0.81113  -0.92713  -0.92516   0.00197
1298   0.81176  -0.92566  -0.92369   0.00196
1299   0.81238  -0.92416  -0.92221   0.00195
1300   0.81301  -0.92265  -0.92071   0.00195
1301   0.81363  -0.92113  -0.91919   0.00194
1302   0.81426  -0.91959  -0.91766   0.00193
1303   0.81488  -0.91804  -0.91612   0.00192
1304   0.81551  -0.91648  -0.91456   0.00191
1305   0.81614  -0.91490  -0.91299   0.00191
1306   0.81676  -0.91331  -0.91141   0.00190
1307   0.81739  -0.91170  -0.90981   0.00189
1308   0.81801  -0.91008  -0.90820   0.00188
1309   0.81864  -0.90844  -0.90657   0.00187
1310   0.81926  -0.90679  -0.90493   0.00186
1311   0.81989  -0.90513  -0.90327   0.00185
1312   0.82051  -0.90345  -0.90160   0.00185
1313   0.82114  -0.90176  -0.89992   0.00184
1314   0.82176  -0.90005  -0.89822   0.00183
1315   0.82239  -0.89833  -0.89651   0.00182
1316   0.82301  -0.89660  -0.89479   0.00181
1317   0.82364  -0.89485  -0.89305   0.00180
1318   0.82427  -0.89309  -0.89130   0.00180
1319   0.82489  -0.89132  -0.88953   0.00179
1320   0.82552  -0.88953  -0.88775   0.00178
1321   0.82614  -0.88773  -0.88596   0.00177
1322   0.82677  -0.88591  -0.88415   0.00176
1323   0.82739  -0.88408  -0.88233   0.00175
1324   0.82802  -0.88224  -0.88050   0.00174
1325   0.82864  -0.88038  -0.87865   0.00173
1326   0.82927  -0.87851  -0.87679   0.00173
1327   0.82989  -0.87663  -0.87491   0.00172
1328   0.83052  -0.87473  -0.87302   0.00171
1329   0.83114  -0.87282  -0.87112   0.00170
1330   0.83177  -0.87090  -0.86921   0.00169
1331   0.83240  -0.86896  -0.86728   0.00168
1332   0.83302  -0.86701  -0.86533   0.00167
1333   0.83365  -0.86504  -0.86338   0.00166
1334   0.83427  -0.86306  -0.86141   0.00165
1335   0.83490  -0.86107  -0.85943   0.00164
1336   0.83552  -0.85907  -0.85743   0.00164
1337   0.83615  -0.85705  -0.85542   0.00163
1338   0.83677  -0.85502  -0.85340   0.00162
1339   0.83740  -0.85297  -0.85137   0.00161
1340   0.83802  -0.85092  -0.84932   0.00160
1341   0.83865  -0.84885  -0.84726   0.00159
1342   0.83927  -0.84676  -0.84518   0.00158
1343   0.83990  -0.84466  -0.84309   0.00157
1344   0.84053  -0.84255  -0.84099   0.00156
1345   0.84115  -0.84043  -0.83888   0.00155
1346   0.84178  -0.83830  -0.83675   0.00154
1347   0.84240  -0.83615  -0.83461   0.00153
1348   0.84303  -0.83399  -0.83246   0.00152
1349   0.84365  -0.83181  -0.83030   0.00152
1350   0.84428  -0.82962  -0.82812   0.00151
1351   0.84490  -0.82742  -0.82593   0.00150
1352   0.84553  -0.82521  -0.82372   0.00149
1353   0.84615  -0.82298  -0.82151   0.00148
1354   0.84678  -0.82075  -0.81928   0.00147
1355   0.84740  -0.81849  -0.81704   0.00146
1356   0.84803  -0.81623  -0.81478   0.00145
1357   0.84866  -0.81395  -0.81251   0.00144
1358   0.84928  -0.81166  -0.81024   0.00143
1359   0.84991  -0.80936  -0.80794   0.00142
1360   0.85053  -0.80705  -0.80564   0.00141
1361   0.85116  -0.80472  -0.80332   0.00140
1362   0.85178  -0.80238  -0.80099   0.00139
1363   0.85241  -0.80003  -0.79865   0.00138
1364   0.85303  -0.79767  -0.79630   0.00137
1365   0.85366  -0.79529  -0.79393   0.00136
1366   0.85428  -0.79290  -0.79155   0.00135
1367   0.85491  -0.79050  -0.78916   0.00134
1368   0.85553  -0.78809  -0.78676   0.00133
1369   0.85616  -0.78567  -0.78434   0.00132
1370   0.85679  -0.78323  -0.78192   0.00131
1371   0.85741  -0.78078  -0.77948   0.00130
1372   0.85804  -0.77832  -0.77703   0.00129
1373   0.85866  -0.77585  -0.77457   0.00128
1374   0.85929  -0.77336  -0.77209   0.00127
1375   0.85991  -0.77086  -0.76960   0.00126
1376   0.86054  -0.76835  -0.76711   0.00125
1377   0.86116  -0.76583  -0.76459   0.00124
1378   0.86179  -0.76330  -0.76207   0.00123
1379   0.86241  -0.76076  -0.75954   0.00122
1380   0.86304  -0.75820  -0.75699   0.00121
1381   0.86366  -0.75563  -0.75443   0.00120
1382   0.86429  -0.75305  -0.75187   0.00119
1383   0.86492  -0.75046  -0.74928   0.00118
1384   0.86554  -0.74786  -0.74669   0.00117
1385   0.86617  -0.74524  -0.74409   0.00116
1386   0.86679  -0.74262  -0.74147   0.00115
1387   0.86742  -0.73998  -0.73884   0.00114
1388   0.86804  -0.73733  -0.73621   0.00113
1389   0.86867  -0.73467  -0.73356   0.00112
1390   0.86929  -0.73200  -0.73090   0.00111
1391   0.86992  -0.72932  -0.72822   0.00109
1392   0.87054  -0.72662  -0.72554   0.00108
1393   0.87117  -0.72392  -0.72285   0.00107
1394   0.87179  -0.72120  -0.72014   0.00106
1395   0.87242  -0.71847  -0.71742   0.00105
1396   0.87305  -0.71574  -0.71469   0.00104
1397   0.87367  -0.71299  -0.71196   0.00103
1398   0.87430  -0.71023  -0.70920   0.00102
1399   0.87492  -0.70745  -0.70644   0.00101
1400   0.87555  -0.70467  -0.70367   0.00100
1401   0.87617  -0.70188  -0.70089   0.00099
1402   0.87680  -0.69907  -0.69809   0.00098
1403   0.87742  -0.69626  -0.69529   0.00097
1404   0.87805  -0.69343  -0.69247   0.00096
1405   0.87867  -0.69060  -0.68965   0.00095
1406   0.87930  -0.68775  -0.68681   0.00094
1407   0.87992  -0.68489  -0.68397   0.00093
1408   0.88055  -0.68202  -0.68111   0.00092
1409   0.88118  -0.67914  -0.67824   0.00090
1410   0.88180  -0.67625  -0.67536   0.00089
1411   0.88243  -0.67335  -0.67247   0.00088
1412   0.88305  -0.67044  -0.66957   0.00087
1413   0.88368  -0.66752  -0.66666   0.00086
1414   0.88430  -0.66459  -0.66374   0.00085
1415   0.88493  -0.66165  -0.66081   0.00084
1416   0.88555  -0.65870  -0.65787   0.00083
1417   0.88618  -0.65574  -0.65492   0.00082
1418   0.88680  -0.65277  -0.65196   0.00081
1419   0.88743  -0.64978  -0.64899   0.00080
1420   0.88806  -0.64679  -0.64600   0.00079
1421   0.88868  -0.64379  -0.64301   0.00078
1422   0.88931  -0.64078  -0.64001   0.00077
1423   0.88993  -0.63776  -0.63700   0.00076
1424   0.89056  -0.63473  -0.63398   0.00074
1425   0.89118  -0.63168  -0.63095   0.00073
1426   0.89181  -0.62863  -0.62791   0.00072
1427   0.89243  -0.62557  -0.62486   0.00071
1428   0.89306  -0.62250  -0.62180   0.00070
1429   0.89368  -0.61942  -0.61873   0.00069
1430   0.89431  -0.61633  -0.61565   0.00068
1431   0.89493  -0.61323  -0.61256   0.00067
1432   0.89556  -0.61012  -0.60947   0.00066
1433   0.89619  -0.60701  -0.60636   0.00065
1434   0.89681  -0.60388  -0.60324   0.00064
1435   0.89744  -0.60074  -0.60012   0.00063
1436   0.89806  -0.59760  -0.59698   0.00062
1437   0.89869  -0.59444  -0.59384   0.00060
1438   0.89931  -0.59128  -0.59068   0.00059
1439   0.89994  -0.58810  -0.58752   0.00058
1440   0.90056  -0.58492  -0.58435   0.00057
1441   0.90119  -0.58173  -0.58117   0.00056
1442   0.90181  -0.57853  -0.57798   0.00055
1443   0.90244  -0.57532  -0.57478   0.00054
1444   0.90306  -0.57210  -0.57157   0.00053
1445   0.90369  -0.56887  -0.56836   0.00052
1446   0.90432  -0.56564  -0.56513   0.00051
1447   0.90494  -0.56239  -0.56190   0.00049
1448   0.90557  -0.55914  -0.55866   0.00048
1449   0.90619  -0.55588  -0.55540   0.00047
1450   0.90682  -0.55261  -0.55215   0.00046
1451   0.90744  -0.54933  -0.54888   0.00045
1452   0.90807  -0.54604  -0.54560   0.00044
1453   0.90869  -0.54274  -0.54232   0.00043
1454   0.90932  -0.53944  -0.53902   0.00042
1455   0.90994  -0.53613  -0.53572   0.00040
1456   0.91057  -0.53280  -0.53241   0.00039
1457   0.91119  -0.52948  -0.52909   0.00038
1458   0.91182  -0.52614  -0.52577   0.00037
1459   0.91245  -0.52279  -0.52243   0.00036
1460   0.91307  -0.51944  -0.51909   0.00035
1461   0.91370  -0.51608  -0.51574   0.00034
1462   0.91432  -0.51271  -0.51238   0.00032
1463   0.91495  -0.50933  -0.50902   0.00031
1464   0.91557  -0.50594  -0.50564   0.00030
1465   0.91620  -0.50255  -0.50226   0.00029
1466   0.91682  -0.49915  -0.49887   0.00028
1467   0.91745  -0.49574  -0.49547   0.00027
1468   0.91807  -0.49232  -0.49207   0.00026
1469   0.91870  -0.48890  -0.48866   0.00024
1470   0.91932  -0.48547  -0.48524   0.00023
1471   0.91995  -0.48203  -0.48181   0.00022
1472   0.92058  -0.47858  -0.47837   0.00021
1473   0.92120  -0.47513  -0.47493   0.00020
1474   0.92183  -0.47167  -0.47148   0.00019
1475   0.92245  -0.46820  -0.46802   0.00018
1476   0.92308  -0.46472  -0.46456   0.00016
1477   0.92370  -0.46124  -0.46109   0.00015
1478   0.92433  -0.45775  -0.45761   0.00014
1479   0.92495  -0.45425  -0.45412   0.00013
1480   0.92558  -0.45075  -0.45063   0.00012
1481   0.92620  -0.44724  -0.44713   0.00011
1482   0.92683  -0.44372  -0.44362   0.00010
1483   0.92745  -0.44020  -0.44011   0.00009
1484   0.92808  -0.43666  -0.43659   0.00008
1485   0.92871  -0.43313  -0.43306   0.00006
1486   0.92933  -0.42958  -0.42953   0.00005
1487   0.92996  -0.42603  -0.42599   0.00004
1488   0.93058  -0.42247  -0.42244   0.00003
1489   0.93121  -0.41891  -0.41889   0.00002
1490   0.93183  -0.41533  -0.41533   0.00001
1491   0.93246  -0.41176  -0.41176   0.00000
1492   0.93308  -0.40817  -0.40819   0.00001
1493   0.93371  -0.40458  -0.40461   0.00003
1494   0.93433  -0.40099  -0.40102   0.00004
1495   0.93496  -0.39738  -0.39743   0.00005
1496   0.93558  -0.39377  -0.39383   0.00006
1497   0.93621  -0.39016  -0.39023   0.00007
1498   0.93684  -0.38654  -0.38662   0.00008
1499   0.93746  -0.38291  -0.38300   0.00009
1500   0.93809  -0.37928  -0.37938   0.00010
1501   0.93871  -0.37564  -0.37575   0.00011
1502   0.93934  -0.37199  -0.37212   0.00013
1503   0.93996  -0.36834  -0.36848   0.00014
1504   0.94059  -0.36469  -0.36484   0.00015
1505   0.94121  -0.36103  -0.36119   0.00016
1506   0.94184  -0.35736  -0.35753   0.00017
1507   0.94246  -0.35369  -0.35387   0.00018
1508   0.94309  -0.35001  -0.35020   0.00019
1509   0.94371  -0.34632  -0.34653   0.00020
1510   0.94434  -0.34264  -0.34285   0.00022
1511   0.94497  -0.33894  -0.33917   0.00023
1512   0.94559  -0.33524  -0.33548   0.00024
1513   0.94622  -0.33154  -0.33179   0.00025
1514   0.94684  -0.32783  -0.32809   0.00026
1515   0.94747  -0.32411  -0.32438   0.00027
1516   0.94809  -0.32039  -0.32068   0.00028
1517   0.94872  -0.31667  -0.31696   0.00029
1518   0.94934  -0.31294  -0.31324   0.00031
1519   0.94997  -0.30920  -0.30952   0.00032
1520   0.95059  -0.30546  -0.30579   0.00033
1521   0.95122  -0.30172  -0.30206   0.00034
1522   0.95184  -0.29797  -0.29832   0.00035
1523   0.95247  -0.29422  -0.29458   0.00036
1524   0.95310  -0.29046  -0.29083   0.00037
1525   0.95372  -0.28670  -0.28708   0.00038
1526   0.95435  -0.28293  -0.28333   0.00039
1527   0.95497  -0.27916  -0.27957   0.00041
1528   0.95560  -0.27539  -0.27580   0.00042
1529   0.95622  -0.27161  -0.27203   0.00043
1530   0.95685  -0.26782  -0.26826   0.00044
1531   0.95747  -0.26403  -0.26448   0.00045
1532   0.95810  -0.26024  -0.26070   0.00046
1533   0.95872  -0.25645  -0.25692   0.00047
1534   0.95935  -0.25265  -0.25313   0.00048
1535   0.95997  -0.24884  -0.24934   0.00050
1536   0.96060  -0.24503  -0.24554   0.00051
1537   0.96123  -0.24122  -0.24174   0.00052
1538   0.96185  -0.23741  -0.23794   0.00053
1539   0.96248  -0.23359  -0.23413   0.00054
1540   0.96310  -0.22977  -0.23032   0.00055
1541   0.96373  -0.22594  -0.22650   0.00056
1542   0.96435  -0.22211  -0.22268   0.00057
1543   0.96498  -0.21828  -0.21886   0.00058
1544   0.96560  -0.21444  -0.21504   0.00059
1545   0.96623  -0.21060  -0.21121   0.00061
1546   0.96685  -0.20676  -0.20738   0.00062
1547   0.96748  -0.20291  -0.20354   0.00063
1548   0.96811  -0.19906  -0.19970   0.00064
1549   0.96873  -0.19521  -0.19586   0.00065
1550   0.96936  -0.19136  -0.19202   0.00066
1551   0.96998  -0.18750  -0.18817   0.00067
1552   0.97061  -0.18364  -0.18432   0.00068
1553   0.97123  -0.17977  -0.18047   0.00069
1554   0.97186  -0.17591  -0.17661   0.00070
1555   0.97248  -0.17204  -0.17275   0.00072
1556   0.97311  -0.16816  -0.16889   0.00073
1557   0.97373  -0.16429  -0.16503   0.00074
1558   0.97436  -0.16041  -0.16116   0.00075
1559   0.97498  -0.15653  -0.15729   0.00076
1560   0.97561  -0.15265  -0.15342   0.00077
1561   0.97624  -0.14877  -0.14955   0.00078
1562   0.97686  -0.14488  -0.14567   0.00079
1563   0.97749  -0.14099  -0.14179   0.00080
1564   0.97811  -0.13710  -0.13791   0.00081
1565   0.97874  -0.13320  -0.13403   0.00082
1566   0.97936  -0.12931  -0.13014   0.00083
1567   0.97999  -0.12541  -0.12626   0.00085
1568   0.98061  -0.12151  -0.12237   0.00086
1569   0.98124  -0.11761  -0.11848   0.00087
1570   0.98186  -0.11371  -0.11459   0.00088
1571   0.98249  -0.10980  -0.11069   0.00089
1572   0.98311  -0.10590  -0.10680   0.00090
1573   0.98374  -0.10199  -0.10290   0.00091
1574   0.98437  -0.09808  -0.09900   0.00092
1575   0.98499  -0.09417  -0.09510   0.00093
1576   0.98562  -0.09025  -0.09120   0.00094
1577   0.98624  -0.08634  -0.08729   0.00095
1578   0.98687  -0.08242  -0.08339   0.00096
1579   0.98749  -0.07851  -0.07948   0.00097
1580   0.98812  -0.07459  -0.07557   0.00098
1581   0.98874  -0.07067  -0.07167   0.00099
1582   0.98937  -0.06675  -0.06776   0.00100
1583   0.98999  -0.06283  -0.06385   0.00102
1584   0.99062  -0.05891  -0.05993   0.00103
1585   0.99124  -0.05498  -0.05602   0.00104
1586   0.99187  -0.05106  -0.05211   0.00105
1587   0.99250  -0.04714  -0.04819   0.00106
1588   0.99312  -0.04321  -0.04428   0.00107
1589   0.99375  -0.03928  -0.04036   0.00108
1590   0.99437  -0.03536  -0.03645   0.00109
1591   0.99500  -0.03143  -0.03253   0.00110
1592   0.99562  -0.02750  -0.02861   0.00111
1593   0.99625  -0.02357  -0.02469   0.00112
1594   0.99687  -0.01965  -0.02078   0.00113
1595   0.99750  -0.01572  -0.01686   0.00114
1596   0.99812  -0.01179  -0.01294   0.00115
1597   0.99875  -0.00786  -0.00902   0.00116
1598   0.99937  -0.00393  -0.00510   0.00117
1599   1.00000  -0.00000  -0.00118   0.00118
 
