 i       X     FEXACT   FI_FTCS   ERR_FTCS
   0   0.00000    0.00000              NaN               NaN
   1   0.00063    0.00389              NaN               NaN
   2   0.00125    0.00786              NaN               NaN
   3   0.00188    0.01177              NaN               NaN
   4   0.00250    0.01573              NaN               NaN
   5   0.00313    0.01964              NaN               NaN
   6   0.00375    0.02355              NaN               NaN
   7   0.00438    0.02751              NaN               NaN
   8   0.00500    0.03142              NaN               NaN
   9   0.00563    0.03538              NaN               NaN
  10   0.00625    0.03928              NaN               NaN
  11   0.00688    0.04319              NaN               NaN
  12   0.00750    0.04715              NaN               NaN
  13   0.00813    0.05105              NaN               NaN
  14   0.00876    0.05501              NaN               NaN
  15   0.00938    0.05891              NaN               NaN
  16   0.01001    0.06281              NaN               NaN
  17   0.01063    0.06677              NaN               NaN
  18   0.01126    0.07061              NaN               NaN
  19   0.01188    0.07456              NaN               NaN
  20   0.01251    0.07846              NaN               NaN
  21   0.01313    0.08241              NaN               NaN
  22   0.01376    0.08631              NaN               NaN
  23   0.01438    0.09020              NaN               NaN
  24   0.01501    0.09415              NaN               NaN
  25   0.01563    0.09804              NaN               NaN
  26   0.01626    0.10198              NaN               NaN
  27   0.01689    0.10587              NaN               NaN
  28   0.01751    0.10975              NaN               NaN
  29   0.01814    0.11369              NaN               NaN
  30   0.01876    0.11757              NaN               NaN
  31   0.01939    0.12151              NaN               NaN
  32   0.02001    0.12539              NaN               NaN
  33   0.02064    0.12926              NaN               NaN
  34   0.02126    0.13320              NaN               NaN
  35   0.02189    0.13707              NaN               NaN
  36   0.02251    0.14100              NaN               NaN
  37   0.02314    0.14486              NaN               NaN
  38   0.02376    0.14873              NaN               NaN
  39   0.02439    0.15265              NaN               NaN
  40   0.02502    0.15651              NaN               NaN
  41   0.02564    0.16042              NaN               NaN
  42   0.02627    0.16428              NaN               NaN
  43   0.02689    0.16813              NaN               NaN
  44   0.02752    0.17204              NaN               NaN
  45   0.02814    0.17589              NaN               NaN
  46   0.02877    0.17979              NaN               NaN
  47   0.02939    0.18363              NaN               NaN
  48   0.03002    0.18747              NaN               NaN
  49   0.03064    0.19137              NaN               NaN
  50   0.03127    0.19520              NaN               NaN
  51   0.03189    0.19909              NaN               NaN
  52   0.03252    0.20291              NaN               NaN
  53   0.03315    0.20674              NaN               NaN
  54   0.03377    0.21056              NaN               NaN
  55   0.03440    0.21438              NaN               NaN
  56   0.03502    0.21825              NaN               NaN
  57   0.03565    0.22206              NaN               NaN
  58   0.03627    0.22593              NaN               NaN
  59   0.03690    0.22973              NaN               NaN
  60   0.03752    0.23353              NaN               NaN
  61   0.03815    0.23739              NaN               NaN
  62   0.03877    0.24118              NaN               NaN
  63   0.03940    0.24503              NaN               NaN
  64   0.04003    0.24881              NaN               NaN
  65   0.04065    0.25265              NaN               NaN
  66   0.04128    0.25643              NaN               NaN
  67   0.04190    0.26020              NaN               NaN
  68   0.04253    0.26403              NaN               NaN
  69   0.04315    0.26780              NaN               NaN
  70   0.04378    0.27162              NaN               NaN
  71   0.04440    0.27538              NaN               NaN
  72   0.04503    0.27913              NaN               NaN
  73   0.04565    0.28294              NaN               NaN
  74   0.04628    0.28668              NaN               NaN
  75   0.04690    0.29048              NaN               NaN
  76   0.04753    0.29421              NaN               NaN
  77   0.04816    0.29795              NaN               NaN
  78   0.04878    0.30173              NaN               NaN
  79   0.04941    0.30545              NaN               NaN
  80   0.05003    0.30923              NaN               NaN
  81   0.05066    0.31294              NaN               NaN
  82   0.05128    0.31665              NaN               NaN
  83   0.05191    0.32041              NaN               NaN
  84   0.05253    0.32411              NaN               NaN
  85   0.05316    0.32786              NaN               NaN
  86   0.05378    0.33154              NaN               NaN
  87   0.05441    0.33523              NaN               NaN
  88   0.05503    0.33890              NaN               NaN
  89   0.05566    0.34258              NaN               NaN
  90   0.05629    0.34630              NaN               NaN
  91   0.05691    0.34996              NaN               NaN
  92   0.05754    0.35368              NaN               NaN
  93   0.05816    0.35733              NaN               NaN
  94   0.05879    0.36097              NaN               NaN
  95   0.05941    0.36467              NaN               NaN
  96   0.06004    0.36831              NaN               NaN
  97   0.06066    0.37199              NaN               NaN
  98   0.06129    0.37561              NaN               NaN
  99   0.06191    0.37923              NaN               NaN
 100   0.06254    0.38290              NaN               NaN
 101   0.06316    0.38650              NaN               NaN
 102   0.06379    0.39016              NaN               NaN
 103   0.06442    0.39375              NaN               NaN
 104   0.06504    0.39734              NaN               NaN
 105   0.06567    0.40098              NaN               NaN
 106   0.06629    0.40455              NaN               NaN
 107   0.06692    0.40818              NaN               NaN
 108   0.06754    0.41174              NaN               NaN
 109   0.06817    0.41530              NaN               NaN
 110   0.06879    0.41891              NaN               NaN
 111   0.06942    0.42245              NaN               NaN
 112   0.07004    0.42604              NaN               NaN
 113   0.07067    0.42957              NaN               NaN
 114   0.07129    0.43310              NaN               NaN
 115   0.07192    0.43667              NaN               NaN
 116   0.07255    0.44018              NaN               NaN
 117   0.07317    0.44374              NaN               NaN
 118   0.07380    0.44724              NaN               NaN
 119   0.07442    0.45073              NaN               NaN
 120   0.07505    0.45426              NaN               NaN
 121   0.07567    0.45774              NaN               NaN
 122   0.07630    0.46121              NaN               NaN
 123   0.07692    0.46467              NaN               NaN
 124   0.07755    0.46818              NaN               NaN
 125   0.07817    0.47163              NaN               NaN
 126   0.07880    0.47507              NaN               NaN
 127   0.07942    0.47856              NaN               NaN
 128   0.08005    0.48198              NaN               NaN
 129   0.08068    0.48546              NaN               NaN
 130   0.08130    0.48887              NaN               NaN
 131   0.08193    0.49232              NaN               NaN
 132   0.08255    0.49572              NaN               NaN
 133   0.08318    0.49911              NaN               NaN
 134   0.08380    0.50254              NaN               NaN
 135   0.08443    0.50592              NaN               NaN
 136   0.08505    0.50934              NaN               NaN
 137   0.08568    0.51269              NaN               NaN
 138   0.08630    0.51604              NaN               NaN
 139   0.08693    0.51944              NaN               NaN
 140   0.08755    0.52277              NaN               NaN
 141   0.08818    0.52615              NaN               NaN
 142   0.08881    0.52947              NaN               NaN
 143   0.08943    0.53278              NaN               NaN
 144   0.09006    0.53613              NaN               NaN
 145   0.09068    0.53942              NaN               NaN
 146   0.09131    0.54276              NaN               NaN
 147   0.09193    0.54604              NaN               NaN
 148   0.09256    0.54930              NaN               NaN
 149   0.09318    0.55261              NaN               NaN
 150   0.09381    0.55587              NaN               NaN
 151   0.09443    0.55916              NaN               NaN
 152   0.09506    0.56239              NaN               NaN
 153   0.09568    0.56562              NaN               NaN
 154   0.09631    0.56889              NaN               NaN
 155   0.09694    0.57210              NaN               NaN
 156   0.09756    0.57534              NaN               NaN
 157   0.09819    0.57849              NaN               NaN
 158   0.09881    0.58172              NaN               NaN
 159   0.09944    0.58489              NaN               NaN
 160   0.10006    0.58805              NaN               NaN
 161   0.10069    0.59126              NaN               NaN
 162   0.10131    0.59440              NaN               NaN
 163   0.10194    0.59759              NaN               NaN
 164   0.10256    0.60072              NaN               NaN
 165   0.10319    0.60384              NaN               NaN
 166   0.10381    0.60699              NaN               NaN
 167   0.10444    0.61009              NaN               NaN
 168   0.10507    0.61323              NaN               NaN
 169   0.10569    0.61631              NaN               NaN
 170   0.10632    0.61938              NaN               NaN
 171   0.10694    0.62249              NaN               NaN
 172   0.10757    0.62555              NaN               NaN
 173   0.10819    0.62864              NaN               NaN
 174   0.10882    0.63167              NaN               NaN
 175   0.10944    0.63469              NaN               NaN
 176   0.11007    0.63775              NaN               NaN
 177   0.11069    0.64076              NaN               NaN
 178   0.11132    0.64380              NaN               NaN
 179   0.11194    0.64678              NaN               NaN
 180   0.11257    0.64976              NaN               NaN
 181   0.11320    0.65277              NaN               NaN
 182   0.11382    0.65572              NaN               NaN
 183   0.11445    0.65871              NaN               NaN
 184   0.11507    0.66165              NaN               NaN
 185   0.11570    0.66457              NaN               NaN
 186   0.11632    0.66753              NaN               NaN
 187   0.11695    0.67043              NaN               NaN
 188   0.11757    0.67337              NaN               NaN
 189   0.11820    0.67625              NaN               NaN
 190   0.11882    0.67913              NaN               NaN
 191   0.11945    0.68203              NaN               NaN
 192   0.12008    0.68488              NaN               NaN
 193   0.12070    0.68772              NaN               NaN
 194   0.12133    0.69056              NaN               NaN
 195   0.12195    0.69342              NaN               NaN
 196   0.12258    0.69623              NaN               NaN
 197   0.12320    0.69907              NaN               NaN
 198   0.12383    0.70186              NaN               NaN
 199   0.12445    0.70464              NaN               NaN
 200   0.12508    0.70745              NaN               NaN
 201   0.12570    0.71020              NaN               NaN
 202   0.12633    0.71299              NaN               NaN
 203   0.12695    0.71572              NaN               NaN
 204   0.12758    0.71844              NaN               NaN
 205   0.12821    0.72120              NaN               NaN
 206   0.12883    0.72390              NaN               NaN
 207   0.12946    0.72663              NaN               NaN
 208   0.13008    0.72931              NaN               NaN
 209   0.13071    0.73198              NaN               NaN
 210   0.13133    0.73467              NaN               NaN
 211   0.13196    0.73732              NaN               NaN
 212   0.13258    0.73999              NaN               NaN
 213   0.13321    0.74261              NaN               NaN
 214   0.13383    0.74522              NaN               NaN
 215   0.13446    0.74786              NaN               NaN
 216   0.13508    0.75045              NaN               NaN
 217   0.13571    0.75307              NaN               NaN
 218   0.13634    0.75563              NaN               NaN
 219   0.13696    0.75818              NaN               NaN
 220   0.13759    0.76076              NaN               NaN
 221   0.13821    0.76329              NaN               NaN
 222   0.13884    0.76585              NaN               NaN
 223   0.13946    0.76836              NaN               NaN
 224   0.14009    0.77085              NaN               NaN
 225   0.14071    0.77337              NaN               NaN
 226   0.14134    0.77580              NaN               NaN
 227   0.14196    0.77830              NaN               NaN
 228   0.14259    0.78075              NaN               NaN
 229   0.14321    0.78322              NaN               NaN
 230   0.14384    0.78564              NaN               NaN
 231   0.14447    0.78805              NaN               NaN
 232   0.14509    0.79049              NaN               NaN
 233   0.14572    0.79288              NaN               NaN
 234   0.14634    0.79529              NaN               NaN
 235   0.14697    0.79765              NaN               NaN
 236   0.14759    0.80000              NaN               NaN
 237   0.14822    0.80237              NaN               NaN
 238   0.14884    0.80470              NaN               NaN
 239   0.14947    0.80705              NaN               NaN
 240   0.15009    0.80935              NaN               NaN
 241   0.15072    0.81164              NaN               NaN
 242   0.15134    0.81395              NaN               NaN
 243   0.15197    0.81621              NaN               NaN
 244   0.15260    0.81850              NaN               NaN
 245   0.15322    0.82073              NaN               NaN
 246   0.15385    0.82296              NaN               NaN
 247   0.15447    0.82521              NaN               NaN
 248   0.15510    0.82741              NaN               NaN
 249   0.15572    0.82963              NaN               NaN
 250   0.15635    0.83180              NaN               NaN
 251   0.15697    0.83397              NaN               NaN
 252   0.15760    0.83615              NaN               NaN
 253   0.15822    0.83828              NaN               NaN
 254   0.15885    0.84044              NaN               NaN
 255   0.15947    0.84255              NaN               NaN
 256   0.16010    0.84465              NaN               NaN
 257   0.16073    0.84677              NaN               NaN
 258   0.16135    0.84884              NaN               NaN
 259   0.16198    0.85093              NaN               NaN
 260   0.16260    0.85297              NaN               NaN
 261   0.16323    0.85501              NaN               NaN
 262   0.16385    0.85703              NaN               NaN
 263   0.16448    0.85906              NaN               NaN
 264   0.16510    0.86106              NaN               NaN
 265   0.16573    0.86304              NaN               NaN
 266   0.16635    0.86503              NaN               NaN
 267   0.16698    0.86699              NaN               NaN
 268   0.16760    0.86896              NaN               NaN
 269   0.16823    0.87088              NaN               NaN
 270   0.16886    0.87280              NaN               NaN
 271   0.16948    0.87473              NaN               NaN
 272   0.17011    0.87661              NaN               NaN
 273   0.17073    0.87851              NaN               NaN
 274   0.17136    0.88037              NaN               NaN
 275   0.17198    0.88222              NaN               NaN
 276   0.17261    0.88408              NaN               NaN
 277   0.17323    0.88590              NaN               NaN
 278   0.17386    0.88773              NaN               NaN
 279   0.17448    0.88952              NaN               NaN
 280   0.17511    0.89130              NaN               NaN
 281   0.17573    0.89309              NaN               NaN
 282   0.17636    0.89484              NaN               NaN
 283   0.17699    0.89661              NaN               NaN
 284   0.17761    0.89833              NaN               NaN
 285   0.17824    0.90004              NaN               NaN
 286   0.17886    0.90176              NaN               NaN
 287   0.17949    0.90344              NaN               NaN
 288   0.18011    0.90514              NaN               NaN
 289   0.18074    0.90679              NaN               NaN
 290   0.18136    0.90843              NaN               NaN
 291   0.18199    0.91008              NaN               NaN
 292   0.18261    0.91169              NaN               NaN
 293   0.18324    0.91332              NaN               NaN
 294   0.18386    0.91490              NaN               NaN
 295   0.18449    0.91647              NaN               NaN
 296   0.18512    0.91803              NaN               NaN
 297   0.18574    0.91957              NaN               NaN
 298   0.18637    0.92112              NaN               NaN
 299   0.18699    0.92263              NaN               NaN
 300   0.18762    0.92416              NaN               NaN
 301   0.18824    0.92564              NaN               NaN
 302   0.18887    0.92711              NaN               NaN
 303   0.18949    0.92859              NaN               NaN
 304   0.19012    0.93003              NaN               NaN
 305   0.19074    0.93149              NaN               NaN
 306   0.19137    0.93290              NaN               NaN
 307   0.19199    0.93430              NaN               NaN
 308   0.19262    0.93571              NaN               NaN
 309   0.19325    0.93708              NaN               NaN
 310   0.19387    0.93845              NaN               NaN
 311   0.19450    0.93980              NaN               NaN
 312   0.19512    0.94112              NaN               NaN
 313   0.19575    0.94246              NaN               NaN
 314   0.19637    0.94376              NaN               NaN
 315   0.19700    0.94506              NaN               NaN
 316   0.19762    0.94633              NaN               NaN
 317   0.19825    0.94759              NaN               NaN
 318   0.19887    0.94885              NaN               NaN
 319   0.19950    0.95007              NaN               NaN
 320   0.20013    0.95130              NaN               NaN
 321   0.20075    0.95250              NaN               NaN
 322   0.20138    0.95368              NaN               NaN
 323   0.20200    0.95487              NaN               NaN
 324   0.20263    0.95602              NaN               NaN
 325   0.20325    0.95718              NaN               NaN
 326   0.20388    0.95830              NaN               NaN
 327   0.20450    0.95943              NaN               NaN
 328   0.20513    0.96052              NaN               NaN
 329   0.20575    0.96160              NaN               NaN
 330   0.20638    0.96268              NaN               NaN
 331   0.20700    0.96371              NaN               NaN
 332   0.20763    0.96477              NaN               NaN
 333   0.20826    0.96579              NaN               NaN
 334   0.20888    0.96681              NaN               NaN
 335   0.20951    0.96780              NaN               NaN
 336   0.21013    0.96877              NaN               NaN
 337   0.21076    0.96975              NaN               NaN
 338   0.21138    0.97070              NaN               NaN
 339   0.21201    0.97164              NaN               NaN
 340   0.21263    0.97256              NaN               NaN
 341   0.21326    0.97346              NaN               NaN
 342   0.21388    0.97436              NaN               NaN
 343   0.21451    0.97523              NaN               NaN
 344   0.21513    0.97610              NaN               NaN
 345   0.21576    0.97694              NaN               NaN
 346   0.21639    0.97777              NaN               NaN
 347   0.21701    0.97859              NaN               NaN
 348   0.21764    0.97939              NaN               NaN
 349   0.21826    0.98018              NaN               NaN
 350   0.21889    0.98095              NaN               NaN
 351   0.21951    0.98170              NaN               NaN
 352   0.22014    0.98245              NaN               NaN
 353   0.22076    0.98317              NaN               NaN
 354   0.22139    0.98389              NaN               NaN
 355   0.22201    0.98458              NaN               NaN
 356   0.22264    0.98525              NaN               NaN
 357   0.22326    0.98593              NaN               NaN
 358   0.22389    0.98657              NaN               NaN
 359   0.22452    0.98721              NaN               NaN
 360   0.22514    0.98783              NaN               NaN
 361   0.22577    0.98843              NaN               NaN
 362   0.22639    0.98902              NaN               NaN
 363   0.22702    0.98959              NaN               NaN
 364   0.22764    0.99015              NaN               NaN
 365   0.22827    0.99068              NaN               NaN
 366   0.22889    0.99122              NaN               NaN
 367   0.22952    0.99173              NaN               NaN
 368   0.23014    0.99222              NaN               NaN
 369   0.23077    0.99271              NaN               NaN
 370   0.23139    0.99317              NaN               NaN
 371   0.23202    0.99362              NaN               NaN
 372   0.23265    0.99406              NaN               NaN
 373   0.23327    0.99447              NaN               NaN
 374   0.23390    0.99488              NaN               NaN
 375   0.23452    0.99527              NaN               NaN
 376   0.23515    0.99565              NaN               NaN
 377   0.23577    0.99600              NaN               NaN
 378   0.23640    0.99635              NaN               NaN
 379   0.23702    0.99668              NaN               NaN
 380   0.23765    0.99699              NaN               NaN
 381   0.23827    0.99729              NaN               NaN
 382   0.23890    0.99757              NaN               NaN
 383   0.23952    0.99783              NaN               NaN
 384   0.24015    0.99809              NaN               NaN
 385   0.24078    0.99832              NaN               NaN
 386   0.24140    0.99854              NaN               NaN
 387   0.24203    0.99874              NaN               NaN
 388   0.24265    0.99893              NaN               NaN
 389   0.24328    0.99911              NaN               NaN
 390   0.24390    0.99927              NaN               NaN
 391   0.24453    0.99941              NaN               NaN
 392   0.24515    0.99954              NaN               NaN
 393   0.24578    0.99965              NaN               NaN
 394   0.24640    0.99974              NaN               NaN
 395   0.24703    0.99983              NaN               NaN
 396   0.24765    0.99989              NaN               NaN
 397   0.24828    0.99994              NaN               NaN
 398   0.24891    0.99998              NaN               NaN
 399   0.24953    1.00000              NaN               NaN
 400   0.25016    1.00000              NaN               NaN
 401   0.25078    0.99999              NaN               NaN
 402   0.25141    0.99996              NaN               NaN
 403   0.25203    0.99992              NaN               NaN
 404   0.25266    0.99986              NaN               NaN
 405   0.25328    0.99979              NaN               NaN
 406   0.25391    0.99970              NaN               NaN
 407   0.25453    0.99960              NaN               NaN
 408   0.25516    0.99948              NaN               NaN
 409   0.25578    0.99934              NaN               NaN
 410   0.25641    0.99919              NaN               NaN
 411   0.25704    0.99902              NaN               NaN
 412   0.25766    0.99884              NaN               NaN
 413   0.25829    0.99865              NaN               NaN
 414   0.25891    0.99843              NaN               NaN
 415   0.25954    0.99820              NaN               NaN
 416   0.26016    0.99796              NaN               NaN
 417   0.26079    0.99771              NaN               NaN
 418   0.26141    0.99743              NaN               NaN
 419   0.26204    0.99714              NaN               NaN
 420   0.26266    0.99683              NaN               NaN
 421   0.26329    0.99652              NaN               NaN
 422   0.26391    0.99618              NaN               NaN
 423   0.26454    0.99583              NaN               NaN
 424   0.26517    0.99547              NaN               NaN
 425   0.26579    0.99508              NaN               NaN
 426   0.26642    0.99469              NaN               NaN
 427   0.26704    0.99428              NaN               NaN
 428   0.26767    0.99384              NaN               NaN
 429   0.26829    0.99340              NaN               NaN
 430   0.26892    0.99294              NaN               NaN
 431   0.26954    0.99247              NaN               NaN
 432   0.27017    0.99198              NaN               NaN
 433   0.27079    0.99147              NaN               NaN
 434   0.27142    0.99096              NaN               NaN
 435   0.27205    0.99043              NaN               NaN
 436   0.27267    0.98988              NaN               NaN
 437   0.27330    0.98931              NaN               NaN
 438   0.27392    0.98873              NaN               NaN
 439   0.27455    0.98814              NaN               NaN
 440   0.27517    0.98752              NaN               NaN
 441   0.27580    0.98690              NaN               NaN
 442   0.27642    0.98625              NaN               NaN
 443   0.27705    0.98560              NaN               NaN
 444   0.27767    0.98493              NaN               NaN
 445   0.27830    0.98424              NaN               NaN
 446   0.27892    0.98354              NaN               NaN
 447   0.27955    0.98281              NaN               NaN
 448   0.28018    0.98209              NaN               NaN
 449   0.28080    0.98134              NaN               NaN
 450   0.28143    0.98057              NaN               NaN
 451   0.28205    0.97980              NaN               NaN
 452   0.28268    0.97900              NaN               NaN
 453   0.28330    0.97819              NaN               NaN
 454   0.28393    0.97737              NaN               NaN
 455   0.28455    0.97653              NaN               NaN
 456   0.28518    0.97568              NaN               NaN
 457   0.28580    0.97480              NaN               NaN
 458   0.28643    0.97392              NaN               NaN
 459   0.28705    0.97301              NaN               NaN
 460   0.28768    0.97211              NaN               NaN
 461   0.28831    0.97118              NaN               NaN
 462   0.28893    0.97023              NaN               NaN
 463   0.28956    0.96928              NaN               NaN
 464   0.29018    0.96829              NaN               NaN
 465   0.29081    0.96731              NaN               NaN
 466   0.29143    0.96631              NaN               NaN
 467   0.29206    0.96528              NaN               NaN
 468   0.29268    0.96425              NaN               NaN
 469   0.29331    0.96320              NaN               NaN
 470   0.29393    0.96215              NaN               NaN
 471   0.29456    0.96107              NaN               NaN
 472   0.29518    0.95998              NaN               NaN
 473   0.29581    0.95888              NaN               NaN
 474   0.29644    0.95774              NaN               NaN
 475   0.29706    0.95661              NaN               NaN
 476   0.29769    0.95545              NaN               NaN
 477   0.29831    0.95429              NaN               NaN
 478   0.29894    0.95312              NaN               NaN
 479   0.29956    0.95191              NaN               NaN
 480   0.30019    0.95070              NaN               NaN
 481   0.30081    0.94947              NaN               NaN
 482   0.30144    0.94823              NaN               NaN
 483   0.30206    0.94698              NaN               NaN
 484   0.30269    0.94570              NaN               NaN
 485   0.30331    0.94443              NaN               NaN
 486   0.30394    0.94311              NaN               NaN
 487   0.30457    0.94181              NaN               NaN
 488   0.30519    0.94049              NaN               NaN
 489   0.30582    0.93913              NaN               NaN
 490   0.30644    0.93778              NaN               NaN
 491   0.30707    0.93640              NaN               NaN
 492   0.30769    0.93502              NaN               NaN
 493   0.30832    0.93363              NaN               NaN
 494   0.30894    0.93220              NaN               NaN
 495   0.30957    0.93078              NaN               NaN
 496   0.31019    0.92932              NaN               NaN
 497   0.31082    0.92787              NaN               NaN
 498   0.31144    0.92641              NaN               NaN
 499   0.31207    0.92491              NaN               NaN
 500   0.31270    0.92341              NaN               NaN
 501   0.31332    0.92188              NaN               NaN
 502   0.31395    0.92036              NaN               NaN
 503   0.31457    0.91883              NaN               NaN
 504   0.31520    0.91726              NaN               NaN
 505   0.31582    0.91572              NaN               NaN
 506   0.31645    0.91412              NaN               NaN
 507   0.31707    0.91253              NaN               NaN
 508   0.31770    0.91090              NaN               NaN
 509   0.31832    0.90928              NaN               NaN
 510   0.31895    0.90764              NaN               NaN
 511   0.31957    0.90597              NaN               NaN
 512   0.32020    0.90431              NaN               NaN
 513   0.32083    0.90261              NaN               NaN
 514   0.32145    0.90092              NaN               NaN
 515   0.32208    0.89922              NaN               NaN
 516   0.32270    0.89748              NaN               NaN
 517   0.32333    0.89575              NaN               NaN
 518   0.32395    0.89398              NaN               NaN
 519   0.32458    0.89222              NaN               NaN
 520   0.32520    0.89042              NaN               NaN
 521   0.32583    0.88864              NaN               NaN
 522   0.32645    0.88684              NaN               NaN
 523   0.32708    0.88500              NaN               NaN
 524   0.32770    0.88317              NaN               NaN
 525   0.32833    0.88130              NaN               NaN
 526   0.32896    0.87945              NaN               NaN
 527   0.32958    0.87759              NaN               NaN
 528   0.33021    0.87568              NaN               NaN
 529   0.33083    0.87378              NaN               NaN
 530   0.33146    0.87185              NaN               NaN
 531   0.33208    0.86993              NaN               NaN
 532   0.33271    0.86800              NaN               NaN
 533   0.33333    0.86602              NaN               NaN
 534   0.33396    0.86406              NaN               NaN
 535   0.33458    0.86205              NaN               NaN
 536   0.33521    0.86007              NaN               NaN
 537   0.33583    0.85807              NaN               NaN
 538   0.33646    0.85602              NaN               NaN
 539   0.33709    0.85403              NaN               NaN
 540   0.33771    0.85196              NaN               NaN
 541   0.33834    0.84991              NaN               NaN
 542   0.33896    0.84781              NaN               NaN
 543   0.33959    0.84573              NaN               NaN
 544   0.34021    0.84364              NaN               NaN
 545   0.34084    0.84151              NaN               NaN
 546   0.34146    0.83939              NaN               NaN
 547   0.34209    0.83723              NaN               NaN
 548   0.34271    0.83508              NaN               NaN
 549   0.34334    0.83293              NaN               NaN
 550   0.34396    0.83073              NaN               NaN
 551   0.34459    0.82855              NaN               NaN
 552   0.34522    0.82632              NaN               NaN
 553   0.34584    0.82411              NaN               NaN
 554   0.34647    0.82189              NaN               NaN
 555   0.34709    0.81963              NaN               NaN
 556   0.34772    0.81738              NaN               NaN
 557   0.34834    0.81509              NaN               NaN
 558   0.34897    0.81282              NaN               NaN
 559   0.34959    0.81054              NaN               NaN
 560   0.35022    0.80821              NaN               NaN
 561   0.35084    0.80590              NaN               NaN
 562   0.35147    0.80355              NaN               NaN
 563   0.35210    0.80122              NaN               NaN
 564   0.35272    0.79887              NaN               NaN
 565   0.35335    0.79648              NaN               NaN
 566   0.35397    0.79411              NaN               NaN
 567   0.35460    0.79169              NaN               NaN
 568   0.35522    0.78930              NaN               NaN
 569   0.35585    0.78690              NaN               NaN
 570   0.35647    0.78444              NaN               NaN
 571   0.35710    0.78201              NaN               NaN
 572   0.35772    0.77954              NaN               NaN
 573   0.35835    0.77708              NaN               NaN
 574   0.35897    0.77462              NaN               NaN
 575   0.35960    0.77214              NaN               NaN
 576   0.36023    0.76965              NaN               NaN
 577   0.36085    0.76711              NaN               NaN
 578   0.36148    0.76460              NaN               NaN
 579   0.36210    0.76204              NaN               NaN
 580   0.36273    0.75950              NaN               NaN
 581   0.36335    0.75696              NaN               NaN
 582   0.36398    0.75436              NaN               NaN
 583   0.36460    0.75179              NaN               NaN
 584   0.36523    0.74917              NaN               NaN
 585   0.36585    0.74657              NaN               NaN
 586   0.36648    0.74393              NaN               NaN
 587   0.36710    0.74131              NaN               NaN
 588   0.36773    0.73869              NaN               NaN
 589   0.36836    0.73601              NaN               NaN
 590   0.36898    0.73336              NaN               NaN
 591   0.36961    0.73065              NaN               NaN
 592   0.37023    0.72798              NaN               NaN
 593   0.37086    0.72530              NaN               NaN
 594   0.37148    0.72256              NaN               NaN
 595   0.37211    0.71985              NaN               NaN
 596   0.37273    0.71709              NaN               NaN
 597   0.37336    0.71437              NaN               NaN
 598   0.37398    0.71163              NaN               NaN
 599   0.37461    0.70883              NaN               NaN
 600   0.37523    0.70607              NaN               NaN
 601   0.37586    0.70326              NaN               NaN
 602   0.37649    0.70048              NaN               NaN
 603   0.37711    0.69768              NaN               NaN
 604   0.37774    0.69484              NaN               NaN
 605   0.37836    0.69202              NaN               NaN
 606   0.37899    0.68915              NaN               NaN
 607   0.37961    0.68632              NaN               NaN
 608   0.38024    0.68347              NaN               NaN
 609   0.38086    0.68061              NaN               NaN
 610   0.38149    0.67775              NaN               NaN
 611   0.38211    0.67482              NaN               NaN
 612   0.38274    0.67194              NaN               NaN
 613   0.38336    0.66899              NaN               NaN
 614   0.38399    0.66608              NaN               NaN
 615   0.38462    0.66316              NaN               NaN
 616   0.38524    0.66019              NaN               NaN
 617   0.38587    0.65725              NaN               NaN
 618   0.38649    0.65426              NaN               NaN
 619   0.38712    0.65130              NaN               NaN
 620   0.38774    0.64833              NaN               NaN
 621   0.38837    0.64530              NaN               NaN
 622   0.38899    0.64231              NaN               NaN
 623   0.38962    0.63927              NaN               NaN
 624   0.39024    0.63626              NaN               NaN
 625   0.39087    0.63324              NaN               NaN
 626   0.39149    0.63016              NaN               NaN
 627   0.39212    0.62713              NaN               NaN
 628   0.39275    0.62403              NaN               NaN
 629   0.39337    0.62097              NaN               NaN
 630   0.39400    0.61791              NaN               NaN
 631   0.39462    0.61478              NaN               NaN
 632   0.39525    0.61170              NaN               NaN
 633   0.39587    0.60856              NaN               NaN
 634   0.39650    0.60545              NaN               NaN
 635   0.39712    0.60234              NaN               NaN
 636   0.39775    0.59917              NaN               NaN
 637   0.39837    0.59603              NaN               NaN
 638   0.39900    0.59284              NaN               NaN
 639   0.39962    0.58969              NaN               NaN
 640   0.40025    0.58653              NaN               NaN
 641   0.40088    0.58332              NaN               NaN
 642   0.40150    0.58014              NaN               NaN
 643   0.40213    0.57690              NaN               NaN
 644   0.40275    0.57376              NaN               NaN
 645   0.40338    0.57050              NaN               NaN
 646   0.40400    0.56729              NaN               NaN
 647   0.40463    0.56407              NaN               NaN
 648   0.40525    0.56079              NaN               NaN
 649   0.40588    0.55755              NaN               NaN
 650   0.40650    0.55425              NaN               NaN
 651   0.40713    0.55100              NaN               NaN
 652   0.40775    0.54768              NaN               NaN
 653   0.40838    0.54441              NaN               NaN
 654   0.40901    0.54113              NaN               NaN
 655   0.40963    0.53779              NaN               NaN
 656   0.41026    0.53449              NaN               NaN
 657   0.41088    0.53113              NaN               NaN
 658   0.41151    0.52782              NaN               NaN
 659   0.41213    0.52450              NaN               NaN
 660   0.41276    0.52112              NaN               NaN
 661   0.41338    0.51778              NaN               NaN
 662   0.41401    0.51438              NaN               NaN
 663   0.41463    0.51103              NaN               NaN
 664   0.41526    0.50767              NaN               NaN
 665   0.41588    0.50424              NaN               NaN
 666   0.41651    0.50087              NaN               NaN
 667   0.41714    0.49743              NaN               NaN
 668   0.41776    0.49404              NaN               NaN
 669   0.41839    0.49064              NaN               NaN
 670   0.41901    0.48718              NaN               NaN
 671   0.41964    0.48376              NaN               NaN
 672   0.42026    0.48028              NaN               NaN
 673   0.42089    0.47685              NaN               NaN
 674   0.42151    0.47342              NaN               NaN
 675   0.42214    0.46992              NaN               NaN
 676   0.42276    0.46647              NaN               NaN
 677   0.42339    0.46295              NaN               NaN
 678   0.42401    0.45954              NaN               NaN
 679   0.42464    0.45602              NaN               NaN
 680   0.42527    0.45254              NaN               NaN
 681   0.42589    0.44905              NaN               NaN
 682   0.42652    0.44550              NaN               NaN
 683   0.42714    0.44200              NaN               NaN
 684   0.42777    0.43844              NaN               NaN
 685   0.42839    0.43492              NaN               NaN
 686   0.42902    0.43140              NaN               NaN
 687   0.42964    0.42782              NaN               NaN
 688   0.43027    0.42429              NaN               NaN
 689   0.43089    0.42069              NaN               NaN
 690   0.43152    0.41714              NaN               NaN
 691   0.43215    0.41359              NaN               NaN
 692   0.43277    0.40998              NaN               NaN
 693   0.43340    0.40641              NaN               NaN
 694   0.43402    0.40278              NaN               NaN
 695   0.43465    0.39920              NaN               NaN
 696   0.43527    0.39562              NaN               NaN
 697   0.43590    0.39197              NaN               NaN
 698   0.43652    0.38838              NaN               NaN
 699   0.43715    0.38472              NaN               NaN
 700   0.43777    0.38111              NaN               NaN
 701   0.43840    0.37749              NaN               NaN
 702   0.43902    0.37382              NaN               NaN
 703   0.43965    0.37019              NaN               NaN
 704   0.44028    0.36650              NaN               NaN
 705   0.44090    0.36287              NaN               NaN
 706   0.44153    0.35922              NaN               NaN
 707   0.44215    0.35552              NaN               NaN
 708   0.44278    0.35186              NaN               NaN
 709   0.44340    0.34815              NaN               NaN
 710   0.44403    0.34448              NaN               NaN
 711   0.44465    0.34081              NaN               NaN
 712   0.44528    0.33708              NaN               NaN
 713   0.44590    0.33340              NaN               NaN
 714   0.44653    0.32971              NaN               NaN
 715   0.44715    0.32602              NaN               NaN
 716   0.44778    0.32227              NaN               NaN
 717   0.44841    0.31857              NaN               NaN
 718   0.44903    0.31481              NaN               NaN
 719   0.44966    0.31110              NaN               NaN
 720   0.45028    0.30738              NaN               NaN
 721   0.45091    0.30361              NaN               NaN
 722   0.45153    0.29988              NaN               NaN
 723   0.45216    0.29609              NaN               NaN
 724   0.45278    0.29236              NaN               NaN
 725   0.45341    0.28862              NaN               NaN
 726   0.45403    0.28482              NaN               NaN
 727   0.45466    0.28108              NaN               NaN
 728   0.45528    0.27727              NaN               NaN
 729   0.45591    0.27351              NaN               NaN
 730   0.45654    0.26975              NaN               NaN
 731   0.45716    0.26593              NaN               NaN
 732   0.45779    0.26216              NaN               NaN
 733   0.45841    0.25833              NaN               NaN
 734   0.45904    0.25456              NaN               NaN
 735   0.45966    0.25078              NaN               NaN
 736   0.46029    0.24693              NaN               NaN
 737   0.46091    0.24315              NaN               NaN
 738   0.46154    0.23930              NaN               NaN
 739   0.46216    0.23550              NaN               NaN
 740   0.46279    0.23170              NaN               NaN
 741   0.46341    0.22784              NaN               NaN
 742   0.46404    0.22404              NaN               NaN
 743   0.46467    0.22017              NaN               NaN
 744   0.46529    0.21636              NaN               NaN
 745   0.46592    0.21254              NaN               NaN
 746   0.46654    0.20866              NaN               NaN
 747   0.46717    0.20484              NaN               NaN
 748   0.46779    0.20102              NaN               NaN
 749   0.46842    0.19719              NaN               NaN
 750   0.46904    0.19330              NaN               NaN
 751   0.46967    0.18946              NaN               NaN
 752   0.47029    0.18563              NaN               NaN
 753   0.47092    0.18173              NaN               NaN
 754   0.47154    0.17788              NaN               NaN
 755   0.47217    0.17398              NaN               NaN
 756   0.47280    0.17013              NaN               NaN
 757   0.47342    0.16628              NaN               NaN
 758   0.47405    0.16237              NaN               NaN
 759   0.47467    0.15851              NaN               NaN
 760   0.47530    0.15459              NaN               NaN
 761   0.47592    0.15073              NaN               NaN
 762   0.47655    0.14687              NaN               NaN
 763   0.47717    0.14294              NaN               NaN
 764   0.47780    0.13908              NaN               NaN
 765   0.47842    0.13515              NaN               NaN
 766   0.47905    0.13128              NaN               NaN
 767   0.47967    0.12740              NaN               NaN
 768   0.48030    0.12347              NaN               NaN
 769   0.48093    0.11959              NaN               NaN
 770   0.48155    0.11565              NaN               NaN
 771   0.48218    0.11177              NaN               NaN
 772   0.48280    0.10789              NaN               NaN
 773   0.48343    0.10394              NaN               NaN
 774   0.48405    0.10005              NaN               NaN
 775   0.48468    0.09611              NaN               NaN
 776   0.48530    0.09222              NaN               NaN
 777   0.48593    0.08833              NaN               NaN
 778   0.48655    0.08438              NaN               NaN
 779   0.48718    0.08048              NaN               NaN
 780   0.48780    0.07653              NaN               NaN
 781   0.48843    0.07263              NaN               NaN
 782   0.48906    0.06867              NaN               NaN
 783   0.48968    0.06484              NaN               NaN
 784   0.49031    0.06088              NaN               NaN
 785   0.49093    0.05698              NaN               NaN
 786   0.49156    0.05308              NaN               NaN
 787   0.49218    0.04912              NaN               NaN
 788   0.49281    0.04521              NaN               NaN
 789   0.49343    0.04125              NaN               NaN
 790   0.49406    0.03735              NaN               NaN
 791   0.49468    0.03344              NaN               NaN
 792   0.49531    0.02948              NaN               NaN
 793   0.49593    0.02557              NaN               NaN
 794   0.49656    0.02161              NaN               NaN
 795   0.49719    0.01770              NaN               NaN
 796   0.49781    0.01380              NaN               NaN
 797   0.49844    0.00983              NaN               NaN
 798   0.49906    0.00592              NaN               NaN
 799   0.49969    0.00196              NaN               NaN
 800   0.50031   -0.00195              NaN               NaN
 801   0.50094   -0.00586              NaN               NaN
 802   0.50156   -0.00982              NaN               NaN
 803   0.50219   -0.01373              NaN               NaN
 804   0.50281   -0.01770              NaN               NaN
 805   0.50344   -0.02160              NaN               NaN
 806   0.50407   -0.02551              NaN               NaN
 807   0.50469   -0.02947              NaN               NaN
 808   0.50532   -0.03338              NaN               NaN
 809   0.50594   -0.03734              NaN               NaN
 810   0.50657   -0.04125              NaN               NaN
 811   0.50719   -0.04515              NaN               NaN
 812   0.50782   -0.04911              NaN               NaN
 813   0.50844   -0.05301              NaN               NaN
 814   0.50907   -0.05697              NaN               NaN
 815   0.50969   -0.06087              NaN               NaN
 816   0.51032   -0.06477              NaN               NaN
 817   0.51094   -0.06867              NaN               NaN
 818   0.51157   -0.07257              NaN               NaN
 819   0.51220   -0.07652              NaN               NaN
 820   0.51282   -0.08042              NaN               NaN
 821   0.51345   -0.08437              NaN               NaN
 822   0.51407   -0.08826              NaN               NaN
 823   0.51470   -0.09215              NaN               NaN
 824   0.51532   -0.09610              NaN               NaN
 825   0.51595   -0.09999              NaN               NaN
 826   0.51657   -0.10394              NaN               NaN
 827   0.51720   -0.10782              NaN               NaN
 828   0.51782   -0.11170              NaN               NaN
 829   0.51845   -0.11564              NaN               NaN
 830   0.51907   -0.11952              NaN               NaN
 831   0.51970   -0.12346              NaN               NaN
 832   0.52033   -0.12734              NaN               NaN
 833   0.52095   -0.13121              NaN               NaN
 834   0.52158   -0.13514              NaN               NaN
 835   0.52220   -0.13901              NaN               NaN
 836   0.52283   -0.14294              NaN               NaN
 837   0.52345   -0.14680              NaN               NaN
 838   0.52408   -0.15067              NaN               NaN
 839   0.52470   -0.15459              NaN               NaN
 840   0.52533   -0.15845              NaN               NaN
 841   0.52595   -0.16236              NaN               NaN
 842   0.52658   -0.16621              NaN               NaN
 843   0.52720   -0.17006              NaN               NaN
 844   0.52783   -0.17397              NaN               NaN
 845   0.52846   -0.17782              NaN               NaN
 846   0.52908   -0.18172              NaN               NaN
 847   0.52971   -0.18556              NaN               NaN
 848   0.53033   -0.18946              NaN               NaN
 849   0.53096   -0.19329              NaN               NaN
 850   0.53158   -0.19712              NaN               NaN
 851   0.53221   -0.20101              NaN               NaN
 852   0.53283   -0.20478              NaN               NaN
 853   0.53346   -0.20866              NaN               NaN
 854   0.53408   -0.21248              NaN               NaN
 855   0.53471   -0.21635              NaN               NaN
 856   0.53533   -0.22016              NaN               NaN
 857   0.53596   -0.22397              NaN               NaN
 858   0.53659   -0.22784              NaN               NaN
 859   0.53721   -0.23164              NaN               NaN
 860   0.53784   -0.23550              NaN               NaN
 861   0.53846   -0.23929              NaN               NaN
 862   0.53909   -0.24308              NaN               NaN
 863   0.53971   -0.24693              NaN               NaN
 864   0.54034   -0.25071              NaN               NaN
 865   0.54096   -0.25455              NaN               NaN
 866   0.54159   -0.25833              NaN               NaN
 867   0.54221   -0.26210              NaN               NaN
 868   0.54284   -0.26592              NaN               NaN
 869   0.54346   -0.26969              NaN               NaN
 870   0.54409   -0.27351              NaN               NaN
 871   0.54472   -0.27726              NaN               NaN
 872   0.54534   -0.28101              NaN               NaN
 873   0.54597   -0.28482              NaN               NaN
 874   0.54659   -0.28856              NaN               NaN
 875   0.54722   -0.29236              NaN               NaN
 876   0.54784   -0.29609              NaN               NaN
 877   0.54847   -0.29982              NaN               NaN
 878   0.54909   -0.30360              NaN               NaN
 879   0.54972   -0.30732              NaN               NaN
 880   0.55034   -0.31109              NaN               NaN
 881   0.55097   -0.31480              NaN               NaN
 882   0.55159   -0.31851              NaN               NaN
 883   0.55222   -0.32227              NaN               NaN
 884   0.55285   -0.32596              NaN               NaN
 885   0.55347   -0.32971              NaN               NaN
 886   0.55410   -0.33339              NaN               NaN
 887   0.55472   -0.33707              NaN               NaN
 888   0.55535   -0.34075              NaN               NaN
 889   0.55597   -0.34442              NaN               NaN
 890   0.55660   -0.34814              NaN               NaN
 891   0.55722   -0.35180              NaN               NaN
 892   0.55785   -0.35551              NaN               NaN
 893   0.55847   -0.35916              NaN               NaN
 894   0.55910   -0.36280              NaN               NaN
 895   0.55972   -0.36650              NaN               NaN
 896   0.56035   -0.37013              NaN               NaN
 897   0.56098   -0.37381              NaN               NaN
 898   0.56160   -0.37743              NaN               NaN
 899   0.56223   -0.38105              NaN               NaN
 900   0.56285   -0.38471              NaN               NaN
 901   0.56348   -0.38831              NaN               NaN
 902   0.56410   -0.39197              NaN               NaN
 903   0.56473   -0.39556              NaN               NaN
 904   0.56535   -0.39914              NaN               NaN
 905   0.56598   -0.40278              NaN               NaN
 906   0.56660   -0.40635              NaN               NaN
 907   0.56723   -0.40997              NaN               NaN
 908   0.56785   -0.41353              NaN               NaN
 909   0.56848   -0.41708              NaN               NaN
 910   0.56911   -0.42069              NaN               NaN
 911   0.56973   -0.42423              NaN               NaN
 912   0.57036   -0.42782              NaN               NaN
 913   0.57098   -0.43134              NaN               NaN
 914   0.57161   -0.43492              NaN               NaN
 915   0.57223   -0.43843              NaN               NaN
 916   0.57286   -0.44194              NaN               NaN
 917   0.57348   -0.44550              NaN               NaN
 918   0.57411   -0.44899              NaN               NaN
 919   0.57473   -0.45253              NaN               NaN
 920   0.57536   -0.45601              NaN               NaN
 921   0.57598   -0.45948              NaN               NaN
 922   0.57661   -0.46295              NaN               NaN
 923   0.57724   -0.46641              NaN               NaN
 924   0.57786   -0.46991              NaN               NaN
 925   0.57849   -0.47336              NaN               NaN
 926   0.57911   -0.47685              NaN               NaN
 927   0.57974   -0.48028              NaN               NaN
 928   0.58036   -0.48370              NaN               NaN
 929   0.58099   -0.48717              NaN               NaN
 930   0.58161   -0.49058              NaN               NaN
 931   0.58224   -0.49403              NaN               NaN
 932   0.58286   -0.49742              NaN               NaN
 933   0.58349   -0.50081              NaN               NaN
 934   0.58412   -0.50424              NaN               NaN
 935   0.58474   -0.50761              NaN               NaN
 936   0.58537   -0.51102              NaN               NaN
 937   0.58599   -0.51438              NaN               NaN
 938   0.58662   -0.51772              NaN               NaN
 939   0.58724   -0.52111              NaN               NaN
 940   0.58787   -0.52444              NaN               NaN
 941   0.58849   -0.52782              NaN               NaN
 942   0.58912   -0.53113              NaN               NaN
 943   0.58974   -0.53444              NaN               NaN
 944   0.59037   -0.53778              NaN               NaN
 945   0.59099   -0.54107              NaN               NaN
 946   0.59162   -0.54441              NaN               NaN
 947   0.59225   -0.54768              NaN               NaN
 948   0.59287   -0.55094              NaN               NaN
 949   0.59350   -0.55425              NaN               NaN
 950   0.59412   -0.55750              NaN               NaN
 951   0.59475   -0.56079              NaN               NaN
 952   0.59537   -0.56402              NaN               NaN
 953   0.59600   -0.56724              NaN               NaN
 954   0.59662   -0.57050              NaN               NaN
 955   0.59725   -0.57370              NaN               NaN
 956   0.59787   -0.57690              NaN               NaN
 957   0.59850   -0.58008              NaN               NaN
 958   0.59912   -0.58331              NaN               NaN
 959   0.59975   -0.58648              NaN               NaN
 960   0.60038   -0.58964              NaN               NaN
 961   0.60100   -0.59284              NaN               NaN
 962   0.60163   -0.59598              NaN               NaN
 963   0.60225   -0.59916              NaN               NaN
 964   0.60288   -0.60228              NaN               NaN
 965   0.60350   -0.60540              NaN               NaN
 966   0.60413   -0.60855              NaN               NaN
 967   0.60475   -0.61165              NaN               NaN
 968   0.60538   -0.61478              NaN               NaN
 969   0.60600   -0.61786              NaN               NaN
 970   0.60663   -0.62092              NaN               NaN
 971   0.60725   -0.62403              NaN               NaN
 972   0.60788   -0.62708              NaN               NaN
 973   0.60851   -0.63016              NaN               NaN
 974   0.60913   -0.63319              NaN               NaN
 975   0.60976   -0.63625              NaN               NaN
 976   0.61038   -0.63926              NaN               NaN
 977   0.61101   -0.64226              NaN               NaN
 978   0.61163   -0.64530              NaN               NaN
 979   0.61226   -0.64828              NaN               NaN
 980   0.61288   -0.65129              NaN               NaN
 981   0.61351   -0.65425              NaN               NaN
 982   0.61413   -0.65720              NaN               NaN
 983   0.61476   -0.66019              NaN               NaN
 984   0.61538   -0.66312              NaN               NaN
 985   0.61601   -0.66608              NaN               NaN
 986   0.61664   -0.66899              NaN               NaN
 987   0.61726   -0.67189              NaN               NaN
 988   0.61789   -0.67482              NaN               NaN
 989   0.61851   -0.67770              NaN               NaN
 990   0.61914   -0.68061              NaN               NaN
 991   0.61976   -0.68342              NaN               NaN
 992   0.62039   -0.68631              NaN               NaN
 993   0.62101   -0.68915              NaN               NaN
 994   0.62164   -0.69197              NaN               NaN
 995   0.62226   -0.69483              NaN               NaN
 996   0.62289   -0.69764              NaN               NaN
 997   0.62351   -0.70047              NaN               NaN
 998   0.62414   -0.70325              NaN               NaN
 999   0.62477   -0.70603              NaN               NaN
1000   0.62539   -0.70883              NaN               NaN
1001   0.62602   -0.71158              NaN               NaN
1002   0.62664   -0.71436              NaN               NaN
1003   0.62727   -0.71709              NaN               NaN
1004   0.62789   -0.71981              NaN               NaN
1005   0.62852   -0.72256              NaN               NaN
1006   0.62914   -0.72525              NaN               NaN
1007   0.62977   -0.72798              NaN               NaN
1008   0.63039   -0.73065              NaN               NaN
1009   0.63102   -0.73331              NaN               NaN
1010   0.63164   -0.73600              NaN               NaN
1011   0.63227   -0.73864              NaN               NaN
1012   0.63290   -0.74131              NaN               NaN
1013   0.63352   -0.74393              NaN               NaN
1014   0.63415   -0.74653              NaN               NaN
1015   0.63477   -0.74916              NaN               NaN
1016   0.63540   -0.75175              NaN               NaN
1017   0.63602   -0.75436              NaN               NaN
1018   0.63665   -0.75691              NaN               NaN
1019   0.63727   -0.75946              NaN               NaN
1020   0.63790   -0.76204              NaN               NaN
1021   0.63852   -0.76456              NaN               NaN
1022   0.63915   -0.76711              NaN               NaN
1023   0.63977   -0.76961              NaN               NaN
1024   0.64040   -0.77210              NaN               NaN
1025   0.64103   -0.77461              NaN               NaN
1026   0.64165   -0.77704              NaN               NaN
1027   0.64228   -0.77953              NaN               NaN
1028   0.64290   -0.78197              NaN               NaN
1029   0.64353   -0.78444              NaN               NaN
1030   0.64415   -0.78686              NaN               NaN
1031   0.64478   -0.78926              NaN               NaN
1032   0.64540   -0.79169              NaN               NaN
1033   0.64603   -0.79407              NaN               NaN
1034   0.64665   -0.79648              NaN               NaN
1035   0.64728   -0.79883              NaN               NaN
1036   0.64790   -0.80118              NaN               NaN
1037   0.64853   -0.80354              NaN               NaN
1038   0.64916   -0.80586              NaN               NaN
1039   0.64978   -0.80821              NaN               NaN
1040   0.65041   -0.81050              NaN               NaN
1041   0.65103   -0.81282              NaN               NaN
1042   0.65166   -0.81509              NaN               NaN
1043   0.65228   -0.81734              NaN               NaN
1044   0.65291   -0.81962              NaN               NaN
1045   0.65353   -0.82185              NaN               NaN
1046   0.65416   -0.82411              NaN               NaN
1047   0.65478   -0.82631              NaN               NaN
1048   0.65541   -0.82851              NaN               NaN
1049   0.65604   -0.83072              NaN               NaN
1050   0.65666   -0.83289              NaN               NaN
1051   0.65729   -0.83508              NaN               NaN
1052   0.65791   -0.83722              NaN               NaN
1053   0.65854   -0.83935              NaN               NaN
1054   0.65916   -0.84150              NaN               NaN
1055   0.65979   -0.84361              NaN               NaN
1056   0.66041   -0.84573              NaN               NaN
1057   0.66104   -0.84781              NaN               NaN
1058   0.66166   -0.84987              NaN               NaN
1059   0.66229   -0.85196              NaN               NaN
1060   0.66291   -0.85400              NaN               NaN
1061   0.66354   -0.85602              NaN               NaN
1062   0.66417   -0.85803              NaN               NaN
1063   0.66479   -0.86007              NaN               NaN
1064   0.66542   -0.86205              NaN               NaN
1065   0.66604   -0.86402              NaN               NaN
1066   0.66667   -0.86602              NaN               NaN
1067   0.66729   -0.86796              NaN               NaN
1068   0.66792   -0.86993              NaN               NaN
1069   0.66854   -0.87185              NaN               NaN
1070   0.66917   -0.87375              NaN               NaN
1071   0.66979   -0.87567              NaN               NaN
1072   0.67042   -0.87755              NaN               NaN
1073   0.67104   -0.87945              NaN               NaN
1074   0.67167   -0.88130              NaN               NaN
1075   0.67230   -0.88314              NaN               NaN
1076   0.67292   -0.88500              NaN               NaN
1077   0.67355   -0.88681              NaN               NaN
1078   0.67417   -0.88863              NaN               NaN
1079   0.67480   -0.89042              NaN               NaN
1080   0.67542   -0.89219              NaN               NaN
1081   0.67605   -0.89397              NaN               NaN
1082   0.67667   -0.89572              NaN               NaN
1083   0.67730   -0.89747              NaN               NaN
1084   0.67792   -0.89919              NaN               NaN
1085   0.67855   -0.90089              NaN               NaN
1086   0.67917   -0.90261              NaN               NaN
1087   0.67980   -0.90428              NaN               NaN
1088   0.68043   -0.90597              NaN               NaN
1089   0.68105   -0.90762              NaN               NaN
1090   0.68168   -0.90925              NaN               NaN
1091   0.68230   -0.91089              NaN               NaN
1092   0.68293   -0.91250              NaN               NaN
1093   0.68355   -0.91411              NaN               NaN
1094   0.68418   -0.91569              NaN               NaN
1095   0.68480   -0.91725              NaN               NaN
1096   0.68543   -0.91880              NaN               NaN
1097   0.68605   -0.92034              NaN               NaN
1098   0.68668   -0.92188              NaN               NaN
1099   0.68730   -0.92339              NaN               NaN
1100   0.68793   -0.92490              NaN               NaN
1101   0.68856   -0.92638              NaN               NaN
1102   0.68918   -0.92785              NaN               NaN
1103   0.68981   -0.92932              NaN               NaN
1104   0.69043   -0.93075              NaN               NaN
1105   0.69106   -0.93220              NaN               NaN
1106   0.69168   -0.93360              NaN               NaN
1107   0.69231   -0.93502              NaN               NaN
1108   0.69293   -0.93640              NaN               NaN
1109   0.69356   -0.93776              NaN               NaN
1110   0.69418   -0.93913              NaN               NaN
1111   0.69481   -0.94047              NaN               NaN
1112   0.69543   -0.94181              NaN               NaN
1113   0.69606   -0.94311              NaN               NaN
1114   0.69669   -0.94440              NaN               NaN
1115   0.69731   -0.94570              NaN               NaN
1116   0.69794   -0.94696              NaN               NaN
1117   0.69856   -0.94823              NaN               NaN
1118   0.69919   -0.94946              NaN               NaN
1119   0.69981   -0.95068              NaN               NaN
1120   0.70044   -0.95191              NaN               NaN
1121   0.70106   -0.95310              NaN               NaN
1122   0.70169   -0.95429              NaN               NaN
1123   0.70231   -0.95545              NaN               NaN
1124   0.70294   -0.95659              NaN               NaN
1125   0.70356   -0.95774              NaN               NaN
1126   0.70419   -0.95886              NaN               NaN
1127   0.70482   -0.95998              NaN               NaN
1128   0.70544   -0.96106              NaN               NaN
1129   0.70607   -0.96214              NaN               NaN
1130   0.70669   -0.96319              NaN               NaN
1131   0.70732   -0.96424              NaN               NaN
1132   0.70794   -0.96528              NaN               NaN
1133   0.70857   -0.96629              NaN               NaN
1134   0.70919   -0.96731              NaN               NaN
1135   0.70982   -0.96829              NaN               NaN
1136   0.71044   -0.96926              NaN               NaN
1137   0.71107   -0.97023              NaN               NaN
1138   0.71169   -0.97117              NaN               NaN
1139   0.71232   -0.97210              NaN               NaN
1140   0.71295   -0.97301              NaN               NaN
1141   0.71357   -0.97391              NaN               NaN
1142   0.71420   -0.97480              NaN               NaN
1143   0.71482   -0.97566              NaN               NaN
1144   0.71545   -0.97653              NaN               NaN
1145   0.71607   -0.97736              NaN               NaN
1146   0.71670   -0.97818              NaN               NaN
1147   0.71732   -0.97900              NaN               NaN
1148   0.71795   -0.97978              NaN               NaN
1149   0.71857   -0.98057              NaN               NaN
1150   0.71920   -0.98133              NaN               NaN
1151   0.71982   -0.98207              NaN               NaN
1152   0.72045   -0.98281              NaN               NaN
1153   0.72108   -0.98353              NaN               NaN
1154   0.72170   -0.98424              NaN               NaN
1155   0.72233   -0.98492              NaN               NaN
1156   0.72295   -0.98559              NaN               NaN
1157   0.72358   -0.98625              NaN               NaN
1158   0.72420   -0.98689              NaN               NaN
1159   0.72483   -0.98752              NaN               NaN
1160   0.72545   -0.98813              NaN               NaN
1161   0.72608   -0.98872              NaN               NaN
1162   0.72670   -0.98931              NaN               NaN
1163   0.72733   -0.98987              NaN               NaN
1164   0.72795   -0.99043              NaN               NaN
1165   0.72858   -0.99095              NaN               NaN
1166   0.72921   -0.99147              NaN               NaN
1167   0.72983   -0.99198              NaN               NaN
1168   0.73046   -0.99246              NaN               NaN
1169   0.73108   -0.99294              NaN               NaN
1170   0.73171   -0.99340              NaN               NaN
1171   0.73233   -0.99384              NaN               NaN
1172   0.73296   -0.99427              NaN               NaN
1173   0.73358   -0.99468              NaN               NaN
1174   0.73421   -0.99508              NaN               NaN
1175   0.73483   -0.99546              NaN               NaN
1176   0.73546   -0.99583              NaN               NaN
1177   0.73609   -0.99618              NaN               NaN
1178   0.73671   -0.99652              NaN               NaN
1179   0.73734   -0.99683              NaN               NaN
1180   0.73796   -0.99714              NaN               NaN
1181   0.73859   -0.99743              NaN               NaN
1182   0.73921   -0.99770              NaN               NaN
1183   0.73984   -0.99796              NaN               NaN
1184   0.74046   -0.99820              NaN               NaN
1185   0.74109   -0.99843              NaN               NaN
1186   0.74171   -0.99865              NaN               NaN
1187   0.74234   -0.99884              NaN               NaN
1188   0.74296   -0.99902              NaN               NaN
1189   0.74359   -0.99919              NaN               NaN
1190   0.74422   -0.99934              NaN               NaN
1191   0.74484   -0.99947              NaN               NaN
1192   0.74547   -0.99959              NaN               NaN
1193   0.74609   -0.99970              NaN               NaN
1194   0.74672   -0.99979              NaN               NaN
1195   0.74734   -0.99986              NaN               NaN
1196   0.74797   -0.99992              NaN               NaN
1197   0.74859   -0.99996              NaN               NaN
1198   0.74922   -0.99999              NaN               NaN
1199   0.74984   -1.00000              NaN               NaN
1200   0.75047   -1.00000              NaN               NaN
1201   0.75109   -0.99998              NaN               NaN
1202   0.75172   -0.99994              NaN               NaN
1203   0.75235   -0.99989              NaN               NaN
1204   0.75297   -0.99983              NaN               NaN
1205   0.75360   -0.99974              NaN               NaN
1206   0.75422   -0.99965              NaN               NaN
1207   0.75485   -0.99954              NaN               NaN
1208   0.75547   -0.99941              NaN               NaN
1209   0.75610   -0.99927              NaN               NaN
1210   0.75672   -0.99911              NaN               NaN
1211   0.75735   -0.99894              NaN               NaN
1212   0.75797   -0.99875              NaN               NaN
1213   0.75860   -0.99854              NaN               NaN
1214   0.75922   -0.99832              NaN               NaN
1215   0.75985   -0.99809              NaN               NaN
1216   0.76048   -0.99784              NaN               NaN
1217   0.76110   -0.99757              NaN               NaN
1218   0.76173   -0.99729              NaN               NaN
1219   0.76235   -0.99699              NaN               NaN
1220   0.76298   -0.99668              NaN               NaN
1221   0.76360   -0.99635              NaN               NaN
1222   0.76423   -0.99601              NaN               NaN
1223   0.76485   -0.99565              NaN               NaN
1224   0.76548   -0.99528              NaN               NaN
1225   0.76610   -0.99488              NaN               NaN
1226   0.76673   -0.99448              NaN               NaN
1227   0.76735   -0.99406              NaN               NaN
1228   0.76798   -0.99362              NaN               NaN
1229   0.76861   -0.99318              NaN               NaN
1230   0.76923   -0.99271              NaN               NaN
1231   0.76986   -0.99223              NaN               NaN
1232   0.77048   -0.99173              NaN               NaN
1233   0.77111   -0.99122              NaN               NaN
1234   0.77173   -0.99069              NaN               NaN
1235   0.77236   -0.99015              NaN               NaN
1236   0.77298   -0.98960              NaN               NaN
1237   0.77361   -0.98902              NaN               NaN
1238   0.77423   -0.98844              NaN               NaN
1239   0.77486   -0.98783              NaN               NaN
1240   0.77548   -0.98721              NaN               NaN
1241   0.77611   -0.98658              NaN               NaN
1242   0.77674   -0.98593              NaN               NaN
1243   0.77736   -0.98527              NaN               NaN
1244   0.77799   -0.98458              NaN               NaN
1245   0.77861   -0.98389              NaN               NaN
1246   0.77924   -0.98318              NaN               NaN
1247   0.77986   -0.98245              NaN               NaN
1248   0.78049   -0.98171              NaN               NaN
1249   0.78111   -0.98095              NaN               NaN
1250   0.78174   -0.98018              NaN               NaN
1251   0.78236   -0.97940              NaN               NaN
1252   0.78299   -0.97859              NaN               NaN
1253   0.78361   -0.97778              NaN               NaN
1254   0.78424   -0.97694              NaN               NaN
1255   0.78487   -0.97610              NaN               NaN
1256   0.78549   -0.97525              NaN               NaN
1257   0.78612   -0.97436              NaN               NaN
1258   0.78674   -0.97348              NaN               NaN
1259   0.78737   -0.97256              NaN               NaN
1260   0.78799   -0.97164              NaN               NaN
1261   0.78862   -0.97071              NaN               NaN
1262   0.78924   -0.96975              NaN               NaN
1263   0.78987   -0.96879              NaN               NaN
1264   0.79049   -0.96780              NaN               NaN
1265   0.79112   -0.96681              NaN               NaN
1266   0.79174   -0.96580              NaN               NaN
1267   0.79237   -0.96477              NaN               NaN
1268   0.79300   -0.96373              NaN               NaN
1269   0.79362   -0.96268              NaN               NaN
1270   0.79425   -0.96162              NaN               NaN
1271   0.79487   -0.96052              NaN               NaN
1272   0.79550   -0.95943              NaN               NaN
1273   0.79612   -0.95832              NaN               NaN
1274   0.79675   -0.95718              NaN               NaN
1275   0.79737   -0.95604              NaN               NaN
1276   0.79800   -0.95487              NaN               NaN
1277   0.79862   -0.95370              NaN               NaN
1278   0.79925   -0.95252              NaN               NaN
1279   0.79987   -0.95130              NaN               NaN
1280   0.80050   -0.95009              NaN               NaN
1281   0.80113   -0.94885              NaN               NaN
1282   0.80175   -0.94761              NaN               NaN
1283   0.80238   -0.94635              NaN               NaN
1284   0.80300   -0.94506              NaN               NaN
1285   0.80363   -0.94378              NaN               NaN
1286   0.80425   -0.94246              NaN               NaN
1287   0.80488   -0.94115              NaN               NaN
1288   0.80550   -0.93982              NaN               NaN
1289   0.80613   -0.93846              NaN               NaN
1290   0.80675   -0.93710              NaN               NaN
1291   0.80738   -0.93571              NaN               NaN
1292   0.80800   -0.93432              NaN               NaN
1293   0.80863   -0.93292              NaN               NaN
1294   0.80926   -0.93149              NaN               NaN
1295   0.80988   -0.93006              NaN               NaN
1296   0.81051   -0.92859              NaN               NaN
1297   0.81113   -0.92714              NaN               NaN
1298   0.81176   -0.92567              NaN               NaN
1299   0.81238   -0.92416              NaN               NaN
1300   0.81301   -0.92266              NaN               NaN
1301   0.81363   -0.92112              NaN               NaN
1302   0.81426   -0.91959              NaN               NaN
1303   0.81488   -0.91803              NaN               NaN
1304   0.81551   -0.91650              NaN               NaN
1305   0.81614   -0.91490              NaN               NaN
1306   0.81676   -0.91332              NaN               NaN
1307   0.81739   -0.91172              NaN               NaN
1308   0.81801   -0.91008              NaN               NaN
1309   0.81864   -0.90846              NaN               NaN
1310   0.81926   -0.90679              NaN               NaN
1311   0.81989   -0.90514              NaN               NaN
1312   0.82051   -0.90347              NaN               NaN
1313   0.82114   -0.90176              NaN               NaN
1314   0.82176   -0.90007              NaN               NaN
1315   0.82239   -0.89833              NaN               NaN
1316   0.82301   -0.89661              NaN               NaN
1317   0.82364   -0.89487              NaN               NaN
1318   0.82427   -0.89310              NaN               NaN
1319   0.82489   -0.89133              NaN               NaN
1320   0.82552   -0.88953              NaN               NaN
1321   0.82614   -0.88773              NaN               NaN
1322   0.82677   -0.88593              NaN               NaN
1323   0.82739   -0.88408              NaN               NaN
1324   0.82802   -0.88225              NaN               NaN
1325   0.82864   -0.88038              NaN               NaN
1326   0.82927   -0.87852              NaN               NaN
1327   0.82989   -0.87664              NaN               NaN
1328   0.83052   -0.87473              NaN               NaN
1329   0.83114   -0.87283              NaN               NaN
1330   0.83177   -0.87089              NaN               NaN
1331   0.83240   -0.86896              NaN               NaN
1332   0.83302   -0.86702              NaN               NaN
1333   0.83365   -0.86504              NaN               NaN
1334   0.83427   -0.86307              NaN               NaN
1335   0.83490   -0.86106              NaN               NaN
1336   0.83552   -0.85907              NaN               NaN
1337   0.83615   -0.85706              NaN               NaN
1338   0.83677   -0.85501              NaN               NaN
1339   0.83740   -0.85301              NaN               NaN
1340   0.83802   -0.85093              NaN               NaN
1341   0.83865   -0.84887              NaN               NaN
1342   0.83927   -0.84677              NaN               NaN
1343   0.83990   -0.84468              NaN               NaN
1344   0.84053   -0.84259              NaN               NaN
1345   0.84115   -0.84044              NaN               NaN
1346   0.84178   -0.83832              NaN               NaN
1347   0.84240   -0.83615              NaN               NaN
1348   0.84303   -0.83400              NaN               NaN
1349   0.84365   -0.83184              NaN               NaN
1350   0.84428   -0.82963              NaN               NaN
1351   0.84490   -0.82744              NaN               NaN
1352   0.84553   -0.82521              NaN               NaN
1353   0.84615   -0.82300              NaN               NaN
1354   0.84678   -0.82077              NaN               NaN
1355   0.84740   -0.81850              NaN               NaN
1356   0.84803   -0.81625              NaN               NaN
1357   0.84866   -0.81395              NaN               NaN
1358   0.84928   -0.81168              NaN               NaN
1359   0.84991   -0.80939              NaN               NaN
1360   0.85053   -0.80705              NaN               NaN
1361   0.85116   -0.80474              NaN               NaN
1362   0.85178   -0.80238              NaN               NaN
1363   0.85241   -0.80004              NaN               NaN
1364   0.85303   -0.79769              NaN               NaN
1365   0.85366   -0.79529              NaN               NaN
1366   0.85428   -0.79292              NaN               NaN
1367   0.85491   -0.79049              NaN               NaN
1368   0.85553   -0.78810              NaN               NaN
1369   0.85616   -0.78565              NaN               NaN
1370   0.85679   -0.78322              NaN               NaN
1371   0.85741   -0.78079              NaN               NaN
1372   0.85804   -0.77830              NaN               NaN
1373   0.85866   -0.77588              NaN               NaN
1374   0.85929   -0.77338              NaN               NaN
1375   0.85991   -0.77089              NaN               NaN
1376   0.86054   -0.76836              NaN               NaN
1377   0.86116   -0.76585              NaN               NaN
1378   0.86179   -0.76334              NaN               NaN
1379   0.86241   -0.76077              NaN               NaN
1380   0.86304   -0.75823              NaN               NaN
1381   0.86366   -0.75563              NaN               NaN
1382   0.86429   -0.75307              NaN               NaN
1383   0.86492   -0.75049              NaN               NaN
1384   0.86554   -0.74787              NaN               NaN
1385   0.86617   -0.74527              NaN               NaN
1386   0.86679   -0.74262              NaN               NaN
1387   0.86742   -0.73999              NaN               NaN
1388   0.86804   -0.73736              NaN               NaN
1389   0.86867   -0.73468              NaN               NaN
1390   0.86929   -0.73202              NaN               NaN
1391   0.86992   -0.72931              NaN               NaN
1392   0.87054   -0.72663              NaN               NaN
1393   0.87117   -0.72394              NaN               NaN
1394   0.87179   -0.72120              NaN               NaN
1395   0.87242   -0.71849              NaN               NaN
1396   0.87305   -0.71573              NaN               NaN
1397   0.87367   -0.71299              NaN               NaN
1398   0.87430   -0.71025              NaN               NaN
1399   0.87492   -0.70745              NaN               NaN
1400   0.87555   -0.70468              NaN               NaN
1401   0.87617   -0.70186              NaN               NaN
1402   0.87680   -0.69907              NaN               NaN
1403   0.87742   -0.69628              NaN               NaN
1404   0.87805   -0.69342              NaN               NaN
1405   0.87867   -0.69060              NaN               NaN
1406   0.87930   -0.68773              NaN               NaN
1407   0.87992   -0.68489              NaN               NaN
1408   0.88055   -0.68204              NaN               NaN
1409   0.88118   -0.67917              NaN               NaN
1410   0.88180   -0.67630              NaN               NaN
1411   0.88243   -0.67337              NaN               NaN
1412   0.88305   -0.67048              NaN               NaN
1413   0.88368   -0.66753              NaN               NaN
1414   0.88430   -0.66462              NaN               NaN
1415   0.88493   -0.66170              NaN               NaN
1416   0.88555   -0.65872              NaN               NaN
1417   0.88618   -0.65577              NaN               NaN
1418   0.88680   -0.65277              NaN               NaN
1419   0.88743   -0.64981              NaN               NaN
1420   0.88806   -0.64683              NaN               NaN
1421   0.88868   -0.64380              NaN               NaN
1422   0.88931   -0.64081              NaN               NaN
1423   0.88993   -0.63776              NaN               NaN
1424   0.89056   -0.63474              NaN               NaN
1425   0.89118   -0.63172              NaN               NaN
1426   0.89181   -0.62864              NaN               NaN
1427   0.89243   -0.62560              NaN               NaN
1428   0.89306   -0.62250              NaN               NaN
1429   0.89368   -0.61944              NaN               NaN
1430   0.89431   -0.61636              NaN               NaN
1431   0.89493   -0.61324              NaN               NaN
1432   0.89556   -0.61015              NaN               NaN
1433   0.89619   -0.60700              NaN               NaN
1434   0.89681   -0.60389              NaN               NaN
1435   0.89744   -0.60072              NaN               NaN
1436   0.89806   -0.59759              NaN               NaN
1437   0.89869   -0.59446              NaN               NaN
1438   0.89931   -0.59126              NaN               NaN
1439   0.89994   -0.58811              NaN               NaN
1440   0.90056   -0.58489              NaN               NaN
1441   0.90119   -0.58172              NaN               NaN
1442   0.90181   -0.57854              NaN               NaN
1443   0.90244   -0.57535              NaN               NaN
1444   0.90306   -0.57215              NaN               NaN
1445   0.90369   -0.56889              NaN               NaN
1446   0.90432   -0.56567              NaN               NaN
1447   0.90494   -0.56240              NaN               NaN
1448   0.90557   -0.55916              NaN               NaN
1449   0.90619   -0.55592              NaN               NaN
1450   0.90682   -0.55262              NaN               NaN
1451   0.90744   -0.54936              NaN               NaN
1452   0.90807   -0.54604              NaN               NaN
1453   0.90869   -0.54276              NaN               NaN
1454   0.90932   -0.53948              NaN               NaN
1455   0.90994   -0.53613              NaN               NaN
1456   0.91057   -0.53283              NaN               NaN
1457   0.91119   -0.52947              NaN               NaN
1458   0.91182   -0.52615              NaN               NaN
1459   0.91245   -0.52283              NaN               NaN
1460   0.91307   -0.51944              NaN               NaN
1461   0.91370   -0.51610              NaN               NaN
1462   0.91432   -0.51270              NaN               NaN
1463   0.91495   -0.50934              NaN               NaN
1464   0.91557   -0.50597              NaN               NaN
1465   0.91620   -0.50255              NaN               NaN
1466   0.91682   -0.49917              NaN               NaN
1467   0.91745   -0.49573              NaN               NaN
1468   0.91807   -0.49233              NaN               NaN
1469   0.91870   -0.48893              NaN               NaN
1470   0.91932   -0.48546              NaN               NaN
1471   0.91995   -0.48204              NaN               NaN
1472   0.92058   -0.47856              NaN               NaN
1473   0.92120   -0.47513              NaN               NaN
1474   0.92183   -0.47169              NaN               NaN
1475   0.92245   -0.46819              NaN               NaN
1476   0.92308   -0.46473              NaN               NaN
1477   0.92370   -0.46122              NaN               NaN
1478   0.92433   -0.45780              NaN               NaN
1479   0.92495   -0.45427              NaN               NaN
1480   0.92558   -0.45079              NaN               NaN
1481   0.92620   -0.44730              NaN               NaN
1482   0.92683   -0.44374              NaN               NaN
1483   0.92745   -0.44024              NaN               NaN
1484   0.92808   -0.43667              NaN               NaN
1485   0.92871   -0.43316              NaN               NaN
1486   0.92933   -0.42963              NaN               NaN
1487   0.92996   -0.42605              NaN               NaN
1488   0.93058   -0.42251              NaN               NaN
1489   0.93121   -0.41891              NaN               NaN
1490   0.93183   -0.41536              NaN               NaN
1491   0.93246   -0.41180              NaN               NaN
1492   0.93308   -0.40819              NaN               NaN
1493   0.93371   -0.40462              NaN               NaN
1494   0.93433   -0.40098              NaN               NaN
1495   0.93496   -0.39740              NaN               NaN
1496   0.93558   -0.39376              NaN               NaN
1497   0.93621   -0.39017              NaN               NaN
1498   0.93684   -0.38657              NaN               NaN
1499   0.93746   -0.38290              NaN               NaN
1500   0.93809   -0.37929              NaN               NaN
1501   0.93871   -0.37562              NaN               NaN
1502   0.93934   -0.37200              NaN               NaN
1503   0.93996   -0.36837              NaN               NaN
1504   0.94059   -0.36468              NaN               NaN
1505   0.94121   -0.36104              NaN               NaN
1506   0.94184   -0.35733              NaN               NaN
1507   0.94246   -0.35368              NaN               NaN
1508   0.94309   -0.35003              NaN               NaN
1509   0.94371   -0.34631              NaN               NaN
1510   0.94434   -0.34264              NaN               NaN
1511   0.94497   -0.33891              NaN               NaN
1512   0.94559   -0.33529              NaN               NaN
1513   0.94622   -0.33155              NaN               NaN
1514   0.94684   -0.32786              NaN               NaN
1515   0.94747   -0.32417              NaN               NaN
1516   0.94809   -0.32041              NaN               NaN
1517   0.94872   -0.31671              NaN               NaN
1518   0.94934   -0.31295              NaN               NaN
1519   0.94997   -0.30923              NaN               NaN
1520   0.95059   -0.30552              NaN               NaN
1521   0.95122   -0.30174              NaN               NaN
1522   0.95184   -0.29801              NaN               NaN
1523   0.95247   -0.29422              NaN               NaN
1524   0.95310   -0.29048              NaN               NaN
1525   0.95372   -0.28674              NaN               NaN
1526   0.95435   -0.28294              NaN               NaN
1527   0.95497   -0.27919              NaN               NaN
1528   0.95560   -0.27538              NaN               NaN
1529   0.95622   -0.27162              NaN               NaN
1530   0.95685   -0.26786              NaN               NaN
1531   0.95747   -0.26404              NaN               NaN
1532   0.95810   -0.26027              NaN               NaN
1533   0.95872   -0.25644              NaN               NaN
1534   0.95935   -0.25266              NaN               NaN
1535   0.95997   -0.24888              NaN               NaN
1536   0.96060   -0.24503              NaN               NaN
1537   0.96123   -0.24124              NaN               NaN
1538   0.96185   -0.23739              NaN               NaN
1539   0.96248   -0.23359              NaN               NaN
1540   0.96310   -0.22979              NaN               NaN
1541   0.96373   -0.22593              NaN               NaN
1542   0.96435   -0.22212              NaN               NaN
1543   0.96498   -0.21825              NaN               NaN
1544   0.96560   -0.21444              NaN               NaN
1545   0.96623   -0.21062              NaN               NaN
1546   0.96685   -0.20674              NaN               NaN
1547   0.96748   -0.20298              NaN               NaN
1548   0.96811   -0.19909              NaN               NaN
1549   0.96873   -0.19526              NaN               NaN
1550   0.96936   -0.19137              NaN               NaN
1551   0.96998   -0.18754              NaN               NaN
1552   0.97061   -0.18370              NaN               NaN
1553   0.97123   -0.17980              NaN               NaN
1554   0.97186   -0.17595              NaN               NaN
1555   0.97248   -0.17205              NaN               NaN
1556   0.97311   -0.16820              NaN               NaN
1557   0.97373   -0.16435              NaN               NaN
1558   0.97436   -0.16043              NaN               NaN
1559   0.97498   -0.15657              NaN               NaN
1560   0.97561   -0.15265              NaN               NaN
1561   0.97624   -0.14879              NaN               NaN
1562   0.97686   -0.14487              NaN               NaN
1563   0.97749   -0.14100              NaN               NaN
1564   0.97811   -0.13713              NaN               NaN
1565   0.97874   -0.13320              NaN               NaN
1566   0.97936   -0.12933              NaN               NaN
1567   0.97999   -0.12540              NaN               NaN
1568   0.98061   -0.12152              NaN               NaN
1569   0.98124   -0.11764              NaN               NaN
1570   0.98186   -0.11370              NaN               NaN
1571   0.98249   -0.10982              NaN               NaN
1572   0.98311   -0.10587              NaN               NaN
1573   0.98374   -0.10199              NaN               NaN
1574   0.98437   -0.09810              NaN               NaN
1575   0.98499   -0.09415              NaN               NaN
1576   0.98562   -0.09026              NaN               NaN
1577   0.98624   -0.08631              NaN               NaN
1578   0.98687   -0.08242              NaN               NaN
1579   0.98749   -0.07853              NaN               NaN
1580   0.98812   -0.07457              NaN               NaN
1581   0.98874   -0.07067              NaN               NaN
1582   0.98937   -0.06678              NaN               NaN
1583   0.98999   -0.06288              NaN               NaN
1584   0.99062   -0.05892              NaN               NaN
1585   0.99124   -0.05502              NaN               NaN
1586   0.99187   -0.05112              NaN               NaN
1587   0.99250   -0.04716              NaN               NaN
1588   0.99312   -0.04325              NaN               NaN
1589   0.99375   -0.03929              NaN               NaN
1590   0.99437   -0.03539              NaN               NaN
1591   0.99500   -0.03148              NaN               NaN
1592   0.99562   -0.02752              NaN               NaN
1593   0.99625   -0.02361              NaN               NaN
1594   0.99687   -0.01965              NaN               NaN
1595   0.99750   -0.01574              NaN               NaN
1596   0.99812   -0.01183              NaN               NaN
1597   0.99875   -0.00787              NaN               NaN
1598   0.99937   -0.00396              NaN               NaN
1599   1.00000    0.00001              NaN               NaN
 
