 i       X     FEXACT   FI_UPWIND   ERR_UP
   0   0.00000   0.00000   0.83826   0.83826
   1   0.00063   0.00389   0.83936   0.83547
   2   0.00125   0.00786   0.84045   0.83259
   3   0.00188   0.01177   0.84153   0.82976
   4   0.00250   0.01573   0.84259   0.82686
   5   0.00313   0.01964   0.84364   0.82400
   6   0.00375   0.02355   0.84468   0.82113
   7   0.00438   0.02751   0.84570   0.81819
   8   0.00500   0.03142   0.84671   0.81529
   9   0.00563   0.03538   0.84771   0.81233
  10   0.00625   0.03928   0.84869   0.80941
  11   0.00688   0.04319   0.84966   0.80647
  12   0.00750   0.04715   0.85062   0.80347
  13   0.00813   0.05105   0.85156   0.80051
  14   0.00876   0.05501   0.85250   0.79748
  15   0.00938   0.05891   0.85341   0.79450
  16   0.01001   0.06281   0.85432   0.79151
  17   0.01063   0.06677   0.85521   0.78844
  18   0.01126   0.07061   0.85609   0.78548
  19   0.01188   0.07456   0.85696   0.78239
  20   0.01251   0.07846   0.85781   0.77935
  21   0.01313   0.08241   0.85865   0.77623
  22   0.01376   0.08631   0.85947   0.77317
  23   0.01438   0.09020   0.86029   0.77009
  24   0.01501   0.09415   0.86108   0.76694
  25   0.01563   0.09804   0.86187   0.76383
  26   0.01626   0.10198   0.86264   0.76066
  27   0.01689   0.10587   0.86340   0.75753
  28   0.01751   0.10975   0.86415   0.75439
  29   0.01814   0.11369   0.86488   0.75118
  30   0.01876   0.11757   0.86560   0.74802
  31   0.01939   0.12151   0.86630   0.74479
  32   0.02001   0.12539   0.86699   0.74160
  33   0.02064   0.12926   0.86767   0.73841
  34   0.02126   0.13320   0.86833   0.73514
  35   0.02189   0.13707   0.86899   0.73192
  36   0.02251   0.14100   0.86962   0.72863
  37   0.02314   0.14486   0.87025   0.72538
  38   0.02376   0.14873   0.87086   0.72213
  39   0.02439   0.15265   0.87146   0.71881
  40   0.02502   0.15651   0.87204   0.71553
  41   0.02564   0.16042   0.87261   0.71219
  42   0.02627   0.16428   0.87317   0.70889
  43   0.02689   0.16813   0.87371   0.70558
  44   0.02752   0.17204   0.87424   0.70220
  45   0.02814   0.17589   0.87476   0.69887
  46   0.02877   0.17979   0.87526   0.69547
  47   0.02939   0.18363   0.87575   0.69212
  48   0.03002   0.18747   0.87623   0.68876
  49   0.03064   0.19137   0.87669   0.68532
  50   0.03127   0.19520   0.87714   0.68194
  51   0.03189   0.19909   0.87757   0.67849
  52   0.03252   0.20291   0.87800   0.67508
  53   0.03315   0.20674   0.87840   0.67167
  54   0.03377   0.21056   0.87880   0.66824
  55   0.03440   0.21438   0.87918   0.66480
  56   0.03502   0.21825   0.87954   0.66130
  57   0.03565   0.22206   0.87990   0.65784
  58   0.03627   0.22593   0.88024   0.65431
  59   0.03690   0.22973   0.88056   0.65083
  60   0.03752   0.23353   0.88088   0.64735
  61   0.03815   0.23739   0.88118   0.64379
  62   0.03877   0.24118   0.88146   0.64028
  63   0.03940   0.24503   0.88173   0.63671
  64   0.04003   0.24881   0.88199   0.63318
  65   0.04065   0.25265   0.88223   0.62958
  66   0.04128   0.25643   0.88246   0.62603
  67   0.04190   0.26020   0.88268   0.62248
  68   0.04253   0.26403   0.88289   0.61885
  69   0.04315   0.26780   0.88307   0.61528
  70   0.04378   0.27162   0.88325   0.61163
  71   0.04440   0.27538   0.88341   0.60804
  72   0.04503   0.27913   0.88356   0.60443
  73   0.04565   0.28294   0.88370   0.60076
  74   0.04628   0.28668   0.88382   0.59714
  75   0.04690   0.29048   0.88393   0.59345
  76   0.04753   0.29421   0.88402   0.58981
  77   0.04816   0.29795   0.88410   0.58616
  78   0.04878   0.30173   0.88417   0.58244
  79   0.04941   0.30545   0.88422   0.57877
  80   0.05003   0.30923   0.88426   0.57504
  81   0.05066   0.31294   0.88429   0.57135
  82   0.05128   0.31665   0.88430   0.56765
  83   0.05191   0.32041   0.88430   0.56389
  84   0.05253   0.32411   0.88428   0.56018
  85   0.05316   0.32786   0.88425   0.55640
  86   0.05378   0.33154   0.88421   0.55267
  87   0.05441   0.33523   0.88416   0.54893
  88   0.05503   0.33890   0.88409   0.54518
  89   0.05566   0.34258   0.88400   0.54142
  90   0.05629   0.34630   0.88390   0.53760
  91   0.05691   0.34996   0.88379   0.53383
  92   0.05754   0.35368   0.88367   0.52999
  93   0.05816   0.35733   0.88353   0.52620
  94   0.05879   0.36097   0.88338   0.52240
  95   0.05941   0.36467   0.88321   0.51854
  96   0.06004   0.36831   0.88303   0.51473
  97   0.06066   0.37199   0.88284   0.51085
  98   0.06129   0.37561   0.88263   0.50702
  99   0.06191   0.37923   0.88241   0.50318
 100   0.06254   0.38290   0.88218   0.49928
 101   0.06316   0.38650   0.88193   0.49543
 102   0.06379   0.39016   0.88167   0.49151
 103   0.06442   0.39375   0.88139   0.48764
 104   0.06504   0.39734   0.88111   0.48376
 105   0.06567   0.40098   0.88080   0.47982
 106   0.06629   0.40455   0.88049   0.47593
 107   0.06692   0.40818   0.88016   0.47198
 108   0.06754   0.41174   0.87982   0.46807
 109   0.06817   0.41530   0.87946   0.46416
 110   0.06879   0.41891   0.87909   0.46019
 111   0.06942   0.42245   0.87871   0.45626
 112   0.07004   0.42604   0.87831   0.45227
 113   0.07067   0.42957   0.87790   0.44833
 114   0.07129   0.43310   0.87747   0.44438
 115   0.07192   0.43667   0.87704   0.44037
 116   0.07255   0.44018   0.87658   0.43640
 117   0.07317   0.44374   0.87612   0.43238
 118   0.07380   0.44724   0.87564   0.42840
 119   0.07442   0.45073   0.87515   0.42442
 120   0.07505   0.45426   0.87464   0.42038
 121   0.07567   0.45774   0.87412   0.41638
 122   0.07630   0.46121   0.87359   0.41238
 123   0.07692   0.46467   0.87304   0.40837
 124   0.07755   0.46818   0.87248   0.40430
 125   0.07817   0.47163   0.87190   0.40027
 126   0.07880   0.47507   0.87132   0.39625
 127   0.07942   0.47856   0.87072   0.39216
 128   0.08005   0.48198   0.87010   0.38812
 129   0.08068   0.48546   0.86948   0.38402
 130   0.08130   0.48887   0.86883   0.37997
 131   0.08193   0.49232   0.86818   0.37586
 132   0.08255   0.49572   0.86751   0.37179
 133   0.08318   0.49911   0.86683   0.36772
 134   0.08380   0.50254   0.86614   0.36359
 135   0.08443   0.50592   0.86543   0.35951
 136   0.08505   0.50934   0.86471   0.35537
 137   0.08568   0.51269   0.86397   0.35128
 138   0.08630   0.51604   0.86322   0.34718
 139   0.08693   0.51944   0.86246   0.34303
 140   0.08755   0.52277   0.86169   0.33892
 141   0.08818   0.52615   0.86090   0.33475
 142   0.08881   0.52947   0.86010   0.33063
 143   0.08943   0.53278   0.85928   0.32651
 144   0.09006   0.53613   0.85845   0.32232
 145   0.09068   0.53942   0.85761   0.31819
 146   0.09131   0.54276   0.85675   0.31400
 147   0.09193   0.54604   0.85589   0.30985
 148   0.09256   0.54930   0.85500   0.30570
 149   0.09318   0.55261   0.85411   0.30149
 150   0.09381   0.55587   0.85320   0.29733
 151   0.09443   0.55916   0.85228   0.29312
 152   0.09506   0.56239   0.85134   0.28895
 153   0.09568   0.56562   0.85040   0.28478
 154   0.09631   0.56889   0.84944   0.28055
 155   0.09694   0.57210   0.84846   0.27637
 156   0.09756   0.57534   0.84747   0.27213
 157   0.09819   0.57849   0.84647   0.26799
 158   0.09881   0.58172   0.84546   0.26374
 159   0.09944   0.58489   0.84443   0.25954
 160   0.10006   0.58805   0.84339   0.25534
 161   0.10069   0.59126   0.84234   0.25108
 162   0.10131   0.59440   0.84128   0.24687
 163   0.10194   0.59759   0.84020   0.24261
 164   0.10256   0.60072   0.83911   0.23839
 165   0.10319   0.60384   0.83800   0.23417
 166   0.10381   0.60699   0.83688   0.22989
 167   0.10444   0.61009   0.83575   0.22566
 168   0.10507   0.61323   0.83461   0.22138
 169   0.10569   0.61631   0.83346   0.21714
 170   0.10632   0.61938   0.83229   0.21290
 171   0.10694   0.62249   0.83111   0.20861
 172   0.10757   0.62555   0.82991   0.20437
 173   0.10819   0.62864   0.82871   0.20007
 174   0.10882   0.63167   0.82749   0.19582
 175   0.10944   0.63469   0.82625   0.19156
 176   0.11007   0.63775   0.82501   0.18726
 177   0.11069   0.64076   0.82375   0.18299
 178   0.11132   0.64380   0.82248   0.17868
 179   0.11194   0.64678   0.82120   0.17442
 180   0.11257   0.64976   0.81990   0.17015
 181   0.11320   0.65277   0.81859   0.16583
 182   0.11382   0.65572   0.81727   0.16155
 183   0.11445   0.65871   0.81594   0.15723
 184   0.11507   0.66165   0.81459   0.15295
 185   0.11570   0.66457   0.81324   0.14867
 186   0.11632   0.66753   0.81186   0.14434
 187   0.11695   0.67043   0.81048   0.14005
 188   0.11757   0.67337   0.80908   0.13571
 189   0.11820   0.67625   0.80767   0.13142
 190   0.11882   0.67913   0.80625   0.12713
 191   0.11945   0.68203   0.80482   0.12279
 192   0.12008   0.68488   0.80337   0.11849
 193   0.12070   0.68772   0.80192   0.11419
 194   0.12133   0.69056   0.80045   0.10989
 195   0.12195   0.69342   0.79896   0.10555
 196   0.12258   0.69623   0.79747   0.10124
 197   0.12320   0.69907   0.79597   0.09689
 198   0.12383   0.70186   0.79445   0.09259
 199   0.12445   0.70464   0.79292   0.08828
 200   0.12508   0.70745   0.79138   0.08393
 201   0.12570   0.71020   0.78982   0.07962
 202   0.12633   0.71299   0.78826   0.07527
 203   0.12695   0.71572   0.78668   0.07096
 204   0.12758   0.71844   0.78509   0.06665
 205   0.12821   0.72120   0.78349   0.06230
 206   0.12883   0.72390   0.78188   0.05798
 207   0.12946   0.72663   0.78026   0.05363
 208   0.13008   0.72931   0.77862   0.04931
 209   0.13071   0.73198   0.77697   0.04500
 210   0.13133   0.73467   0.77531   0.04064
 211   0.13196   0.73732   0.77364   0.03632
 212   0.13258   0.73999   0.77195   0.03196
 213   0.13321   0.74261   0.77026   0.02765
 214   0.13383   0.74522   0.76855   0.02333
 215   0.13446   0.74786   0.76683   0.01897
 216   0.13508   0.75045   0.76510   0.01465
 217   0.13571   0.75307   0.76335   0.01029
 218   0.13634   0.75563   0.76160   0.00597
 219   0.13696   0.75818   0.75983   0.00165
 220   0.13759   0.76076   0.75805   0.00272
 221   0.13821   0.76329   0.75626   0.00704
 222   0.13884   0.76585   0.75445   0.01140
 223   0.13946   0.76836   0.75264   0.01572
 224   0.14009   0.77085   0.75081   0.02004
 225   0.14071   0.77337   0.74897   0.02440
 226   0.14134   0.77580   0.74712   0.02869
 227   0.14196   0.77830   0.74525   0.03305
 228   0.14259   0.78075   0.74338   0.03737
 229   0.14321   0.78322   0.74149   0.04173
 230   0.14384   0.78564   0.73959   0.04605
 231   0.14447   0.78805   0.73768   0.05037
 232   0.14509   0.79049   0.73576   0.05473
 233   0.14572   0.79288   0.73383   0.05905
 234   0.14634   0.79529   0.73188   0.06341
 235   0.14697   0.79765   0.72992   0.06773
 236   0.14759   0.80000   0.72796   0.07204
 237   0.14822   0.80237   0.72598   0.07640
 238   0.14884   0.80470   0.72399   0.08071
 239   0.14947   0.80705   0.72199   0.08506
 240   0.15009   0.80935   0.71998   0.08937
 241   0.15072   0.81164   0.71795   0.09368
 242   0.15134   0.81395   0.71592   0.09803
 243   0.15197   0.81621   0.71387   0.10234
 244   0.15260   0.81850   0.71181   0.10668
 245   0.15322   0.82073   0.70975   0.11099
 246   0.15385   0.82296   0.70767   0.11529
 247   0.15447   0.82521   0.70558   0.11963
 248   0.15510   0.82741   0.70348   0.12393
 249   0.15572   0.82963   0.70137   0.12826
 250   0.15635   0.83180   0.69924   0.13256
 251   0.15697   0.83397   0.69711   0.13686
 252   0.15760   0.83615   0.69497   0.14118
 253   0.15822   0.83828   0.69281   0.14547
 254   0.15885   0.84044   0.69065   0.14980
 255   0.15947   0.84255   0.68847   0.15408
 256   0.16010   0.84465   0.68628   0.15837
 257   0.16073   0.84677   0.68409   0.16268
 258   0.16135   0.84884   0.68188   0.16696
 259   0.16198   0.85093   0.67966   0.17127
 260   0.16260   0.85297   0.67743   0.17554
 261   0.16323   0.85501   0.67519   0.17981
 262   0.16385   0.85703   0.67294   0.18408
 263   0.16448   0.85906   0.67068   0.18838
 264   0.16510   0.86106   0.66841   0.19264
 265   0.16573   0.86304   0.66613   0.19690
 266   0.16635   0.86503   0.66384   0.20119
 267   0.16698   0.86699   0.66154   0.20545
 268   0.16760   0.86896   0.65923   0.20973
 269   0.16823   0.87088   0.65691   0.21398
 270   0.16886   0.87280   0.65458   0.21822
 271   0.16948   0.87473   0.65223   0.22249
 272   0.17011   0.87661   0.64988   0.22673
 273   0.17073   0.87851   0.64752   0.23099
 274   0.17136   0.88037   0.64515   0.23523
 275   0.17198   0.88222   0.64277   0.23945
 276   0.17261   0.88408   0.64037   0.24371
 277   0.17323   0.88590   0.63797   0.24793
 278   0.17386   0.88773   0.63556   0.25217
 279   0.17448   0.88952   0.63314   0.25638
 280   0.17511   0.89130   0.63071   0.26059
 281   0.17573   0.89309   0.62827   0.26482
 282   0.17636   0.89484   0.62582   0.26903
 283   0.17699   0.89661   0.62336   0.27325
 284   0.17761   0.89833   0.62089   0.27744
 285   0.17824   0.90004   0.61841   0.28163
 286   0.17886   0.90176   0.61592   0.28584
 287   0.17949   0.90344   0.61342   0.29002
 288   0.18011   0.90514   0.61091   0.29422
 289   0.18074   0.90679   0.60840   0.29840
 290   0.18136   0.90843   0.60587   0.30256
 291   0.18199   0.91008   0.60333   0.30675
 292   0.18261   0.91169   0.60079   0.31091
 293   0.18324   0.91332   0.59823   0.31508
 294   0.18386   0.91490   0.59567   0.31923
 295   0.18449   0.91647   0.59310   0.32337
 296   0.18512   0.91803   0.59052   0.32751
 297   0.18574   0.91957   0.58793   0.33164
 298   0.18637   0.92112   0.58533   0.33579
 299   0.18699   0.92263   0.58272   0.33992
 300   0.18762   0.92416   0.58010   0.34406
 301   0.18824   0.92564   0.57747   0.34817
 302   0.18887   0.92711   0.57484   0.35227
 303   0.18949   0.92859   0.57220   0.35640
 304   0.19012   0.93003   0.56954   0.36049
 305   0.19074   0.93149   0.56688   0.36460
 306   0.19137   0.93290   0.56421   0.36869
 307   0.19199   0.93430   0.56153   0.37277
 308   0.19262   0.93571   0.55884   0.37686
 309   0.19325   0.93708   0.55615   0.38093
 310   0.19387   0.93845   0.55344   0.38501
 311   0.19450   0.93980   0.55073   0.38907
 312   0.19512   0.94112   0.54800   0.39312
 313   0.19575   0.94246   0.54527   0.39718
 314   0.19637   0.94376   0.54254   0.40122
 315   0.19700   0.94506   0.53979   0.40527
 316   0.19762   0.94633   0.53703   0.40930
 317   0.19825   0.94759   0.53427   0.41332
 318   0.19887   0.94885   0.53149   0.41735
 319   0.19950   0.95007   0.52871   0.42136
 320   0.20013   0.95130   0.52593   0.42538
 321   0.20075   0.95250   0.52313   0.42937
 322   0.20138   0.95368   0.52033   0.43336
 323   0.20200   0.95487   0.51751   0.43736
 324   0.20263   0.95602   0.51469   0.44133
 325   0.20325   0.95718   0.51186   0.44531
 326   0.20388   0.95830   0.50903   0.44927
 327   0.20450   0.95943   0.50618   0.45324
 328   0.20513   0.96052   0.50333   0.45719
 329   0.20575   0.96160   0.50047   0.46113
 330   0.20638   0.96268   0.49760   0.46508
 331   0.20700   0.96371   0.49473   0.46899
 332   0.20763   0.96477   0.49184   0.47292
 333   0.20826   0.96579   0.48895   0.47683
 334   0.20888   0.96681   0.48606   0.48075
 335   0.20951   0.96780   0.48315   0.48465
 336   0.21013   0.96877   0.48024   0.48854
 337   0.21076   0.96975   0.47732   0.49243
 338   0.21138   0.97070   0.47439   0.49631
 339   0.21201   0.97164   0.47145   0.50019
 340   0.21263   0.97256   0.46851   0.50405
 341   0.21326   0.97346   0.46556   0.50790
 342   0.21388   0.97436   0.46260   0.51176
 343   0.21451   0.97523   0.45964   0.51559
 344   0.21513   0.97610   0.45667   0.51944
 345   0.21576   0.97694   0.45369   0.52326
 346   0.21639   0.97777   0.45070   0.52707
 347   0.21701   0.97859   0.44771   0.53088
 348   0.21764   0.97939   0.44471   0.53468
 349   0.21826   0.98018   0.44170   0.53848
 350   0.21889   0.98095   0.43869   0.54226
 351   0.21951   0.98170   0.43567   0.54603
 352   0.22014   0.98245   0.43264   0.54980
 353   0.22076   0.98317   0.42961   0.55356
 354   0.22139   0.98389   0.42657   0.55732
 355   0.22201   0.98458   0.42352   0.56105
 356   0.22264   0.98525   0.42047   0.56478
 357   0.22326   0.98593   0.41741   0.56851
 358   0.22389   0.98657   0.41435   0.57222
 359   0.22452   0.98721   0.41127   0.57594
 360   0.22514   0.98783   0.40820   0.57963
 361   0.22577   0.98843   0.40511   0.58332
 362   0.22639   0.98902   0.40202   0.58700
 363   0.22702   0.98959   0.39892   0.59067
 364   0.22764   0.99015   0.39582   0.59433
 365   0.22827   0.99068   0.39271   0.59797
 366   0.22889   0.99122   0.38959   0.60162
 367   0.22952   0.99173   0.38647   0.60525
 368   0.23014   0.99222   0.38335   0.60887
 369   0.23077   0.99271   0.38021   0.61249
 370   0.23139   0.99317   0.37707   0.61609
 371   0.23202   0.99362   0.37393   0.61969
 372   0.23265   0.99406   0.37078   0.62328
 373   0.23327   0.99447   0.36762   0.62685
 374   0.23390   0.99488   0.36446   0.63042
 375   0.23452   0.99527   0.36129   0.63398
 376   0.23515   0.99565   0.35812   0.63753
 377   0.23577   0.99600   0.35494   0.64107
 378   0.23640   0.99635   0.35175   0.64459
 379   0.23702   0.99668   0.34856   0.64811
 380   0.23765   0.99699   0.34537   0.65162
 381   0.23827   0.99729   0.34217   0.65512
 382   0.23890   0.99757   0.33896   0.65861
 383   0.23952   0.99783   0.33575   0.66208
 384   0.24015   0.99809   0.33253   0.66555
 385   0.24078   0.99832   0.32931   0.66901
 386   0.24140   0.99854   0.32609   0.67246
 387   0.24203   0.99874   0.32285   0.67589
 388   0.24265   0.99893   0.31962   0.67932
 389   0.24328   0.99911   0.31637   0.68273
 390   0.24390   0.99927   0.31313   0.68614
 391   0.24453   0.99941   0.30988   0.68953
 392   0.24515   0.99954   0.30662   0.69292
 393   0.24578   0.99965   0.30336   0.69629
 394   0.24640   0.99974   0.30009   0.69965
 395   0.24703   0.99983   0.29682   0.70300
 396   0.24765   0.99989   0.29355   0.70634
 397   0.24828   0.99994   0.29027   0.70967
 398   0.24891   0.99998   0.28699   0.71299
 399   0.24953   1.00000   0.28370   0.71630
 400   0.25016   1.00000   0.28041   0.71959
 401   0.25078   0.99999   0.27711   0.72288
 402   0.25141   0.99996   0.27381   0.72615
 403   0.25203   0.99992   0.27050   0.72942
 404   0.25266   0.99986   0.26719   0.73267
 405   0.25328   0.99979   0.26388   0.73591
 406   0.25391   0.99970   0.26056   0.73914
 407   0.25453   0.99960   0.25724   0.74236
 408   0.25516   0.99948   0.25391   0.74556
 409   0.25578   0.99934   0.25059   0.74876
 410   0.25641   0.99919   0.24725   0.75194
 411   0.25704   0.99902   0.24391   0.75511
 412   0.25766   0.99884   0.24057   0.75827
 413   0.25829   0.99865   0.23723   0.76142
 414   0.25891   0.99843   0.23388   0.76455
 415   0.25954   0.99820   0.23053   0.76768
 416   0.26016   0.99796   0.22717   0.77079
 417   0.26079   0.99771   0.22381   0.77389
 418   0.26141   0.99743   0.22045   0.77698
 419   0.26204   0.99714   0.21708   0.78006
 420   0.26266   0.99683   0.21372   0.78312
 421   0.26329   0.99652   0.21034   0.78617
 422   0.26391   0.99618   0.20697   0.78922
 423   0.26454   0.99583   0.20359   0.79224
 424   0.26517   0.99547   0.20021   0.79526
 425   0.26579   0.99508   0.19682   0.79826
 426   0.26642   0.99469   0.19343   0.80125
 427   0.26704   0.99428   0.19004   0.80423
 428   0.26767   0.99384   0.18665   0.80720
 429   0.26829   0.99340   0.18325   0.81015
 430   0.26892   0.99294   0.17985   0.81309
 431   0.26954   0.99247   0.17645   0.81602
 432   0.27017   0.99198   0.17304   0.81894
 433   0.27079   0.99147   0.16963   0.82184
 434   0.27142   0.99096   0.16622   0.82474
 435   0.27205   0.99043   0.16281   0.82762
 436   0.27267   0.98988   0.15939   0.83049
 437   0.27330   0.98931   0.15597   0.83333
 438   0.27392   0.98873   0.15255   0.83618
 439   0.27455   0.98814   0.14913   0.83901
 440   0.27517   0.98752   0.14571   0.84182
 441   0.27580   0.98690   0.14228   0.84462
 442   0.27642   0.98625   0.13885   0.84740
 443   0.27705   0.98560   0.13542   0.85018
 444   0.27767   0.98493   0.13198   0.85295
 445   0.27830   0.98424   0.12855   0.85569
 446   0.27892   0.98354   0.12511   0.85843
 447   0.27955   0.98281   0.12167   0.86115
 448   0.28018   0.98209   0.11823   0.86386
 449   0.28080   0.98134   0.11478   0.86656
 450   0.28143   0.98057   0.11134   0.86923
 451   0.28205   0.97980   0.10789   0.87191
 452   0.28268   0.97900   0.10444   0.87456
 453   0.28330   0.97819   0.10099   0.87720
 454   0.28393   0.97737   0.09754   0.87984
 455   0.28455   0.97653   0.09409   0.88244
 456   0.28518   0.97568   0.09063   0.88505
 457   0.28580   0.97480   0.08717   0.88763
 458   0.28643   0.97392   0.08372   0.89021
 459   0.28705   0.97301   0.08026   0.89276
 460   0.28768   0.97211   0.07680   0.89531
 461   0.28831   0.97118   0.07334   0.89785
 462   0.28893   0.97023   0.06987   0.90036
 463   0.28956   0.96928   0.06641   0.90287
 464   0.29018   0.96829   0.06294   0.90535
 465   0.29081   0.96731   0.05948   0.90783
 466   0.29143   0.96631   0.05601   0.91030
 467   0.29206   0.96528   0.05254   0.91274
 468   0.29268   0.96425   0.04908   0.91518
 469   0.29331   0.96320   0.04561   0.91759
 470   0.29393   0.96215   0.04214   0.92002
 471   0.29456   0.96107   0.03867   0.92240
 472   0.29518   0.95998   0.03520   0.92478
 473   0.29581   0.95888   0.03173   0.92715
 474   0.29644   0.95774   0.02825   0.92949
 475   0.29706   0.95661   0.02478   0.93183
 476   0.29769   0.95545   0.02131   0.93414
 477   0.29831   0.95429   0.01784   0.93646
 478   0.29894   0.95312   0.01436   0.93875
 479   0.29956   0.95191   0.01089   0.94102
 480   0.30019   0.95070   0.00741   0.94329
 481   0.30081   0.94947   0.00394   0.94553
 482   0.30144   0.94823   0.00047   0.94777
 483   0.30206   0.94698  -0.00301   0.94999
 484   0.30269   0.94570  -0.00648   0.95218
 485   0.30331   0.94443  -0.00996   0.95438
 486   0.30394   0.94311  -0.01343   0.95654
 487   0.30457   0.94181  -0.01690   0.95871
 488   0.30519   0.94049  -0.02038   0.96086
 489   0.30582   0.93913  -0.02385   0.96298
 490   0.30644   0.93778  -0.02732   0.96510
 491   0.30707   0.93640  -0.03079   0.96719
 492   0.30769   0.93502  -0.03426   0.96928
 493   0.30832   0.93363  -0.03774   0.97136
 494   0.30894   0.93220  -0.04121   0.97340
 495   0.30957   0.93078  -0.04468   0.97545
 496   0.31019   0.92932  -0.04814   0.97747
 497   0.31082   0.92787  -0.05161   0.97948
 498   0.31144   0.92641  -0.05508   0.98149
 499   0.31207   0.92491  -0.05855   0.98345
 500   0.31270   0.92341  -0.06201   0.98543
 501   0.31332   0.92188  -0.06548   0.98736
 502   0.31395   0.92036  -0.06894   0.98931
 503   0.31457   0.91883  -0.07240   0.99123
 504   0.31520   0.91726  -0.07587   0.99312
 505   0.31582   0.91572  -0.07933   0.99504
 506   0.31645   0.91412  -0.08279   0.99690
 507   0.31707   0.91253  -0.08624   0.99877
 508   0.31770   0.91090  -0.08970   1.00060
 509   0.31832   0.90928  -0.09316   1.00243
 510   0.31895   0.90764  -0.09661   1.00425
 511   0.31957   0.90597  -0.10006   1.00603
 512   0.32020   0.90431  -0.10351   1.00782
 513   0.32083   0.90261  -0.10696   1.00957
 514   0.32145   0.90092  -0.11041   1.01133
 515   0.32208   0.89922  -0.11386   1.01308
 516   0.32270   0.89748  -0.11730   1.01478
 517   0.32333   0.89575  -0.12074   1.01649
 518   0.32395   0.89398  -0.12418   1.01816
 519   0.32458   0.89222  -0.12762   1.01984
 520   0.32520   0.89042  -0.13106   1.02148
 521   0.32583   0.88864  -0.13449   1.02313
 522   0.32645   0.88684  -0.13792   1.02476
 523   0.32708   0.88500  -0.14135   1.02635
 524   0.32770   0.88317  -0.14478   1.02795
 525   0.32833   0.88130  -0.14821   1.02951
 526   0.32896   0.87945  -0.15163   1.03108
 527   0.32958   0.87759  -0.15505   1.03264
 528   0.33021   0.87568  -0.15847   1.03415
 529   0.33083   0.87378  -0.16189   1.03567
 530   0.33146   0.87185  -0.16530   1.03715
 531   0.33208   0.86993  -0.16871   1.03864
 532   0.33271   0.86800  -0.17212   1.04012
 533   0.33333   0.86602  -0.17553   1.04155
 534   0.33396   0.86406  -0.17893   1.04299
 535   0.33458   0.86205  -0.18233   1.04439
 536   0.33521   0.86007  -0.18573   1.04580
 537   0.33583   0.85807  -0.18913   1.04719
 538   0.33646   0.85602  -0.19252   1.04854
 539   0.33709   0.85403  -0.19591   1.04994
 540   0.33771   0.85196  -0.19929   1.05125
 541   0.33834   0.84991  -0.20267   1.05258
 542   0.33896   0.84781  -0.20605   1.05387
 543   0.33959   0.84573  -0.20943   1.05516
 544   0.34021   0.84364  -0.21280   1.05645
 545   0.34084   0.84151  -0.21618   1.05768
 546   0.34146   0.83939  -0.21954   1.05893
 547   0.34209   0.83723  -0.22291   1.06013
 548   0.34271   0.83508  -0.22627   1.06135
 549   0.34334   0.83293  -0.22962   1.06255
 550   0.34396   0.83073  -0.23297   1.06370
 551   0.34459   0.82855  -0.23632   1.06487
 552   0.34522   0.82632  -0.23967   1.06599
 553   0.34584   0.82411  -0.24301   1.06712
 554   0.34647   0.82189  -0.24635   1.06824
 555   0.34709   0.81963  -0.24968   1.06931
 556   0.34772   0.81738  -0.25301   1.07040
 557   0.34834   0.81509  -0.25634   1.07143
 558   0.34897   0.81282  -0.25966   1.07248
 559   0.34959   0.81054  -0.26298   1.07352
 560   0.35022   0.80821  -0.26630   1.07451
 561   0.35084   0.80590  -0.26961   1.07551
 562   0.35147   0.80355  -0.27291   1.07646
 563   0.35210   0.80122  -0.27622   1.07743
 564   0.35272   0.79887  -0.27951   1.07839
 565   0.35335   0.79648  -0.28281   1.07929
 566   0.35397   0.79411  -0.28610   1.08021
 567   0.35460   0.79169  -0.28938   1.08108
 568   0.35522   0.78930  -0.29266   1.08196
 569   0.35585   0.78690  -0.29594   1.08284
 570   0.35647   0.78444  -0.29921   1.08365
 571   0.35710   0.78201  -0.30248   1.08449
 572   0.35772   0.77954  -0.30574   1.08527
 573   0.35835   0.77708  -0.30900   1.08608
 574   0.35897   0.77462  -0.31225   1.08687
 575   0.35960   0.77214  -0.31550   1.08764
 576   0.36023   0.76965  -0.31874   1.08839
 577   0.36085   0.76711  -0.32198   1.08909
 578   0.36148   0.76460  -0.32521   1.08981
 579   0.36210   0.76204  -0.32844   1.09048
 580   0.36273   0.75950  -0.33166   1.09117
 581   0.36335   0.75696  -0.33488   1.09184
 582   0.36398   0.75436  -0.33809   1.09245
 583   0.36460   0.75179  -0.34130   1.09309
 584   0.36523   0.74917  -0.34450   1.09367
 585   0.36585   0.74657  -0.34770   1.09427
 586   0.36648   0.74393  -0.35089   1.09482
 587   0.36710   0.74131  -0.35408   1.09539
 588   0.36773   0.73869  -0.35726   1.09594
 589   0.36836   0.73601  -0.36043   1.09644
 590   0.36898   0.73336  -0.36360   1.09696
 591   0.36961   0.73065  -0.36677   1.09742
 592   0.37023   0.72798  -0.36992   1.09790
 593   0.37086   0.72530  -0.37308   1.09837
 594   0.37148   0.72256  -0.37622   1.09878
 595   0.37211   0.71985  -0.37936   1.09922
 596   0.37273   0.71709  -0.38250   1.09959
 597   0.37336   0.71437  -0.38563   1.09999
 598   0.37398   0.71163  -0.38875   1.10038
 599   0.37461   0.70883  -0.39187   1.10070
 600   0.37523   0.70607  -0.39498   1.10105
 601   0.37586   0.70326  -0.39808   1.10134
 602   0.37649   0.70048  -0.40118   1.10166
 603   0.37711   0.69768  -0.40427   1.10196
 604   0.37774   0.69484  -0.40736   1.10219
 605   0.37836   0.69202  -0.41044   1.10246
 606   0.37899   0.68915  -0.41351   1.10266
 607   0.37961   0.68632  -0.41658   1.10290
 608   0.38024   0.68347  -0.41964   1.10311
 609   0.38086   0.68061  -0.42270   1.10331
 610   0.38149   0.67775  -0.42574   1.10349
 611   0.38211   0.67482  -0.42879   1.10361
 612   0.38274   0.67194  -0.43182   1.10376
 613   0.38336   0.66899  -0.43485   1.10384
 614   0.38399   0.66608  -0.43787   1.10396
 615   0.38462   0.66316  -0.44089   1.10405
 616   0.38524   0.66019  -0.44389   1.10408
 617   0.38587   0.65725  -0.44690   1.10415
 618   0.38649   0.65426  -0.44989   1.10415
 619   0.38712   0.65130  -0.45288   1.10417
 620   0.38774   0.64833  -0.45586   1.10419
 621   0.38837   0.64530  -0.45883   1.10413
 622   0.38899   0.64231  -0.46180   1.10411
 623   0.38962   0.63927  -0.46476   1.10402
 624   0.39024   0.63626  -0.46771   1.10397
 625   0.39087   0.63324  -0.47065   1.10389
 626   0.39149   0.63016  -0.47359   1.10376
 627   0.39212   0.62713  -0.47652   1.10365
 628   0.39275   0.62403  -0.47944   1.10347
 629   0.39337   0.62097  -0.48236   1.10333
 630   0.39400   0.61791  -0.48527   1.10317
 631   0.39462   0.61478  -0.48817   1.10295
 632   0.39525   0.61170  -0.49106   1.10276
 633   0.39587   0.60856  -0.49394   1.10250
 634   0.39650   0.60545  -0.49682   1.10227
 635   0.39712   0.60234  -0.49969   1.10203
 636   0.39775   0.59917  -0.50255   1.10172
 637   0.39837   0.59603  -0.50541   1.10144
 638   0.39900   0.59284  -0.50825   1.10110
 639   0.39962   0.58969  -0.51109   1.10079
 640   0.40025   0.58653  -0.51392   1.10046
 641   0.40088   0.58332  -0.51675   1.10006
 642   0.40150   0.58014  -0.51956   1.09970
 643   0.40213   0.57690  -0.52237   1.09927
 644   0.40275   0.57376  -0.52517   1.09892
 645   0.40338   0.57050  -0.52796   1.09846
 646   0.40400   0.56729  -0.53074   1.09803
 647   0.40463   0.56407  -0.53351   1.09758
 648   0.40525   0.56079  -0.53628   1.09707
 649   0.40588   0.55755  -0.53904   1.09659
 650   0.40650   0.55425  -0.54179   1.09604
 651   0.40713   0.55100  -0.54453   1.09553
 652   0.40775   0.54768  -0.54726   1.09495
 653   0.40838   0.54441  -0.54999   1.09440
 654   0.40901   0.54113  -0.55270   1.09383
 655   0.40963   0.53779  -0.55541   1.09320
 656   0.41026   0.53449  -0.55811   1.09260
 657   0.41088   0.53113  -0.56080   1.09194
 658   0.41151   0.52782  -0.56348   1.09130
 659   0.41213   0.52450  -0.56616   1.09066
 660   0.41276   0.52112  -0.56882   1.08994
 661   0.41338   0.51778  -0.57148   1.08926
 662   0.41401   0.51438  -0.57412   1.08850
 663   0.41463   0.51103  -0.57676   1.08779
 664   0.41526   0.50767  -0.57939   1.08706
 665   0.41588   0.50424  -0.58201   1.08625
 666   0.41651   0.50087  -0.58462   1.08549
 667   0.41714   0.49743  -0.58722   1.08465
 668   0.41776   0.49404  -0.58981   1.08385
 669   0.41839   0.49064  -0.59240   1.08303
 670   0.41901   0.48718  -0.59497   1.08215
 671   0.41964   0.48376  -0.59754   1.08130
 672   0.42026   0.48028  -0.60010   1.08038
 673   0.42089   0.47685  -0.60264   1.07950
 674   0.42151   0.47342  -0.60518   1.07860
 675   0.42214   0.46992  -0.60771   1.07763
 676   0.42276   0.46647  -0.61023   1.07670
 677   0.42339   0.46295  -0.61274   1.07570
 678   0.42401   0.45954  -0.61524   1.07479
 679   0.42464   0.45602  -0.61774   1.07375
 680   0.42527   0.45254  -0.62022   1.07276
 681   0.42589   0.44905  -0.62269   1.07174
 682   0.42652   0.44550  -0.62515   1.07066
 683   0.42714   0.44200  -0.62761   1.06961
 684   0.42777   0.43844  -0.63005   1.06849
 685   0.42839   0.43492  -0.63249   1.06741
 686   0.42902   0.43140  -0.63491   1.06631
 687   0.42964   0.42782  -0.63732   1.06514
 688   0.43027   0.42429  -0.63973   1.06401
 689   0.43089   0.42069  -0.64212   1.06281
 690   0.43152   0.41714  -0.64451   1.06165
 691   0.43215   0.41359  -0.64688   1.06047
 692   0.43277   0.40998  -0.64925   1.05922
 693   0.43340   0.40641  -0.65160   1.05801
 694   0.43402   0.40278  -0.65394   1.05673
 695   0.43465   0.39920  -0.65628   1.05548
 696   0.43527   0.39562  -0.65860   1.05422
 697   0.43590   0.39197  -0.66092   1.05289
 698   0.43652   0.38838  -0.66322   1.05160
 699   0.43715   0.38472  -0.66551   1.05023
 700   0.43777   0.38111  -0.66780   1.04891
 701   0.43840   0.37749  -0.67007   1.04756
 702   0.43902   0.37382  -0.67233   1.04615
 703   0.43965   0.37019  -0.67459   1.04478
 704   0.44028   0.36650  -0.67683   1.04333
 705   0.44090   0.36287  -0.67906   1.04192
 706   0.44153   0.35922  -0.68128   1.04050
 707   0.44215   0.35552  -0.68349   1.03901
 708   0.44278   0.35186  -0.68569   1.03756
 709   0.44340   0.34815  -0.68788   1.03603
 710   0.44403   0.34448  -0.69006   1.03454
 711   0.44465   0.34081  -0.69223   1.03304
 712   0.44528   0.33708  -0.69439   1.03147
 713   0.44590   0.33340  -0.69653   1.02993
 714   0.44653   0.32971  -0.69867   1.02839
 715   0.44715   0.32602  -0.70080   1.02682
 716   0.44778   0.32227  -0.70291   1.02518
 717   0.44841   0.31857  -0.70501   1.02359
 718   0.44903   0.31481  -0.70711   1.02191
 719   0.44966   0.31110  -0.70919   1.02029
 720   0.45028   0.30738  -0.71126   1.01864
 721   0.45091   0.30361  -0.71332   1.01692
 722   0.45153   0.29988  -0.71537   1.01525
 723   0.45216   0.29609  -0.71741   1.01350
 724   0.45278   0.29236  -0.71943   1.01179
 725   0.45341   0.28862  -0.72145   1.01007
 726   0.45403   0.28482  -0.72345   1.00827
 727   0.45466   0.28108  -0.72544   1.00652
 728   0.45528   0.27727  -0.72743   1.00469
 729   0.45591   0.27351  -0.72940   1.00291
 730   0.45654   0.26975  -0.73136   1.00111
 731   0.45716   0.26593  -0.73330   0.99923
 732   0.45779   0.26216  -0.73524   0.99740
 733   0.45841   0.25833  -0.73717   0.99550
 734   0.45904   0.25456  -0.73908   0.99363
 735   0.45966   0.25078  -0.74098   0.99176
 736   0.46029   0.24693  -0.74287   0.98980
 737   0.46091   0.24315  -0.74475   0.98790
 738   0.46154   0.23930  -0.74662   0.98591
 739   0.46216   0.23550  -0.74847   0.98397
 740   0.46279   0.23170  -0.75031   0.98202
 741   0.46341   0.22784  -0.75214   0.97999
 742   0.46404   0.22404  -0.75396   0.97800
 743   0.46467   0.22017  -0.75577   0.97594
 744   0.46529   0.21636  -0.75756   0.97392
 745   0.46592   0.21254  -0.75935   0.97189
 746   0.46654   0.20866  -0.76112   0.96978
 747   0.46717   0.20484  -0.76288   0.96772
 748   0.46779   0.20102  -0.76463   0.96564
 749   0.46842   0.19719  -0.76636   0.96355
 750   0.46904   0.19330  -0.76808   0.96138
 751   0.46967   0.18946  -0.76980   0.95926
 752   0.47029   0.18563  -0.77149   0.95712
 753   0.47092   0.18173  -0.77318   0.95491
 754   0.47154   0.17788  -0.77486   0.95274
 755   0.47217   0.17398  -0.77652   0.95050
 756   0.47280   0.17013  -0.77817   0.94830
 757   0.47342   0.16628  -0.77981   0.94609
 758   0.47405   0.16237  -0.78144   0.94381
 759   0.47467   0.15851  -0.78306   0.94157
 760   0.47530   0.15459  -0.78466   0.93925
 761   0.47592   0.15073  -0.78625   0.93699
 762   0.47655   0.14687  -0.78783   0.93470
 763   0.47717   0.14294  -0.78940   0.93235
 764   0.47780   0.13908  -0.79096   0.93004
 765   0.47842   0.13515  -0.79250   0.92765
 766   0.47905   0.13128  -0.79404   0.92531
 767   0.47967   0.12740  -0.79556   0.92296
 768   0.48030   0.12347  -0.79707   0.92053
 769   0.48093   0.11959  -0.79856   0.91815
 770   0.48155   0.11565  -0.80005   0.91570
 771   0.48218   0.11177  -0.80152   0.91329
 772   0.48280   0.10789  -0.80298   0.91087
 773   0.48343   0.10394  -0.80443   0.90837
 774   0.48405   0.10005  -0.80587   0.90592
 775   0.48468   0.09611  -0.80729   0.90340
 776   0.48530   0.09222  -0.80871   0.90092
 777   0.48593   0.08833  -0.81011   0.89843
 778   0.48655   0.08438  -0.81149   0.89587
 779   0.48718   0.08048  -0.81287   0.89335
 780   0.48780   0.07653  -0.81423   0.89076
 781   0.48843   0.07263  -0.81558   0.88821
 782   0.48906   0.06867  -0.81692   0.88559
 783   0.48968   0.06484  -0.81824   0.88308
 784   0.49031   0.06088  -0.81955   0.88043
 785   0.49093   0.05698  -0.82085   0.87783
 786   0.49156   0.05308  -0.82214   0.87522
 787   0.49218   0.04912  -0.82341   0.87253
 788   0.49281   0.04521  -0.82467   0.86989
 789   0.49343   0.04125  -0.82592   0.86717
 790   0.49406   0.03735  -0.82716   0.86451
 791   0.49468   0.03344  -0.82838   0.86183
 792   0.49531   0.02948  -0.82959   0.85907
 793   0.49593   0.02557  -0.83079   0.85636
 794   0.49656   0.02161  -0.83197   0.85358
 795   0.49719   0.01770  -0.83315   0.85085
 796   0.49781   0.01380  -0.83431   0.84810
 797   0.49844   0.00983  -0.83545   0.84528
 798   0.49906   0.00592  -0.83659   0.84251
 799   0.49969   0.00196  -0.83771   0.83966
 800   0.50031  -0.00195  -0.83881   0.83686
 801   0.50094  -0.00586  -0.83991   0.83405
 802   0.50156  -0.00982  -0.84099   0.83117
 803   0.50219  -0.01373  -0.84206   0.82833
 804   0.50281  -0.01770  -0.84312   0.82542
 805   0.50344  -0.02160  -0.84416   0.82256
 806   0.50407  -0.02551  -0.84519   0.81968
 807   0.50469  -0.02947  -0.84621   0.81673
 808   0.50532  -0.03338  -0.84721   0.81383
 809   0.50594  -0.03734  -0.84820   0.81086
 810   0.50657  -0.04125  -0.84918   0.80793
 811   0.50719  -0.04515  -0.85014   0.80499
 812   0.50782  -0.04911  -0.85109   0.80198
 813   0.50844  -0.05301  -0.85203   0.79902
 814   0.50907  -0.05697  -0.85296   0.79598
 815   0.50969  -0.06087  -0.85387   0.79300
 816   0.51032  -0.06477  -0.85477   0.79000
 817   0.51094  -0.06867  -0.85565   0.78698
 818   0.51157  -0.07257  -0.85653   0.78396
 819   0.51220  -0.07652  -0.85738   0.78086
 820   0.51282  -0.08042  -0.85823   0.77781
 821   0.51345  -0.08437  -0.85906   0.77469
 822   0.51407  -0.08826  -0.85988   0.77162
 823   0.51470  -0.09215  -0.86069   0.76854
 824   0.51532  -0.09610  -0.86148   0.76538
 825   0.51595  -0.09999  -0.86226   0.76227
 826   0.51657  -0.10394  -0.86302   0.75909
 827   0.51720  -0.10782  -0.86377   0.75595
 828   0.51782  -0.11170  -0.86451   0.75281
 829   0.51845  -0.11564  -0.86524   0.74959
 830   0.51907  -0.11952  -0.86595   0.74643
 831   0.51970  -0.12346  -0.86665   0.74319
 832   0.52033  -0.12734  -0.86733   0.74000
 833   0.52095  -0.13121  -0.86800   0.73679
 834   0.52158  -0.13514  -0.86866   0.73352
 835   0.52220  -0.13901  -0.86931   0.73029
 836   0.52283  -0.14294  -0.86994   0.72700
 837   0.52345  -0.14680  -0.87055   0.72375
 838   0.52408  -0.15067  -0.87116   0.72049
 839   0.52470  -0.15459  -0.87175   0.71716
 840   0.52533  -0.15845  -0.87233   0.71388
 841   0.52595  -0.16236  -0.87289   0.71053
 842   0.52658  -0.16621  -0.87344   0.70723
 843   0.52720  -0.17006  -0.87398   0.70391
 844   0.52783  -0.17397  -0.87450   0.70053
 845   0.52846  -0.17782  -0.87501   0.69719
 846   0.52908  -0.18172  -0.87551   0.69379
 847   0.52971  -0.18556  -0.87599   0.69043
 848   0.53033  -0.18946  -0.87646   0.68700
 849   0.53096  -0.19329  -0.87692   0.68362
 850   0.53158  -0.19712  -0.87736   0.68024
 851   0.53221  -0.20101  -0.87779   0.67678
 852   0.53283  -0.20478  -0.87820   0.67343
 853   0.53346  -0.20866  -0.87860   0.66994
 854   0.53408  -0.21248  -0.87899   0.66651
 855   0.53471  -0.21635  -0.87936   0.66301
 856   0.53533  -0.22016  -0.87972   0.65956
 857   0.53596  -0.22397  -0.88007   0.65610
 858   0.53659  -0.22784  -0.88040   0.65257
 859   0.53721  -0.23164  -0.88072   0.64908
 860   0.53784  -0.23550  -0.88103   0.64553
 861   0.53846  -0.23929  -0.88132   0.64203
 862   0.53909  -0.24308  -0.88160   0.63852
 863   0.53971  -0.24693  -0.88186   0.63493
 864   0.54034  -0.25071  -0.88211   0.63140
 865   0.54096  -0.25455  -0.88235   0.62780
 866   0.54159  -0.25833  -0.88257   0.62425
 867   0.54221  -0.26210  -0.88278   0.62069
 868   0.54284  -0.26592  -0.88298   0.61706
 869   0.54346  -0.26969  -0.88316   0.61348
 870   0.54409  -0.27351  -0.88333   0.60983
 871   0.54472  -0.27726  -0.88349   0.60623
 872   0.54534  -0.28101  -0.88363   0.60262
 873   0.54597  -0.28482  -0.88376   0.59894
 874   0.54659  -0.28856  -0.88387   0.59532
 875   0.54722  -0.29236  -0.88398   0.59162
 876   0.54784  -0.29609  -0.88406   0.58797
 877   0.54847  -0.29982  -0.88414   0.58432
 878   0.54909  -0.30360  -0.88420   0.58060
 879   0.54972  -0.30732  -0.88424   0.57693
 880   0.55034  -0.31109  -0.88428   0.57319
 881   0.55097  -0.31480  -0.88430   0.56949
 882   0.55159  -0.31851  -0.88430   0.56579
 883   0.55222  -0.32227  -0.88429   0.56203
 884   0.55285  -0.32596  -0.88427   0.55831
 885   0.55347  -0.32971  -0.88424   0.55453
 886   0.55410  -0.33339  -0.88419   0.55079
 887   0.55472  -0.33707  -0.88412   0.54705
 888   0.55535  -0.34075  -0.88404   0.54329
 889   0.55597  -0.34442  -0.88395   0.53953
 890   0.55660  -0.34814  -0.88385   0.53571
 891   0.55722  -0.35180  -0.88373   0.53193
 892   0.55785  -0.35551  -0.88360   0.52809
 893   0.55847  -0.35916  -0.88345   0.52429
 894   0.55910  -0.36280  -0.88330   0.52049
 895   0.55972  -0.36650  -0.88312   0.51663
 896   0.56035  -0.37013  -0.88294   0.51281
 897   0.56098  -0.37381  -0.88274   0.50893
 898   0.56160  -0.37743  -0.88252   0.50509
 899   0.56223  -0.38105  -0.88230   0.50125
 900   0.56285  -0.38471  -0.88206   0.49735
 901   0.56348  -0.38831  -0.88180   0.49349
 902   0.56410  -0.39197  -0.88153   0.48957
 903   0.56473  -0.39556  -0.88125   0.48570
 904   0.56535  -0.39914  -0.88096   0.48182
 905   0.56598  -0.40278  -0.88065   0.47787
 906   0.56660  -0.40635  -0.88033   0.47398
 907   0.56723  -0.40997  -0.87999   0.47002
 908   0.56785  -0.41353  -0.87964   0.46611
 909   0.56848  -0.41708  -0.87928   0.46219
 910   0.56911  -0.42069  -0.87890   0.45821
 911   0.56973  -0.42423  -0.87851   0.45428
 912   0.57036  -0.42782  -0.87811   0.45029
 913   0.57098  -0.43134  -0.87769   0.44634
 914   0.57161  -0.43492  -0.87726   0.44234
 915   0.57223  -0.43843  -0.87681   0.43838
 916   0.57286  -0.44194  -0.87635   0.43441
 917   0.57348  -0.44550  -0.87588   0.43038
 918   0.57411  -0.44899  -0.87539   0.42640
 919   0.57473  -0.45253  -0.87489   0.42236
 920   0.57536  -0.45601  -0.87438   0.41837
 921   0.57598  -0.45948  -0.87385   0.41437
 922   0.57661  -0.46295  -0.87331   0.41036
 923   0.57724  -0.46641  -0.87276   0.40635
 924   0.57786  -0.46991  -0.87219   0.40228
 925   0.57849  -0.47336  -0.87161   0.39825
 926   0.57911  -0.47685  -0.87102   0.39417
 927   0.57974  -0.48028  -0.87041   0.39013
 928   0.58036  -0.48370  -0.86979   0.38609
 929   0.58099  -0.48717  -0.86916   0.38199
 930   0.58161  -0.49058  -0.86851   0.37793
 931   0.58224  -0.49403  -0.86785   0.37382
 932   0.58286  -0.49742  -0.86717   0.36975
 933   0.58349  -0.50081  -0.86649   0.36568
 934   0.58412  -0.50424  -0.86578   0.36155
 935   0.58474  -0.50761  -0.86507   0.35746
 936   0.58537  -0.51102  -0.86434   0.35332
 937   0.58599  -0.51438  -0.86360   0.34922
 938   0.58662  -0.51772  -0.86284   0.34512
 939   0.58724  -0.52111  -0.86208   0.34096
 940   0.58787  -0.52444  -0.86129   0.33685
 941   0.58849  -0.52782  -0.86050   0.33268
 942   0.58912  -0.53113  -0.85969   0.32856
 943   0.58974  -0.53444  -0.85887   0.32443
 944   0.59037  -0.53778  -0.85803   0.32025
 945   0.59099  -0.54107  -0.85718   0.31611
 946   0.59162  -0.54441  -0.85632   0.31192
 947   0.59225  -0.54768  -0.85545   0.30777
 948   0.59287  -0.55094  -0.85456   0.30362
 949   0.59350  -0.55425  -0.85366   0.29941
 950   0.59412  -0.55750  -0.85274   0.29525
 951   0.59475  -0.56079  -0.85181   0.29103
 952   0.59537  -0.56402  -0.85087   0.28686
 953   0.59600  -0.56724  -0.84992   0.28268
 954   0.59662  -0.57050  -0.84895   0.27845
 955   0.59725  -0.57370  -0.84797   0.27427
 956   0.59787  -0.57690  -0.84698   0.27008
 957   0.59850  -0.58008  -0.84597   0.26588
 958   0.59912  -0.58331  -0.84495   0.26164
 959   0.59975  -0.58648  -0.84392   0.25744
 960   0.60038  -0.58964  -0.84287   0.25323
 961   0.60100  -0.59284  -0.84181   0.24897
 962   0.60163  -0.59598  -0.84074   0.24476
 963   0.60225  -0.59916  -0.83965   0.24049
 964   0.60288  -0.60228  -0.83856   0.23627
 965   0.60350  -0.60540  -0.83745   0.23205
 966   0.60413  -0.60855  -0.83632   0.22777
 967   0.60475  -0.61165  -0.83519   0.22354
 968   0.60538  -0.61478  -0.83404   0.21926
 969   0.60600  -0.61786  -0.83287   0.21502
 970   0.60663  -0.62092  -0.83170   0.21078
 971   0.60725  -0.62403  -0.83051   0.20648
 972   0.60788  -0.62708  -0.82931   0.20224
 973   0.60851  -0.63016  -0.82810   0.19794
 974   0.60913  -0.63319  -0.82687   0.19368
 975   0.60976  -0.63625  -0.82563   0.18938
 976   0.61038  -0.63926  -0.82438   0.18512
 977   0.61101  -0.64226  -0.82312   0.18086
 978   0.61163  -0.64530  -0.82184   0.17654
 979   0.61226  -0.64828  -0.82055   0.17228
 980   0.61288  -0.65129  -0.81925   0.16796
 981   0.61351  -0.65425  -0.81794   0.16368
 982   0.61413  -0.65720  -0.81661   0.15941
 983   0.61476  -0.66019  -0.81527   0.15508
 984   0.61538  -0.66312  -0.81392   0.15080
 985   0.61601  -0.66608  -0.81255   0.14647
 986   0.61664  -0.66899  -0.81117   0.14219
 987   0.61726  -0.67189  -0.80978   0.13790
 988   0.61789  -0.67482  -0.80838   0.13356
 989   0.61851  -0.67770  -0.80697   0.12927
 990   0.61914  -0.68061  -0.80554   0.12493
 991   0.61976  -0.68342  -0.80410   0.12068
 992   0.62039  -0.68631  -0.80265   0.11633
 993   0.62101  -0.68915  -0.80118   0.11203
 994   0.62164  -0.69197  -0.79971   0.10773
 995   0.62226  -0.69483  -0.79822   0.10339
 996   0.62289  -0.69764  -0.79672   0.09908
 997   0.62351  -0.70047  -0.79521   0.09474
 998   0.62414  -0.70325  -0.79369   0.09043
 999   0.62477  -0.70603  -0.79215   0.08612
1000   0.62539  -0.70883  -0.79060   0.08177
1001   0.62602  -0.71158  -0.78904   0.07746
1002   0.62664  -0.71436  -0.78747   0.07311
1003   0.62727  -0.71709  -0.78589   0.06880
1004   0.62789  -0.71981  -0.78430   0.06449
1005   0.62852  -0.72256  -0.78269   0.06013
1006   0.62914  -0.72525  -0.78107   0.05582
1007   0.62977  -0.72798  -0.77944   0.05146
1008   0.63039  -0.73065  -0.77780   0.04715
1009   0.63102  -0.73331  -0.77614   0.04283
1010   0.63164  -0.73600  -0.77448   0.03847
1011   0.63227  -0.73864  -0.77280   0.03416
1012   0.63290  -0.74131  -0.77111   0.02980
1013   0.63352  -0.74393  -0.76941   0.02548
1014   0.63415  -0.74653  -0.76769   0.02116
1015   0.63477  -0.74916  -0.76597   0.01680
1016   0.63540  -0.75175  -0.76423   0.01248
1017   0.63602  -0.75436  -0.76248   0.00812
1018   0.63665  -0.75691  -0.76071   0.00380
1019   0.63727  -0.75946  -0.75894   0.00052
1020   0.63790  -0.76204  -0.75715   0.00488
1021   0.63852  -0.76456  -0.75536   0.00920
1022   0.63915  -0.76711  -0.75355   0.01356
1023   0.63977  -0.76961  -0.75172   0.01789
1024   0.64040  -0.77210  -0.74989   0.02221
1025   0.64103  -0.77461  -0.74805   0.02657
1026   0.64165  -0.77704  -0.74619   0.03085
1027   0.64228  -0.77953  -0.74432   0.03521
1028   0.64290  -0.78197  -0.74244   0.03954
1029   0.64353  -0.78444  -0.74054   0.04390
1030   0.64415  -0.78686  -0.73864   0.04822
1031   0.64478  -0.78926  -0.73672   0.05254
1032   0.64540  -0.79169  -0.73479   0.05690
1033   0.64603  -0.79407  -0.73286   0.06122
1034   0.64665  -0.79648  -0.73090   0.06557
1035   0.64728  -0.79883  -0.72894   0.06989
1036   0.64790  -0.80118  -0.72697   0.07421
1037   0.64853  -0.80354  -0.72499   0.07856
1038   0.64916  -0.80586  -0.72299   0.08287
1039   0.64978  -0.80821  -0.72098   0.08722
1040   0.65041  -0.81050  -0.71897   0.09153
1041   0.65103  -0.81282  -0.71694   0.09588
1042   0.65166  -0.81509  -0.71490   0.10019
1043   0.65228  -0.81734  -0.71284   0.10450
1044   0.65291  -0.81962  -0.71078   0.10884
1045   0.65353  -0.82185  -0.70871   0.11314
1046   0.65416  -0.82411  -0.70662   0.11748
1047   0.65478  -0.82631  -0.70453   0.12178
1048   0.65541  -0.82851  -0.70242   0.12608
1049   0.65604  -0.83072  -0.70031   0.13042
1050   0.65666  -0.83289  -0.69818   0.13471
1051   0.65729  -0.83508  -0.69604   0.13904
1052   0.65791  -0.83722  -0.69389   0.14333
1053   0.65854  -0.83935  -0.69173   0.14762
1054   0.65916  -0.84150  -0.68956   0.15194
1055   0.65979  -0.84361  -0.68738   0.15623
1056   0.66041  -0.84573  -0.68519   0.16054
1057   0.66104  -0.84781  -0.68298   0.16483
1058   0.66166  -0.84987  -0.68077   0.16910
1059   0.66229  -0.85196  -0.67855   0.17341
1060   0.66291  -0.85400  -0.67631   0.17768
1061   0.66354  -0.85602  -0.67407   0.18195
1062   0.66417  -0.85803  -0.67181   0.18622
1063   0.66479  -0.86007  -0.66955   0.19052
1064   0.66542  -0.86205  -0.66727   0.19478
1065   0.66604  -0.86402  -0.66499   0.19904
1066   0.66667  -0.86602  -0.66269   0.20332
1067   0.66729  -0.86796  -0.66039   0.20758
1068   0.66792  -0.86993  -0.65807   0.21186
1069   0.66854  -0.87185  -0.65574   0.21610
1070   0.66917  -0.87375  -0.65341   0.22035
1071   0.66979  -0.87567  -0.65106   0.22462
1072   0.67042  -0.87755  -0.64870   0.22885
1073   0.67104  -0.87945  -0.64634   0.23311
1074   0.67167  -0.88130  -0.64396   0.23734
1075   0.67230  -0.88314  -0.64157   0.24157
1076   0.67292  -0.88500  -0.63918   0.24582
1077   0.67355  -0.88681  -0.63677   0.25004
1078   0.67417  -0.88863  -0.63435   0.25428
1079   0.67480  -0.89042  -0.63193   0.25849
1080   0.67542  -0.89219  -0.62949   0.26270
1081   0.67605  -0.89397  -0.62704   0.26693
1082   0.67667  -0.89572  -0.62459   0.27113
1083   0.67730  -0.89747  -0.62212   0.27535
1084   0.67792  -0.89919  -0.61965   0.27954
1085   0.67855  -0.90089  -0.61717   0.28373
1086   0.67917  -0.90261  -0.61467   0.28794
1087   0.67980  -0.90428  -0.61217   0.29211
1088   0.68043  -0.90597  -0.60966   0.29631
1089   0.68105  -0.90762  -0.60713   0.30048
1090   0.68168  -0.90925  -0.60460   0.30465
1091   0.68230  -0.91089  -0.60206   0.30883
1092   0.68293  -0.91250  -0.59951   0.31299
1093   0.68355  -0.91411  -0.59695   0.31716
1094   0.68418  -0.91569  -0.59438   0.32131
1095   0.68480  -0.91725  -0.59181   0.32545
1096   0.68543  -0.91880  -0.58922   0.32958
1097   0.68605  -0.92034  -0.58663   0.33371
1098   0.68668  -0.92188  -0.58402   0.33786
1099   0.68730  -0.92339  -0.58141   0.34198
1100   0.68793  -0.92490  -0.57879   0.34612
1101   0.68856  -0.92638  -0.57616   0.35022
1102   0.68918  -0.92785  -0.57352   0.35433
1103   0.68981  -0.92932  -0.57087   0.35845
1104   0.69043  -0.93075  -0.56821   0.36254
1105   0.69106  -0.93220  -0.56555   0.36665
1106   0.69168  -0.93360  -0.56287   0.37073
1107   0.69231  -0.93502  -0.56019   0.37483
1108   0.69293  -0.93640  -0.55750   0.37890
1109   0.69356  -0.93776  -0.55479   0.38296
1110   0.69418  -0.93913  -0.55209   0.38704
1111   0.69481  -0.94047  -0.54937   0.39110
1112   0.69543  -0.94181  -0.54664   0.39517
1113   0.69606  -0.94311  -0.54391   0.39921
1114   0.69669  -0.94440  -0.54116   0.40324
1115   0.69731  -0.94570  -0.53841   0.40729
1116   0.69794  -0.94696  -0.53565   0.41131
1117   0.69856  -0.94823  -0.53288   0.41535
1118   0.69919  -0.94946  -0.53011   0.41936
1119   0.69981  -0.95068  -0.52732   0.42336
1120   0.70044  -0.95191  -0.52453   0.42738
1121   0.70106  -0.95310  -0.52173   0.43137
1122   0.70169  -0.95429  -0.51892   0.43537
1123   0.70231  -0.95545  -0.51610   0.43935
1124   0.70294  -0.95659  -0.51328   0.44332
1125   0.70356  -0.95774  -0.51045   0.44730
1126   0.70419  -0.95886  -0.50761   0.45125
1127   0.70482  -0.95998  -0.50476   0.45522
1128   0.70544  -0.96106  -0.50190   0.45916
1129   0.70607  -0.96214  -0.49904   0.46310
1130   0.70669  -0.96319  -0.49617   0.46703
1131   0.70732  -0.96424  -0.49329   0.47095
1132   0.70794  -0.96528  -0.49040   0.47488
1133   0.70857  -0.96629  -0.48751   0.47879
1134   0.70919  -0.96731  -0.48460   0.48270
1135   0.70982  -0.96829  -0.48169   0.48660
1136   0.71044  -0.96926  -0.47878   0.49048
1137   0.71107  -0.97023  -0.47585   0.49437
1138   0.71169  -0.97117  -0.47292   0.49825
1139   0.71232  -0.97210  -0.46998   0.50212
1140   0.71295  -0.97301  -0.46704   0.50598
1141   0.71357  -0.97391  -0.46408   0.50983
1142   0.71420  -0.97480  -0.46112   0.51368
1143   0.71482  -0.97566  -0.45815   0.51751
1144   0.71545  -0.97653  -0.45518   0.52135
1145   0.71607  -0.97736  -0.45220   0.52516
1146   0.71670  -0.97818  -0.44921   0.52897
1147   0.71732  -0.97900  -0.44621   0.53278
1148   0.71795  -0.97978  -0.44321   0.53658
1149   0.71857  -0.98057  -0.44020   0.54037
1150   0.71920  -0.98133  -0.43718   0.54415
1151   0.71982  -0.98207  -0.43416   0.54791
1152   0.72045  -0.98281  -0.43113   0.55168
1153   0.72108  -0.98353  -0.42809   0.55543
1154   0.72170  -0.98424  -0.42505   0.55919
1155   0.72233  -0.98492  -0.42200   0.56292
1156   0.72295  -0.98559  -0.41894   0.56665
1157   0.72358  -0.98625  -0.41588   0.57037
1158   0.72420  -0.98689  -0.41281   0.57408
1159   0.72483  -0.98752  -0.40974   0.57779
1160   0.72545  -0.98813  -0.40665   0.58148
1161   0.72608  -0.98872  -0.40357   0.58516
1162   0.72670  -0.98931  -0.40047   0.58884
1163   0.72733  -0.98987  -0.39737   0.59250
1164   0.72795  -0.99043  -0.39427   0.59616
1165   0.72858  -0.99095  -0.39115   0.59980
1166   0.72921  -0.99147  -0.38804   0.60344
1167   0.72983  -0.99198  -0.38491   0.60706
1168   0.73046  -0.99246  -0.38178   0.61068
1169   0.73108  -0.99294  -0.37865   0.61429
1170   0.73171  -0.99340  -0.37550   0.61789
1171   0.73233  -0.99384  -0.37236   0.62149
1172   0.73296  -0.99427  -0.36920   0.62507
1173   0.73358  -0.99468  -0.36604   0.62864
1174   0.73421  -0.99508  -0.36288   0.63220
1175   0.73483  -0.99546  -0.35971   0.63575
1176   0.73546  -0.99583  -0.35653   0.63930
1177   0.73609  -0.99618  -0.35335   0.64283
1178   0.73671  -0.99652  -0.35016   0.64636
1179   0.73734  -0.99683  -0.34697   0.64987
1180   0.73796  -0.99714  -0.34377   0.65337
1181   0.73859  -0.99743  -0.34057   0.65686
1182   0.73921  -0.99770  -0.33736   0.66035
1183   0.73984  -0.99796  -0.33414   0.66382
1184   0.74046  -0.99820  -0.33092   0.66728
1185   0.74109  -0.99843  -0.32770   0.67073
1186   0.74171  -0.99865  -0.32447   0.67418
1187   0.74234  -0.99884  -0.32124   0.67761
1188   0.74296  -0.99902  -0.31800   0.68103
1189   0.74359  -0.99919  -0.31475   0.68444
1190   0.74422  -0.99934  -0.31150   0.68784
1191   0.74484  -0.99947  -0.30825   0.69123
1192   0.74547  -0.99959  -0.30499   0.69460
1193   0.74609  -0.99970  -0.30173   0.69797
1194   0.74672  -0.99979  -0.29846   0.70133
1195   0.74734  -0.99986  -0.29519   0.70467
1196   0.74797  -0.99992  -0.29191   0.70801
1197   0.74859  -0.99996  -0.28863   0.71133
1198   0.74922  -0.99999  -0.28534   0.71464
1199   0.74984  -1.00000  -0.28205   0.71795
1200   0.75047  -1.00000  -0.27876   0.72124
1201   0.75109  -0.99998  -0.27546   0.72452
1202   0.75172  -0.99994  -0.27216   0.72779
1203   0.75235  -0.99989  -0.26885   0.73104
1204   0.75297  -0.99983  -0.26554   0.73429
1205   0.75360  -0.99974  -0.26222   0.73752
1206   0.75422  -0.99965  -0.25890   0.74075
1207   0.75485  -0.99954  -0.25558   0.74396
1208   0.75547  -0.99941  -0.25225   0.74716
1209   0.75610  -0.99927  -0.24892   0.75035
1210   0.75672  -0.99911  -0.24558   0.75352
1211   0.75735  -0.99894  -0.24224   0.75669
1212   0.75797  -0.99875  -0.23890   0.75985
1213   0.75860  -0.99854  -0.23555   0.76299
1214   0.75922  -0.99832  -0.23220   0.76612
1215   0.75985  -0.99809  -0.22885   0.76923
1216   0.76048  -0.99784  -0.22549   0.77234
1217   0.76110  -0.99757  -0.22213   0.77544
1218   0.76173  -0.99729  -0.21877   0.77852
1219   0.76235  -0.99699  -0.21540   0.78159
1220   0.76298  -0.99668  -0.21203   0.78465
1221   0.76360  -0.99635  -0.20866   0.78770
1222   0.76423  -0.99601  -0.20528   0.79073
1223   0.76485  -0.99565  -0.20190   0.79375
1224   0.76548  -0.99528  -0.19851   0.79676
1225   0.76610  -0.99488  -0.19513   0.79976
1226   0.76673  -0.99448  -0.19174   0.80274
1227   0.76735  -0.99406  -0.18834   0.80572
1228   0.76798  -0.99362  -0.18495   0.80868
1229   0.76861  -0.99318  -0.18155   0.81163
1230   0.76923  -0.99271  -0.17815   0.81456
1231   0.76986  -0.99223  -0.17474   0.81748
1232   0.77048  -0.99173  -0.17134   0.82040
1233   0.77111  -0.99122  -0.16793   0.82329
1234   0.77173  -0.99069  -0.16452   0.82618
1235   0.77236  -0.99015  -0.16110   0.82905
1236   0.77298  -0.98960  -0.15768   0.83192
1237   0.77361  -0.98902  -0.15426   0.83476
1238   0.77423  -0.98844  -0.15084   0.83759
1239   0.77486  -0.98783  -0.14742   0.84041
1240   0.77548  -0.98721  -0.14399   0.84322
1241   0.77611  -0.98658  -0.14056   0.84602
1242   0.77674  -0.98593  -0.13713   0.84879
1243   0.77736  -0.98527  -0.13370   0.85157
1244   0.77799  -0.98458  -0.13026   0.85431
1245   0.77861  -0.98389  -0.12683   0.85706
1246   0.77924  -0.98318  -0.12339   0.85979
1247   0.77986  -0.98245  -0.11995   0.86250
1248   0.78049  -0.98171  -0.11650   0.86521
1249   0.78111  -0.98095  -0.11306   0.86789
1250   0.78174  -0.98018  -0.10961   0.87057
1251   0.78236  -0.97940  -0.10617   0.87324
1252   0.78299  -0.97859  -0.10272   0.87588
1253   0.78361  -0.97778  -0.09926   0.87852
1254   0.78424  -0.97694  -0.09581   0.88113
1255   0.78487  -0.97610  -0.09236   0.88374
1256   0.78549  -0.97525  -0.08890   0.88634
1257   0.78612  -0.97436  -0.08545   0.88892
1258   0.78674  -0.97348  -0.08199   0.89149
1259   0.78737  -0.97256  -0.07853   0.89403
1260   0.78799  -0.97164  -0.07507   0.89658
1261   0.78862  -0.97071  -0.07160   0.89911
1262   0.78924  -0.96975  -0.06814   0.90161
1263   0.78987  -0.96879  -0.06468   0.90411
1264   0.79049  -0.96780  -0.06121   0.90659
1265   0.79112  -0.96681  -0.05775   0.90906
1266   0.79174  -0.96580  -0.05428   0.91153
1267   0.79237  -0.96477  -0.05081   0.91396
1268   0.79300  -0.96373  -0.04734   0.91639
1269   0.79362  -0.96268  -0.04387   0.91881
1270   0.79425  -0.96162  -0.04040   0.92122
1271   0.79487  -0.96052  -0.03693   0.92359
1272   0.79550  -0.95943  -0.03346   0.92597
1273   0.79612  -0.95832  -0.02999   0.92833
1274   0.79675  -0.95718  -0.02652   0.93066
1275   0.79737  -0.95604  -0.02304   0.93300
1276   0.79800  -0.95487  -0.01957   0.93530
1277   0.79862  -0.95370  -0.01610   0.93760
1278   0.79925  -0.95252  -0.01262   0.93989
1279   0.79987  -0.95130  -0.00915   0.94215
1280   0.80050  -0.95009  -0.00568   0.94442
1281   0.80113  -0.94885  -0.00220   0.94664
1282   0.80175  -0.94761   0.00127   0.94888
1283   0.80238  -0.94635   0.00474   0.95110
1284   0.80300  -0.94506   0.00822   0.95328
1285   0.80363  -0.94378   0.01169   0.95547
1286   0.80425  -0.94246   0.01517   0.95763
1287   0.80488  -0.94115   0.01864   0.95979
1288   0.80550  -0.93982   0.02211   0.96193
1289   0.80613  -0.93846   0.02558   0.96404
1290   0.80675  -0.93710   0.02906   0.96616
1291   0.80738  -0.93571   0.03253   0.96824
1292   0.80800  -0.93432   0.03600   0.97032
1293   0.80863  -0.93292   0.03947   0.97239
1294   0.80926  -0.93149   0.04294   0.97443
1295   0.80988  -0.93006   0.04641   0.97647
1296   0.81051  -0.92859   0.04988   0.97847
1297   0.81113  -0.92714   0.05335   0.98048
1298   0.81176  -0.92567   0.05681   0.98248
1299   0.81238  -0.92416   0.06028   0.98444
1300   0.81301  -0.92266   0.06375   0.98640
1301   0.81363  -0.92112   0.06721   0.98833
1302   0.81426  -0.91959   0.07067   0.99027
1303   0.81488  -0.91803   0.07414   0.99216
1304   0.81551  -0.91650   0.07760   0.99409
1305   0.81614  -0.91490   0.08106   0.99596
1306   0.81676  -0.91332   0.08451   0.99783
1307   0.81739  -0.91172   0.08797   0.99969
1308   0.81801  -0.91008   0.09143   1.00151
1309   0.81864  -0.90846   0.09488   1.00334
1310   0.81926  -0.90679   0.09834   1.00513
1311   0.81989  -0.90514   0.10179   1.00693
1312   0.82051  -0.90347   0.10524   1.00871
1313   0.82114  -0.90176   0.10869   1.01045
1314   0.82176  -0.90007   0.11213   1.01220
1315   0.82239  -0.89833   0.11558   1.01391
1316   0.82301  -0.89661   0.11902   1.01563
1317   0.82364  -0.89487   0.12246   1.01734
1318   0.82427  -0.89310   0.12590   1.01900
1319   0.82489  -0.89133   0.12934   1.02067
1320   0.82552  -0.88953   0.13277   1.02230
1321   0.82614  -0.88773   0.13621   1.02394
1322   0.82677  -0.88593   0.13964   1.02557
1323   0.82739  -0.88408   0.14307   1.02715
1324   0.82802  -0.88225   0.14650   1.02875
1325   0.82864  -0.88038   0.14992   1.03030
1326   0.82927  -0.87852   0.15334   1.03186
1327   0.82989  -0.87664   0.15676   1.03341
1328   0.83052  -0.87473   0.16018   1.03491
1329   0.83114  -0.87283   0.16360   1.03642
1330   0.83177  -0.87089   0.16701   1.03789
1331   0.83240  -0.86896   0.17042   1.03938
1332   0.83302  -0.86702   0.17383   1.04084
1333   0.83365  -0.86504   0.17723   1.04227
1334   0.83427  -0.86307   0.18063   1.04370
1335   0.83490  -0.86106   0.18403   1.04509
1336   0.83552  -0.85907   0.18743   1.04649
1337   0.83615  -0.85706   0.19082   1.04788
1338   0.83677  -0.85501   0.19421   1.04922
1339   0.83740  -0.85301   0.19760   1.05061
1340   0.83802  -0.85093   0.20098   1.05191
1341   0.83865  -0.84887   0.20437   1.05324
1342   0.83927  -0.84677   0.20774   1.05451
1343   0.83990  -0.84468   0.21112   1.05580
1344   0.84053  -0.84259   0.21449   1.05708
1345   0.84115  -0.84044   0.21786   1.05830
1346   0.84178  -0.83832   0.22122   1.05954
1347   0.84240  -0.83615   0.22459   1.06074
1348   0.84303  -0.83400   0.22794   1.06195
1349   0.84365  -0.83184   0.23130   1.06314
1350   0.84428  -0.82963   0.23465   1.06428
1351   0.84490  -0.82744   0.23800   1.06544
1352   0.84553  -0.82521   0.24134   1.06655
1353   0.84615  -0.82300   0.24468   1.06768
1354   0.84678  -0.82077   0.24802   1.06879
1355   0.84740  -0.81850   0.25135   1.06985
1356   0.84803  -0.81625   0.25468   1.07093
1357   0.84866  -0.81395   0.25800   1.07195
1358   0.84928  -0.81168   0.26132   1.07300
1359   0.84991  -0.80939   0.26464   1.07403
1360   0.85053  -0.80705   0.26795   1.07500
1361   0.85116  -0.80474   0.27126   1.07600
1362   0.85178  -0.80238   0.27457   1.07694
1363   0.85241  -0.80004   0.27787   1.07791
1364   0.85303  -0.79769   0.28116   1.07885
1365   0.85366  -0.79529   0.28445   1.07974
1366   0.85428  -0.79292   0.28774   1.08066
1367   0.85491  -0.79049   0.29102   1.08152
1368   0.85553  -0.78810   0.29430   1.08240
1369   0.85616  -0.78565   0.29757   1.08322
1370   0.85679  -0.78322   0.30084   1.08407
1371   0.85741  -0.78079   0.30411   1.08490
1372   0.85804  -0.77830   0.30737   1.08567
1373   0.85866  -0.77588   0.31062   1.08651
1374   0.85929  -0.77338   0.31387   1.08725
1375   0.85991  -0.77089   0.31712   1.08801
1376   0.86054  -0.76836   0.32036   1.08872
1377   0.86116  -0.76585   0.32359   1.08945
1378   0.86179  -0.76334   0.32683   1.09016
1379   0.86241  -0.76077   0.33005   1.09082
1380   0.86304  -0.75823   0.33327   1.09150
1381   0.86366  -0.75563   0.33649   1.09212
1382   0.86429  -0.75307   0.33970   1.09277
1383   0.86492  -0.75049   0.34290   1.09340
1384   0.86554  -0.74787   0.34610   1.09397
1385   0.86617  -0.74527   0.34930   1.09456
1386   0.86679  -0.74262   0.35248   1.09510
1387   0.86742  -0.73999   0.35567   1.09566
1388   0.86804  -0.73736   0.35885   1.09621
1389   0.86867  -0.73468   0.36202   1.09669
1390   0.86929  -0.73202   0.36518   1.09720
1391   0.86992  -0.72931   0.36835   1.09766
1392   0.87054  -0.72663   0.37150   1.09813
1393   0.87117  -0.72394   0.37465   1.09859
1394   0.87179  -0.72120   0.37779   1.09900
1395   0.87242  -0.71849   0.38093   1.09942
1396   0.87305  -0.71573   0.38406   1.09979
1397   0.87367  -0.71299   0.38719   1.10018
1398   0.87430  -0.71025   0.39031   1.10056
1399   0.87492  -0.70745   0.39342   1.10087
1400   0.87555  -0.70468   0.39653   1.10121
1401   0.87617  -0.70186   0.39963   1.10149
1402   0.87680  -0.69907   0.40273   1.10180
1403   0.87742  -0.69628   0.40582   1.10209
1404   0.87805  -0.69342   0.40890   1.10232
1405   0.87867  -0.69060   0.41198   1.10258
1406   0.87930  -0.68773   0.41505   1.10278
1407   0.87992  -0.68489   0.41811   1.10300
1408   0.88055  -0.68204   0.42117   1.10321
1409   0.88118  -0.67917   0.42422   1.10340
1410   0.88180  -0.67630   0.42727   1.10357
1411   0.88243  -0.67337   0.43030   1.10368
1412   0.88305  -0.67048   0.43334   1.10382
1413   0.88368  -0.66753   0.43636   1.10389
1414   0.88430  -0.66462   0.43938   1.10400
1415   0.88493  -0.66170   0.44239   1.10409
1416   0.88555  -0.65872   0.44540   1.10411
1417   0.88618  -0.65577   0.44839   1.10416
1418   0.88680  -0.65277   0.45138   1.10416
1419   0.88743  -0.64981   0.45437   1.10418
1420   0.88806  -0.64683   0.45735   1.10418
1421   0.88868  -0.64380   0.46031   1.10412
1422   0.88931  -0.64081   0.46328   1.10409
1423   0.88993  -0.63776   0.46623   1.10399
1424   0.89056  -0.63474   0.46918   1.10393
1425   0.89118  -0.63172   0.47212   1.10384
1426   0.89181  -0.62864   0.47506   1.10370
1427   0.89243  -0.62560   0.47798   1.10358
1428   0.89306  -0.62250   0.48090   1.10340
1429   0.89368  -0.61944   0.48381   1.10325
1430   0.89431  -0.61636   0.48672   1.10308
1431   0.89493  -0.61324   0.48961   1.10285
1432   0.89556  -0.61015   0.49250   1.10265
1433   0.89619  -0.60700   0.49538   1.10238
1434   0.89681  -0.60389   0.49826   1.10215
1435   0.89744  -0.60072   0.50112   1.10184
1436   0.89806  -0.59759   0.50398   1.10158
1437   0.89869  -0.59446   0.50683   1.10129
1438   0.89931  -0.59126   0.50967   1.10094
1439   0.89994  -0.58811   0.51251   1.10062
1440   0.90056  -0.58489   0.51534   1.10023
1441   0.90119  -0.58172   0.51815   1.09988
1442   0.90181  -0.57854   0.52096   1.09950
1443   0.90244  -0.57535   0.52377   1.09912
1444   0.90306  -0.57215   0.52656   1.09871
1445   0.90369  -0.56889   0.52935   1.09824
1446   0.90432  -0.56567   0.53213   1.09780
1447   0.90494  -0.56240   0.53490   1.09730
1448   0.90557  -0.55916   0.53766   1.09683
1449   0.90619  -0.55592   0.54042   1.09634
1450   0.90682  -0.55262   0.54316   1.09578
1451   0.90744  -0.54936   0.54590   1.09526
1452   0.90807  -0.54604   0.54863   1.09467
1453   0.90869  -0.54276   0.55135   1.09411
1454   0.90932  -0.53948   0.55406   1.09354
1455   0.90994  -0.53613   0.55676   1.09290
1456   0.91057  -0.53283   0.55946   1.09229
1457   0.91119  -0.52947   0.56214   1.09162
1458   0.91182  -0.52615   0.56482   1.09097
1459   0.91245  -0.52283   0.56749   1.09032
1460   0.91307  -0.51944   0.57015   1.08959
1461   0.91370  -0.51610   0.57280   1.08890
1462   0.91432  -0.51270   0.57544   1.08814
1463   0.91495  -0.50934   0.57808   1.08742
1464   0.91557  -0.50597   0.58070   1.08667
1465   0.91620  -0.50255   0.58332   1.08586
1466   0.91682  -0.49917   0.58592   1.08509
1467   0.91745  -0.49573   0.58852   1.08425
1468   0.91807  -0.49233   0.59111   1.08344
1469   0.91870  -0.48893   0.59369   1.08261
1470   0.91932  -0.48546   0.59626   1.08172
1471   0.91995  -0.48204   0.59882   1.08086
1472   0.92058  -0.47856   0.60137   1.07993
1473   0.92120  -0.47513   0.60392   1.07904
1474   0.92183  -0.47169   0.60645   1.07814
1475   0.92245  -0.46819   0.60897   1.07716
1476   0.92308  -0.46473   0.61149   1.07622
1477   0.92370  -0.46122   0.61400   1.07521
1478   0.92433  -0.45780   0.61649   1.07429
1479   0.92495  -0.45427   0.61898   1.07325
1480   0.92558  -0.45079   0.62146   1.07224
1481   0.92620  -0.44730   0.62392   1.07122
1482   0.92683  -0.44374   0.62638   1.07013
1483   0.92745  -0.44024   0.62883   1.06907
1484   0.92808  -0.43667   0.63127   1.06794
1485   0.92871  -0.43316   0.63370   1.06685
1486   0.92933  -0.42963   0.63612   1.06575
1487   0.92996  -0.42605   0.63853   1.06457
1488   0.93058  -0.42251   0.64093   1.06344
1489   0.93121  -0.41891   0.64332   1.06223
1490   0.93183  -0.41536   0.64569   1.06105
1491   0.93246  -0.41180   0.64806   1.05987
1492   0.93308  -0.40819   0.65042   1.05861
1493   0.93371  -0.40462   0.65277   1.05739
1494   0.93433  -0.40098   0.65511   1.05610
1495   0.93496  -0.39740   0.65744   1.05485
1496   0.93558  -0.39376   0.65976   1.05352
1497   0.93621  -0.39017   0.66207   1.05224
1498   0.93684  -0.38657   0.66437   1.05094
1499   0.93746  -0.38290   0.66666   1.04956
1500   0.93809  -0.37929   0.66894   1.04823
1501   0.93871  -0.37562   0.67120   1.04682
1502   0.93934  -0.37200   0.67346   1.04546
1503   0.93996  -0.36837   0.67571   1.04408
1504   0.94059  -0.36468   0.67795   1.04262
1505   0.94121  -0.36104   0.68017   1.04121
1506   0.94184  -0.35733   0.68239   1.03972
1507   0.94246  -0.35368   0.68459   1.03828
1508   0.94309  -0.35003   0.68679   1.03681
1509   0.94371  -0.34631   0.68897   1.03528
1510   0.94434  -0.34264   0.69115   1.03379
1511   0.94497  -0.33891   0.69331   1.03222
1512   0.94559  -0.33529   0.69546   1.03075
1513   0.94622  -0.33155   0.69760   1.02915
1514   0.94684  -0.32786   0.69973   1.02760
1515   0.94747  -0.32417   0.70185   1.02602
1516   0.94809  -0.32041   0.70396   1.02438
1517   0.94872  -0.31671   0.70606   1.02277
1518   0.94934  -0.31295   0.70815   1.02109
1519   0.94997  -0.30923   0.71023   1.01946
1520   0.95059  -0.30552   0.71229   1.01781
1521   0.95122  -0.30174   0.71435   1.01608
1522   0.95184  -0.29801   0.71639   1.01440
1523   0.95247  -0.29422   0.71842   1.01264
1524   0.95310  -0.29048   0.72044   1.01092
1525   0.95372  -0.28674   0.72245   1.00919
1526   0.95435  -0.28294   0.72445   1.00739
1527   0.95497  -0.27919   0.72644   1.00563
1528   0.95560  -0.27538   0.72841   1.00379
1529   0.95622  -0.27162   0.73038   1.00200
1530   0.95685  -0.26786   0.73233   1.00019
1531   0.95747  -0.26404   0.73427   0.99831
1532   0.95810  -0.26027   0.73620   0.99647
1533   0.95872  -0.25644   0.73812   0.99456
1534   0.95935  -0.25266   0.74003   0.99269
1535   0.95997  -0.24888   0.74193   0.99080
1536   0.96060  -0.24503   0.74381   0.98884
1537   0.96123  -0.24124   0.74568   0.98693
1538   0.96185  -0.23739   0.74754   0.98494
1539   0.96248  -0.23359   0.74939   0.98299
1540   0.96310  -0.22979   0.75123   0.98102
1541   0.96373  -0.22593   0.75305   0.97899
1542   0.96435  -0.22212   0.75487   0.97699
1543   0.96498  -0.21825   0.75667   0.97492
1544   0.96560  -0.21444   0.75846   0.97290
1545   0.96623  -0.21062   0.76023   0.97086
1546   0.96685  -0.20674   0.76200   0.96874
1547   0.96748  -0.20298   0.76375   0.96673
1548   0.96811  -0.19909   0.76549   0.96459
1549   0.96873  -0.19526   0.76722   0.96249
1550   0.96936  -0.19137   0.76894   0.96031
1551   0.96998  -0.18754   0.77065   0.95818
1552   0.97061  -0.18370   0.77234   0.95604
1553   0.97123  -0.17980   0.77402   0.95382
1554   0.97186  -0.17595   0.77569   0.95164
1555   0.97248  -0.17205   0.77735   0.94940
1556   0.97311  -0.16820   0.77900   0.94719
1557   0.97373  -0.16435   0.78063   0.94497
1558   0.97436  -0.16043   0.78225   0.94268
1559   0.97498  -0.15657   0.78386   0.94044
1560   0.97561  -0.15265   0.78546   0.93811
1561   0.97624  -0.14879   0.78705   0.93584
1562   0.97686  -0.14487   0.78862   0.93349
1563   0.97749  -0.14100   0.79018   0.93119
1564   0.97811  -0.13713   0.79173   0.92887
1565   0.97874  -0.13320   0.79327   0.92648
1566   0.97936  -0.12933   0.79480   0.92413
1567   0.97999  -0.12540   0.79631   0.92171
1568   0.98061  -0.12152   0.79782   0.91934
1569   0.98124  -0.11764   0.79931   0.91695
1570   0.98186  -0.11370   0.80079   0.91449
1571   0.98249  -0.10982   0.80225   0.91207
1572   0.98311  -0.10587   0.80371   0.90958
1573   0.98374  -0.10199   0.80515   0.90714
1574   0.98437  -0.09810   0.80658   0.90469
1575   0.98499  -0.09415   0.80800   0.90216
1576   0.98562  -0.09026   0.80941   0.89967
1577   0.98624  -0.08631   0.81080   0.89711
1578   0.98687  -0.08242   0.81218   0.89460
1579   0.98749  -0.07853   0.81355   0.89208
1580   0.98812  -0.07457   0.81491   0.88948
1581   0.98874  -0.07067   0.81625   0.88693
1582   0.98937  -0.06678   0.81758   0.88436
1583   0.98999  -0.06288   0.81890   0.88178
1584   0.99062  -0.05892   0.82020   0.87912
1585   0.99124  -0.05502   0.82150   0.87652
1586   0.99187  -0.05112   0.82278   0.87390
1587   0.99250  -0.04716   0.82405   0.87120
1588   0.99312  -0.04325   0.82530   0.86855
1589   0.99375  -0.03929   0.82654   0.86583
1590   0.99437  -0.03539   0.82777   0.86316
1591   0.99500  -0.03148   0.82899   0.86047
1592   0.99562  -0.02752   0.83019   0.85771
1593   0.99625  -0.02361   0.83138   0.85500
1594   0.99687  -0.01965   0.83256   0.85221
1595   0.99750  -0.01574   0.83373   0.84947
1596   0.99812  -0.01183   0.83488   0.84671
1597   0.99875  -0.00787   0.83602   0.84389
1598   0.99937  -0.00396   0.83715   0.84111
1599   1.00000   0.00001   0.83826   0.83826
 
