 i       X     FEXACT   FI_LAXW   ERR_LAXW
   0   0.00000   0.00000   0.94853   0.94853
   1   0.00063   0.00389   0.94976   0.94586
   2   0.00125   0.00786   0.95097   0.94311
   3   0.00188   0.01177   0.95217   0.94040
   4   0.00250   0.01573   0.95336   0.93762
   5   0.00313   0.01964   0.95453   0.93489
   6   0.00375   0.02355   0.95568   0.93214
   7   0.00438   0.02751   0.95682   0.92931
   8   0.00500   0.03142   0.95795   0.92653
   9   0.00563   0.03538   0.95906   0.92368
  10   0.00625   0.03928   0.96016   0.92088
  11   0.00688   0.04319   0.96125   0.91806
  12   0.00750   0.04715   0.96231   0.91516
  13   0.00813   0.05105   0.96337   0.91232
  14   0.00876   0.05501   0.96441   0.90939
  15   0.00938   0.05891   0.96543   0.90652
  16   0.01001   0.06281   0.96645   0.90363
  17   0.01063   0.06677   0.96744   0.90067
  18   0.01126   0.07061   0.96842   0.89782
  19   0.01188   0.07456   0.96939   0.89483
  20   0.01251   0.07846   0.97035   0.89189
  21   0.01313   0.08241   0.97128   0.88887
  22   0.01376   0.08631   0.97221   0.88590
  23   0.01438   0.09020   0.97312   0.88292
  24   0.01501   0.09415   0.97401   0.87987
  25   0.01563   0.09804   0.97490   0.87686
  26   0.01626   0.10198   0.97576   0.87378
  27   0.01689   0.10587   0.97661   0.87074
  28   0.01751   0.10975   0.97745   0.86770
  29   0.01814   0.11369   0.97827   0.86458
  30   0.01876   0.11757   0.97908   0.86151
  31   0.01939   0.12151   0.97988   0.85836
  32   0.02001   0.12539   0.98065   0.85526
  33   0.02064   0.12926   0.98142   0.85215
  34   0.02126   0.13320   0.98217   0.84897
  35   0.02189   0.13707   0.98290   0.84583
  36   0.02251   0.14100   0.98362   0.84262
  37   0.02314   0.14486   0.98432   0.83945
  38   0.02376   0.14873   0.98500   0.83628
  39   0.02439   0.15265   0.98568   0.83303
  40   0.02502   0.15651   0.98633   0.82982
  41   0.02564   0.16042   0.98697   0.82655
  42   0.02627   0.16428   0.98760   0.82332
  43   0.02689   0.16813   0.98821   0.82008
  44   0.02752   0.17204   0.98880   0.81676
  45   0.02814   0.17589   0.98938   0.81349
  46   0.02877   0.17979   0.98994   0.81015
  47   0.02939   0.18363   0.99049   0.80686
  48   0.03002   0.18747   0.99102   0.80355
  49   0.03064   0.19137   0.99154   0.80017
  50   0.03127   0.19520   0.99204   0.79684
  51   0.03189   0.19909   0.99252   0.79343
  52   0.03252   0.20291   0.99299   0.79007
  53   0.03315   0.20674   0.99344   0.78670
  54   0.03377   0.21056   0.99387   0.78331
  55   0.03440   0.21438   0.99429   0.77992
  56   0.03502   0.21825   0.99470   0.77645
  57   0.03565   0.22206   0.99508   0.77302
  58   0.03627   0.22593   0.99546   0.76953
  59   0.03690   0.22973   0.99581   0.76608
  60   0.03752   0.23353   0.99615   0.76262
  61   0.03815   0.23739   0.99648   0.75909
  62   0.03877   0.24118   0.99678   0.75561
  63   0.03940   0.24503   0.99708   0.75205
  64   0.04003   0.24881   0.99735   0.74854
  65   0.04065   0.25265   0.99761   0.74496
  66   0.04128   0.25643   0.99786   0.74143
  67   0.04190   0.26020   0.99809   0.73788
  68   0.04253   0.26403   0.99830   0.73427
  69   0.04315   0.26780   0.99850   0.73070
  70   0.04378   0.27162   0.99868   0.72706
  71   0.04440   0.27538   0.99884   0.72347
  72   0.04503   0.27913   0.99899   0.71987
  73   0.04565   0.28294   0.99913   0.71619
  74   0.04628   0.28668   0.99924   0.71256
  75   0.04690   0.29048   0.99935   0.70887
  76   0.04753   0.29421   0.99943   0.70522
  77   0.04816   0.29795   0.99950   0.70156
  78   0.04878   0.30173   0.99956   0.69783
  79   0.04941   0.30545   0.99960   0.69415
  80   0.05003   0.30923   0.99962   0.69039
  81   0.05066   0.31294   0.99963   0.68669
  82   0.05128   0.31665   0.99962   0.68298
  83   0.05191   0.32041   0.99960   0.67919
  84   0.05253   0.32411   0.99956   0.67546
  85   0.05316   0.32786   0.99951   0.67165
  86   0.05378   0.33154   0.99944   0.66789
  87   0.05441   0.33523   0.99935   0.66413
  88   0.05503   0.33890   0.99925   0.66035
  89   0.05566   0.34258   0.99914   0.65656
  90   0.05629   0.34630   0.99901   0.65271
  91   0.05691   0.34996   0.99886   0.64890
  92   0.05754   0.35368   0.99870   0.64503
  93   0.05816   0.35733   0.99853   0.64120
  94   0.05879   0.36097   0.99834   0.63736
  95   0.05941   0.36467   0.99813   0.63346
  96   0.06004   0.36831   0.99791   0.62961
  97   0.06066   0.37199   0.99768   0.62569
  98   0.06129   0.37561   0.99743   0.62182
  99   0.06191   0.37923   0.99716   0.61793
 100   0.06254   0.38290   0.99689   0.61399
 101   0.06316   0.38650   0.99659   0.61009
 102   0.06379   0.39016   0.99628   0.60612
 103   0.06442   0.39375   0.99596   0.60220
 104   0.06504   0.39734   0.99562   0.59828
 105   0.06567   0.40098   0.99526   0.59428
 106   0.06629   0.40455   0.99490   0.59034
 107   0.06692   0.40818   0.99451   0.58633
 108   0.06754   0.41174   0.99411   0.58237
 109   0.06817   0.41530   0.99370   0.57840
 110   0.06879   0.41891   0.99327   0.57437
 111   0.06942   0.42245   0.99283   0.57038
 112   0.07004   0.42604   0.99237   0.56633
 113   0.07067   0.42957   0.99190   0.56232
 114   0.07129   0.43310   0.99141   0.55831
 115   0.07192   0.43667   0.99091   0.55424
 116   0.07255   0.44018   0.99039   0.55021
 117   0.07317   0.44374   0.98986   0.54612
 118   0.07380   0.44724   0.98931   0.54207
 119   0.07442   0.45073   0.98874   0.53802
 120   0.07505   0.45426   0.98817   0.53390
 121   0.07567   0.45774   0.98758   0.52983
 122   0.07630   0.46121   0.98697   0.52576
 123   0.07692   0.46467   0.98635   0.52167
 124   0.07755   0.46818   0.98571   0.51753
 125   0.07817   0.47163   0.98506   0.51343
 126   0.07880   0.47507   0.98439   0.50932
 127   0.07942   0.47856   0.98371   0.50515
 128   0.08005   0.48198   0.98301   0.50103
 129   0.08068   0.48546   0.98230   0.49684
 130   0.08130   0.48887   0.98157   0.49271
 131   0.08193   0.49232   0.98083   0.48851
 132   0.08255   0.49572   0.98008   0.48435
 133   0.08318   0.49911   0.97930   0.48019
 134   0.08380   0.50254   0.97852   0.47597
 135   0.08443   0.50592   0.97772   0.47180
 136   0.08505   0.50934   0.97690   0.46757
 137   0.08568   0.51269   0.97607   0.46338
 138   0.08630   0.51604   0.97523   0.45918
 139   0.08693   0.51944   0.97436   0.45493
 140   0.08755   0.52277   0.97349   0.45072
 141   0.08818   0.52615   0.97260   0.44645
 142   0.08881   0.52947   0.97169   0.44223
 143   0.08943   0.53278   0.97077   0.43800
 144   0.09006   0.53613   0.96984   0.43371
 145   0.09068   0.53942   0.96889   0.42947
 146   0.09131   0.54276   0.96792   0.42516
 147   0.09193   0.54604   0.96694   0.42091
 148   0.09256   0.54930   0.96595   0.41665
 149   0.09318   0.55261   0.96494   0.41232
 150   0.09381   0.55587   0.96392   0.40805
 151   0.09443   0.55916   0.96288   0.40372
 152   0.09506   0.56239   0.96182   0.39943
 153   0.09568   0.56562   0.96075   0.39513
 154   0.09631   0.56889   0.95967   0.39078
 155   0.09694   0.57210   0.95857   0.38647
 156   0.09756   0.57534   0.95746   0.38211
 157   0.09819   0.57849   0.95633   0.37784
 158   0.09881   0.58172   0.95518   0.37347
 159   0.09944   0.58489   0.95402   0.36913
 160   0.10006   0.58805   0.95285   0.36480
 161   0.10069   0.59126   0.95166   0.36040
 162   0.10131   0.59440   0.95046   0.35606
 163   0.10194   0.59759   0.94924   0.35165
 164   0.10256   0.60072   0.94801   0.34729
 165   0.10319   0.60384   0.94676   0.34293
 166   0.10381   0.60699   0.94550   0.33850
 167   0.10444   0.61009   0.94422   0.33413
 168   0.10507   0.61323   0.94293   0.32970
 169   0.10569   0.61631   0.94162   0.32531
 170   0.10632   0.61938   0.94030   0.32091
 171   0.10694   0.62249   0.93896   0.31647
 172   0.10757   0.62555   0.93761   0.31206
 173   0.10819   0.62864   0.93624   0.30760
 174   0.10882   0.63167   0.93486   0.30319
 175   0.10944   0.63469   0.93346   0.29877
 176   0.11007   0.63775   0.93205   0.29430
 177   0.11069   0.64076   0.93062   0.28986
 178   0.11132   0.64380   0.92918   0.28538
 179   0.11194   0.64678   0.92772   0.28094
 180   0.11257   0.64976   0.92625   0.27650
 181   0.11320   0.65277   0.92477   0.27200
 182   0.11382   0.65572   0.92327   0.26755
 183   0.11445   0.65871   0.92175   0.26304
 184   0.11507   0.66165   0.92022   0.25858
 185   0.11570   0.66457   0.91868   0.25411
 186   0.11632   0.66753   0.91713   0.24960
 187   0.11695   0.67043   0.91556   0.24513
 188   0.11757   0.67337   0.91397   0.24060
 189   0.11820   0.67625   0.91238   0.23612
 190   0.11882   0.67913   0.91077   0.23164
 191   0.11945   0.68203   0.90914   0.22711
 192   0.12008   0.68488   0.90750   0.22262
 193   0.12070   0.68772   0.90585   0.21812
 194   0.12133   0.69056   0.90418   0.21363
 195   0.12195   0.69342   0.90250   0.20908
 196   0.12258   0.69623   0.90081   0.20458
 197   0.12320   0.69907   0.89910   0.20003
 198   0.12383   0.70186   0.89737   0.19552
 199   0.12445   0.70464   0.89564   0.19100
 200   0.12508   0.70745   0.89389   0.18644
 201   0.12570   0.71020   0.89212   0.18192
 202   0.12633   0.71299   0.89035   0.17736
 203   0.12695   0.71572   0.88855   0.17283
 204   0.12758   0.71844   0.88675   0.16830
 205   0.12821   0.72120   0.88493   0.16373
 206   0.12883   0.72390   0.88309   0.15920
 207   0.12946   0.72663   0.88125   0.15462
 208   0.13008   0.72931   0.87938   0.15008
 209   0.13071   0.73198   0.87751   0.14553
 210   0.13133   0.73467   0.87562   0.14095
 211   0.13196   0.73732   0.87372   0.13640
 212   0.13258   0.73999   0.87180   0.13181
 213   0.13321   0.74261   0.86987   0.12725
 214   0.13383   0.74522   0.86792   0.12270
 215   0.13446   0.74786   0.86596   0.11810
 216   0.13508   0.75045   0.86399   0.11354
 217   0.13571   0.75307   0.86200   0.10894
 218   0.13634   0.75563   0.86001   0.10437
 219   0.13696   0.75818   0.85799   0.09981
 220   0.13759   0.76076   0.85597   0.09520
 221   0.13821   0.76329   0.85393   0.09064
 222   0.13884   0.76585   0.85188   0.08603
 223   0.13946   0.76836   0.84982   0.08146
 224   0.14009   0.77085   0.84775   0.07689
 225   0.14071   0.77337   0.84566   0.07229
 226   0.14134   0.77580   0.84356   0.06776
 227   0.14196   0.77830   0.84145   0.06315
 228   0.14259   0.78075   0.83933   0.05859
 229   0.14321   0.78322   0.83720   0.05398
 230   0.14384   0.78564   0.83506   0.04941
 231   0.14447   0.78805   0.83290   0.04484
 232   0.14509   0.79049   0.83073   0.04024
 233   0.14572   0.79288   0.82855   0.03567
 234   0.14634   0.79529   0.82636   0.03107
 235   0.14697   0.79765   0.82415   0.02650
 236   0.14759   0.80000   0.82194   0.02194
 237   0.14822   0.80237   0.81971   0.01733
 238   0.14884   0.80470   0.81747   0.01277
 239   0.14947   0.80705   0.81522   0.00817
 240   0.15009   0.80935   0.81295   0.00360
 241   0.15072   0.81164   0.81067   0.00096
 242   0.15134   0.81395   0.80839   0.00556
 243   0.15197   0.81621   0.80609   0.01012
 244   0.15260   0.81850   0.80378   0.01472
 245   0.15322   0.82073   0.80145   0.01928
 246   0.15385   0.82296   0.79912   0.02384
 247   0.15447   0.82521   0.79677   0.02844
 248   0.15510   0.82741   0.79441   0.03300
 249   0.15572   0.82963   0.79204   0.03759
 250   0.15635   0.83180   0.78965   0.04215
 251   0.15697   0.83397   0.78726   0.04671
 252   0.15760   0.83615   0.78485   0.05130
 253   0.15822   0.83828   0.78243   0.05585
 254   0.15885   0.84044   0.78000   0.06044
 255   0.15947   0.84255   0.77756   0.06499
 256   0.16010   0.84465   0.77510   0.06954
 257   0.16073   0.84677   0.77264   0.07413
 258   0.16135   0.84884   0.77016   0.07868
 259   0.16198   0.85093   0.76767   0.08326
 260   0.16260   0.85297   0.76517   0.08781
 261   0.16323   0.85501   0.76265   0.09235
 262   0.16385   0.85703   0.76012   0.09690
 263   0.16448   0.85906   0.75759   0.10148
 264   0.16510   0.86106   0.75504   0.10602
 265   0.16573   0.86304   0.75247   0.11056
 266   0.16635   0.86503   0.74990   0.11513
 267   0.16698   0.86699   0.74731   0.11967
 268   0.16760   0.86896   0.74471   0.12424
 269   0.16823   0.87088   0.74210   0.12878
 270   0.16886   0.87280   0.73948   0.13331
 271   0.16948   0.87473   0.73685   0.13788
 272   0.17011   0.87661   0.73420   0.14241
 273   0.17073   0.87851   0.73154   0.14697
 274   0.17136   0.88037   0.72887   0.15150
 275   0.17198   0.88222   0.72619   0.15603
 276   0.17261   0.88408   0.72350   0.16058
 277   0.17323   0.88590   0.72079   0.16511
 278   0.17386   0.88773   0.71807   0.16966
 279   0.17448   0.88952   0.71534   0.17418
 280   0.17511   0.89130   0.71260   0.17870
 281   0.17573   0.89309   0.70985   0.18324
 282   0.17636   0.89484   0.70708   0.18776
 283   0.17699   0.89661   0.70431   0.19230
 284   0.17761   0.89833   0.70152   0.19681
 285   0.17824   0.90004   0.69872   0.20132
 286   0.17886   0.90176   0.69590   0.20586
 287   0.17949   0.90344   0.69308   0.21036
 288   0.18011   0.90514   0.69024   0.21489
 289   0.18074   0.90679   0.68740   0.21939
 290   0.18136   0.90843   0.68454   0.22389
 291   0.18199   0.91008   0.68167   0.22841
 292   0.18261   0.91169   0.67880   0.23290
 293   0.18324   0.91332   0.67591   0.23741
 294   0.18386   0.91490   0.67301   0.24189
 295   0.18449   0.91647   0.67010   0.24637
 296   0.18512   0.91803   0.66718   0.25085
 297   0.18574   0.91957   0.66425   0.25532
 298   0.18637   0.92112   0.66131   0.25981
 299   0.18699   0.92263   0.65836   0.26428
 300   0.18762   0.92416   0.65540   0.26876
 301   0.18824   0.92564   0.65243   0.27321
 302   0.18887   0.92711   0.64945   0.27767
 303   0.18949   0.92859   0.64645   0.28214
 304   0.19012   0.93003   0.64345   0.28658
 305   0.19074   0.93149   0.64044   0.29104
 306   0.19137   0.93290   0.63742   0.29548
 307   0.19199   0.93430   0.63439   0.29991
 308   0.19262   0.93571   0.63135   0.30435
 309   0.19325   0.93708   0.62830   0.30878
 310   0.19387   0.93845   0.62524   0.31321
 311   0.19450   0.93980   0.62217   0.31762
 312   0.19512   0.94112   0.61909   0.32203
 313   0.19575   0.94246   0.61600   0.32645
 314   0.19637   0.94376   0.61291   0.33085
 315   0.19700   0.94506   0.60980   0.33526
 316   0.19762   0.94633   0.60668   0.33965
 317   0.19825   0.94759   0.60356   0.34403
 318   0.19887   0.94885   0.60042   0.34843
 319   0.19950   0.95007   0.59727   0.35280
 320   0.20013   0.95130   0.59412   0.35718
 321   0.20075   0.95250   0.59096   0.36154
 322   0.20138   0.95368   0.58778   0.36590
 323   0.20200   0.95487   0.58460   0.37027
 324   0.20263   0.95602   0.58141   0.37461
 325   0.20325   0.95718   0.57821   0.37896
 326   0.20388   0.95830   0.57500   0.38330
 327   0.20450   0.95943   0.57179   0.38764
 328   0.20513   0.96052   0.56856   0.39196
 329   0.20575   0.96160   0.56532   0.39628
 330   0.20638   0.96268   0.56208   0.40060
 331   0.20700   0.96371   0.55883   0.40489
 332   0.20763   0.96477   0.55557   0.40920
 333   0.20826   0.96579   0.55230   0.41349
 334   0.20888   0.96681   0.54902   0.41779
 335   0.20951   0.96780   0.54573   0.42207
 336   0.21013   0.96877   0.54243   0.42634
 337   0.21076   0.96975   0.53913   0.43062
 338   0.21138   0.97070   0.53582   0.43488
 339   0.21201   0.97164   0.53250   0.43914
 340   0.21263   0.97256   0.52917   0.44339
 341   0.21326   0.97346   0.52583   0.44763
 342   0.21388   0.97436   0.52249   0.45187
 343   0.21451   0.97523   0.51914   0.45609
 344   0.21513   0.97610   0.51578   0.46032
 345   0.21576   0.97694   0.51241   0.46453
 346   0.21639   0.97777   0.50903   0.46874
 347   0.21701   0.97859   0.50565   0.47294
 348   0.21764   0.97939   0.50226   0.47713
 349   0.21826   0.98018   0.49886   0.48132
 350   0.21889   0.98095   0.49545   0.48550
 351   0.21951   0.98170   0.49204   0.48967
 352   0.22014   0.98245   0.48861   0.49384
 353   0.22076   0.98317   0.48518   0.49799
 354   0.22139   0.98389   0.48174   0.50214
 355   0.22201   0.98458   0.47830   0.50628
 356   0.22264   0.98525   0.47484   0.51041
 357   0.22326   0.98593   0.47138   0.51454
 358   0.22389   0.98657   0.46791   0.51866
 359   0.22452   0.98721   0.46444   0.52277
 360   0.22514   0.98783   0.46096   0.52687
 361   0.22577   0.98843   0.45747   0.53096
 362   0.22639   0.98902   0.45397   0.53505
 363   0.22702   0.98959   0.45047   0.53912
 364   0.22764   0.99015   0.44696   0.54319
 365   0.22827   0.99068   0.44344   0.54724
 366   0.22889   0.99122   0.43992   0.55130
 367   0.22952   0.99173   0.43639   0.55533
 368   0.23014   0.99222   0.43286   0.55936
 369   0.23077   0.99271   0.42932   0.56339
 370   0.23139   0.99317   0.42577   0.56740
 371   0.23202   0.99362   0.42222   0.57140
 372   0.23265   0.99406   0.41866   0.57539
 373   0.23327   0.99447   0.41510   0.57938
 374   0.23390   0.99488   0.41153   0.58335
 375   0.23452   0.99527   0.40795   0.58732
 376   0.23515   0.99565   0.40437   0.59128
 377   0.23577   0.99600   0.40078   0.59522
 378   0.23640   0.99635   0.39719   0.59916
 379   0.23702   0.99668   0.39359   0.60309
 380   0.23765   0.99699   0.38998   0.60700
 381   0.23827   0.99729   0.38637   0.61091
 382   0.23890   0.99757   0.38276   0.61481
 383   0.23952   0.99783   0.37913   0.61870
 384   0.24015   0.99809   0.37550   0.62258
 385   0.24078   0.99832   0.37187   0.62645
 386   0.24140   0.99854   0.36823   0.63032
 387   0.24203   0.99874   0.36458   0.63417
 388   0.24265   0.99893   0.36092   0.63801
 389   0.24328   0.99911   0.35727   0.64184
 390   0.24390   0.99927   0.35360   0.64567
 391   0.24453   0.99941   0.34993   0.64948
 392   0.24515   0.99954   0.34625   0.65328
 393   0.24578   0.99965   0.34257   0.65708
 394   0.24640   0.99974   0.33888   0.66087
 395   0.24703   0.99983   0.33518   0.66464
 396   0.24765   0.99989   0.33148   0.66841
 397   0.24828   0.99994   0.32778   0.67216
 398   0.24891   0.99998   0.32406   0.67591
 399   0.24953   1.00000   0.32035   0.67965
 400   0.25016   1.00000   0.31662   0.68338
 401   0.25078   0.99999   0.31290   0.68709
 402   0.25141   0.99996   0.30916   0.69080
 403   0.25203   0.99992   0.30543   0.69449
 404   0.25266   0.99986   0.30168   0.69818
 405   0.25328   0.99979   0.29793   0.70185
 406   0.25391   0.99970   0.29418   0.70552
 407   0.25453   0.99960   0.29043   0.70917
 408   0.25516   0.99948   0.28666   0.71281
 409   0.25578   0.99934   0.28290   0.71644
 410   0.25641   0.99919   0.27913   0.72006
 411   0.25704   0.99902   0.27535   0.72367
 412   0.25766   0.99884   0.27157   0.72727
 413   0.25829   0.99865   0.26779   0.73085
 414   0.25891   0.99843   0.26400   0.73443
 415   0.25954   0.99820   0.26021   0.73799
 416   0.26016   0.99796   0.25642   0.74155
 417   0.26079   0.99771   0.25262   0.74509
 418   0.26141   0.99743   0.24881   0.74862
 419   0.26204   0.99714   0.24501   0.75214
 420   0.26266   0.99683   0.24120   0.75564
 421   0.26329   0.99652   0.23738   0.75914
 422   0.26391   0.99618   0.23356   0.76262
 423   0.26454   0.99583   0.22974   0.76609
 424   0.26517   0.99547   0.22591   0.76955
 425   0.26579   0.99508   0.22208   0.77300
 426   0.26642   0.99469   0.21825   0.77643
 427   0.26704   0.99428   0.21442   0.77986
 428   0.26767   0.99384   0.21058   0.78327
 429   0.26829   0.99340   0.20673   0.78667
 430   0.26892   0.99294   0.20289   0.79005
 431   0.26954   0.99247   0.19904   0.79343
 432   0.27017   0.99198   0.19519   0.79680
 433   0.27079   0.99147   0.19133   0.80014
 434   0.27142   0.99096   0.18748   0.80348
 435   0.27205   0.99043   0.18362   0.80681
 436   0.27267   0.98988   0.17976   0.81012
 437   0.27330   0.98931   0.17589   0.81342
 438   0.27392   0.98873   0.17203   0.81671
 439   0.27455   0.98814   0.16816   0.81998
 440   0.27517   0.98752   0.16429   0.82324
 441   0.27580   0.98690   0.16041   0.82649
 442   0.27642   0.98625   0.15654   0.82971
 443   0.27705   0.98560   0.15266   0.83294
 444   0.27767   0.98493   0.14878   0.83615
 445   0.27830   0.98424   0.14490   0.83934
 446   0.27892   0.98354   0.14102   0.84252
 447   0.27955   0.98281   0.13713   0.84568
 448   0.28018   0.98209   0.13325   0.84884
 449   0.28080   0.98134   0.12936   0.85198
 450   0.28143   0.98057   0.12547   0.85510
 451   0.28205   0.97980   0.12158   0.85822
 452   0.28268   0.97900   0.11768   0.86131
 453   0.28330   0.97819   0.11379   0.86440
 454   0.28393   0.97737   0.10989   0.86748
 455   0.28455   0.97653   0.10599   0.87054
 456   0.28518   0.97568   0.10209   0.87359
 457   0.28580   0.97480   0.09819   0.87661
 458   0.28643   0.97392   0.09428   0.87964
 459   0.28705   0.97301   0.09038   0.88264
 460   0.28768   0.97211   0.08647   0.88564
 461   0.28831   0.97118   0.08256   0.88862
 462   0.28893   0.97023   0.07865   0.89158
 463   0.28956   0.96928   0.07473   0.89454
 464   0.29018   0.96829   0.07082   0.89747
 465   0.29081   0.96731   0.06690   0.90041
 466   0.29143   0.96631   0.06299   0.90333
 467   0.29206   0.96528   0.05907   0.90622
 468   0.29268   0.96425   0.05514   0.90911
 469   0.29331   0.96320   0.05122   0.91197
 470   0.29393   0.96215   0.04730   0.91486
 471   0.29456   0.96107   0.04337   0.91770
 472   0.29518   0.95998   0.03944   0.92054
 473   0.29581   0.95888   0.03551   0.92336
 474   0.29644   0.95774   0.03158   0.92616
 475   0.29706   0.95661   0.02765   0.92896
 476   0.29769   0.95545   0.02372   0.93173
 477   0.29831   0.95429   0.01978   0.93451
 478   0.29894   0.95312   0.01585   0.93727
 479   0.29956   0.95191   0.01191   0.94000
 480   0.30019   0.95070   0.00797   0.94273
 481   0.30081   0.94947   0.00403   0.94543
 482   0.30144   0.94823   0.00010   0.94814
 483   0.30206   0.94698  -0.00385   0.95083
 484   0.30269   0.94570  -0.00779   0.95349
 485   0.30331   0.94443  -0.01173   0.95615
 486   0.30394   0.94311  -0.01567   0.95878
 487   0.30457   0.94181  -0.01961   0.96142
 488   0.30519   0.94049  -0.02356   0.96404
 489   0.30582   0.93913  -0.02750   0.96663
 490   0.30644   0.93778  -0.03144   0.96923
 491   0.30707   0.93640  -0.03539   0.97178
 492   0.30769   0.93502  -0.03933   0.97435
 493   0.30832   0.93363  -0.04327   0.97690
 494   0.30894   0.93220  -0.04721   0.97941
 495   0.30957   0.93078  -0.05116   0.98194
 496   0.31019   0.92932  -0.05510   0.98442
 497   0.31082   0.92787  -0.05904   0.98691
 498   0.31144   0.92641  -0.06298   0.98939
 499   0.31207   0.92491  -0.06692   0.99183
 500   0.31270   0.92341  -0.07086   0.99427
 501   0.31332   0.92188  -0.07479   0.99668
 502   0.31395   0.92036  -0.07873   0.99909
 503   0.31457   0.91883  -0.08267   1.00149
 504   0.31520   0.91726  -0.08660   1.00385
 505   0.31582   0.91572  -0.09053   1.00625
 506   0.31645   0.91412  -0.09446   1.00858
 507   0.31707   0.91253  -0.09839   1.01091
 508   0.31770   0.91090  -0.10231   1.01321
 509   0.31832   0.90928  -0.10624   1.01551
 510   0.31895   0.90764  -0.11016   1.01780
 511   0.31957   0.90597  -0.11408   1.02005
 512   0.32020   0.90431  -0.11800   1.02231
 513   0.32083   0.90261  -0.12191   1.02452
 514   0.32145   0.90092  -0.12582   1.02674
 515   0.32208   0.89922  -0.12973   1.02895
 516   0.32270   0.89748  -0.13364   1.03111
 517   0.32333   0.89575  -0.13754   1.03329
 518   0.32395   0.89398  -0.14144   1.03542
 519   0.32458   0.89222  -0.14534   1.03756
 520   0.32520   0.89042  -0.14923   1.03965
 521   0.32583   0.88864  -0.15312   1.04176
 522   0.32645   0.88684  -0.15701   1.04385
 523   0.32708   0.88500  -0.16090   1.04589
 524   0.32770   0.88317  -0.16478   1.04795
 525   0.32833   0.88130  -0.16866   1.04996
 526   0.32896   0.87945  -0.17253   1.05198
 527   0.32958   0.87759  -0.17641   1.05399
 528   0.33021   0.87568  -0.18028   1.05595
 529   0.33083   0.87378  -0.18414   1.05793
 530   0.33146   0.87185  -0.18801   1.05986
 531   0.33208   0.86993  -0.19187   1.06180
 532   0.33271   0.86800  -0.19573   1.06372
 533   0.33333   0.86602  -0.19958   1.06560
 534   0.33396   0.86406  -0.20343   1.06749
 535   0.33458   0.86205  -0.20728   1.06934
 536   0.33521   0.86007  -0.21113   1.07120
 537   0.33583   0.85807  -0.21497   1.07304
 538   0.33646   0.85602  -0.21881   1.07484
 539   0.33709   0.85403  -0.22265   1.07668
 540   0.33771   0.85196  -0.22649   1.07845
 541   0.33834   0.84991  -0.23032   1.08022
 542   0.33896   0.84781  -0.23414   1.08195
 543   0.33959   0.84573  -0.23797   1.08370
 544   0.34021   0.84364  -0.24179   1.08543
 545   0.34084   0.84151  -0.24560   1.08711
 546   0.34146   0.83939  -0.24941   1.08880
 547   0.34209   0.83723  -0.25322   1.09045
 548   0.34271   0.83508  -0.25702   1.09211
 549   0.34334   0.83293  -0.26082   1.09375
 550   0.34396   0.83073  -0.26462   1.09534
 551   0.34459   0.82855  -0.26841   1.09695
 552   0.34522   0.82632  -0.27219   1.09851
 553   0.34584   0.82411  -0.27597   1.10008
 554   0.34647   0.82189  -0.27975   1.10164
 555   0.34709   0.81963  -0.28352   1.10315
 556   0.34772   0.81738  -0.28729   1.10467
 557   0.34834   0.81509  -0.29105   1.10614
 558   0.34897   0.81282  -0.29481   1.10763
 559   0.34959   0.81054  -0.29856   1.10910
 560   0.35022   0.80821  -0.30231   1.11052
 561   0.35084   0.80590  -0.30606   1.11196
 562   0.35147   0.80355  -0.30980   1.11334
 563   0.35210   0.80122  -0.31353   1.11475
 564   0.35272   0.79887  -0.31726   1.11613
 565   0.35335   0.79648  -0.32099   1.11747
 566   0.35397   0.79411  -0.32471   1.11882
 567   0.35460   0.79169  -0.32842   1.12012
 568   0.35522   0.78930  -0.33213   1.12143
 569   0.35585   0.78690  -0.33584   1.12274
 570   0.35647   0.78444  -0.33954   1.12398
 571   0.35710   0.78201  -0.34323   1.12525
 572   0.35772   0.77954  -0.34692   1.12646
 573   0.35835   0.77708  -0.35061   1.12769
 574   0.35897   0.77462  -0.35429   1.12890
 575   0.35960   0.77214  -0.35796   1.13010
 576   0.36023   0.76965  -0.36163   1.13128
 577   0.36085   0.76711  -0.36529   1.13240
 578   0.36148   0.76460  -0.36894   1.13355
 579   0.36210   0.76204  -0.37259   1.13463
 580   0.36273   0.75950  -0.37624   1.13574
 581   0.36335   0.75696  -0.37988   1.13684
 582   0.36398   0.75436  -0.38351   1.13787
 583   0.36460   0.75179  -0.38714   1.13893
 584   0.36523   0.74917  -0.39076   1.13992
 585   0.36585   0.74657  -0.39437   1.14095
 586   0.36648   0.74393  -0.39798   1.14191
 587   0.36710   0.74131  -0.40158   1.14290
 588   0.36773   0.73869  -0.40518   1.14387
 589   0.36836   0.73601  -0.40877   1.14478
 590   0.36898   0.73336  -0.41236   1.14571
 591   0.36961   0.73065  -0.41593   1.14659
 592   0.37023   0.72798  -0.41951   1.14749
 593   0.37086   0.72530  -0.42307   1.14837
 594   0.37148   0.72256  -0.42664   1.14919
 595   0.37211   0.71985  -0.43019   1.15004
 596   0.37273   0.71709  -0.43374   1.15083
 597   0.37336   0.71437  -0.43728   1.15165
 598   0.37398   0.71163  -0.44081   1.15244
 599   0.37461   0.70883  -0.44434   1.15318
 600   0.37523   0.70607  -0.44786   1.15394
 601   0.37586   0.70326  -0.45138   1.15464
 602   0.37649   0.70048  -0.45488   1.15536
 603   0.37711   0.69768  -0.45838   1.15607
 604   0.37774   0.69484  -0.46188   1.15671
 605   0.37836   0.69202  -0.46536   1.15738
 606   0.37899   0.68915  -0.46884   1.15799
 607   0.37961   0.68632  -0.47231   1.15863
 608   0.38024   0.68347  -0.47578   1.15925
 609   0.38086   0.68061  -0.47924   1.15985
 610   0.38149   0.67775  -0.48269   1.16044
 611   0.38211   0.67482  -0.48613   1.16096
 612   0.38274   0.67194  -0.48957   1.16151
 613   0.38336   0.66899  -0.49300   1.16199
 614   0.38399   0.66608  -0.49643   1.16251
 615   0.38462   0.66316  -0.49984   1.16301
 616   0.38524   0.66019  -0.50325   1.16344
 617   0.38587   0.65725  -0.50665   1.16390
 618   0.38649   0.65426  -0.51004   1.16430
 619   0.38712   0.65130  -0.51342   1.16472
 620   0.38774   0.64833  -0.51680   1.16513
 621   0.38837   0.64530  -0.52017   1.16547
 622   0.38899   0.64231  -0.52353   1.16584
 623   0.38962   0.63927  -0.52688   1.16615
 624   0.39024   0.63626  -0.53022   1.16648
 625   0.39087   0.63324  -0.53356   1.16680
 626   0.39149   0.63016  -0.53689   1.16705
 627   0.39212   0.62713  -0.54020   1.16733
 628   0.39275   0.62403  -0.54351   1.16754
 629   0.39337   0.62097  -0.54681   1.16779
 630   0.39400   0.61791  -0.55010   1.16801
 631   0.39462   0.61478  -0.55339   1.16817
 632   0.39525   0.61170  -0.55666   1.16836
 633   0.39587   0.60856  -0.55992   1.16848
 634   0.39650   0.60545  -0.56318   1.16863
 635   0.39712   0.60234  -0.56642   1.16876
 636   0.39775   0.59917  -0.56966   1.16883
 637   0.39837   0.59603  -0.57289   1.16892
 638   0.39900   0.59284  -0.57611   1.16895
 639   0.39962   0.58969  -0.57932   1.16901
 640   0.40025   0.58653  -0.58252   1.16906
 641   0.40088   0.58332  -0.58571   1.16903
 642   0.40150   0.58014  -0.58890   1.16904
 643   0.40213   0.57690  -0.59207   1.16897
 644   0.40275   0.57376  -0.59524   1.16900
 645   0.40338   0.57050  -0.59839   1.16890
 646   0.40400   0.56729  -0.60154   1.16883
 647   0.40463   0.56407  -0.60468   1.16875
 648   0.40525   0.56079  -0.60781   1.16860
 649   0.40588   0.55755  -0.61093   1.16848
 650   0.40650   0.55425  -0.61404   1.16830
 651   0.40713   0.55100  -0.61714   1.16814
 652   0.40775   0.54768  -0.62024   1.16792
 653   0.40838   0.54441  -0.62332   1.16773
 654   0.40901   0.54113  -0.62639   1.16752
 655   0.40963   0.53779  -0.62945   1.16724
 656   0.41026   0.53449  -0.63250   1.16699
 657   0.41088   0.53113  -0.63554   1.16668
 658   0.41151   0.52782  -0.63858   1.16640
 659   0.41213   0.52450  -0.64160   1.16610
 660   0.41276   0.52112  -0.64461   1.16573
 661   0.41338   0.51778  -0.64761   1.16539
 662   0.41401   0.51438  -0.65060   1.16499
 663   0.41463   0.51103  -0.65359   1.16461
 664   0.41526   0.50767  -0.65656   1.16422
 665   0.41588   0.50424  -0.65952   1.16376
 666   0.41651   0.50087  -0.66247   1.16334
 667   0.41714   0.49743  -0.66542   1.16285
 668   0.41776   0.49404  -0.66835   1.16239
 669   0.41839   0.49064  -0.67127   1.16191
 670   0.41901   0.48718  -0.67418   1.16136
 671   0.41964   0.48376  -0.67709   1.16085
 672   0.42026   0.48028  -0.67998   1.16026
 673   0.42089   0.47685  -0.68286   1.15972
 674   0.42151   0.47342  -0.68573   1.15915
 675   0.42214   0.46992  -0.68860   1.15852
 676   0.42276   0.46647  -0.69145   1.15792
 677   0.42339   0.46295  -0.69429   1.15725
 678   0.42401   0.45954  -0.69712   1.15667
 679   0.42464   0.45602  -0.69994   1.15596
 680   0.42527   0.45254  -0.70275   1.15529
 681   0.42589   0.44905  -0.70555   1.15460
 682   0.42652   0.44550  -0.70834   1.15384
 683   0.42714   0.44200  -0.71111   1.15311
 684   0.42777   0.43844  -0.71388   1.15231
 685   0.42839   0.43492  -0.71663   1.15155
 686   0.42902   0.43140  -0.71936   1.15077
 687   0.42964   0.42782  -0.72209   1.14991
 688   0.43027   0.42429  -0.72481   1.14909
 689   0.43089   0.42069  -0.72751   1.14820
 690   0.43152   0.41714  -0.73020   1.14735
 691   0.43215   0.41359  -0.73288   1.14647
 692   0.43277   0.40998  -0.73555   1.14552
 693   0.43340   0.40641  -0.73820   1.14461
 694   0.43402   0.40278  -0.74085   1.14363
 695   0.43465   0.39920  -0.74348   1.14268
 696   0.43527   0.39562  -0.74610   1.14172
 697   0.43590   0.39197  -0.74871   1.14068
 698   0.43652   0.38838  -0.75130   1.13968
 699   0.43715   0.38472  -0.75389   1.13860
 700   0.43777   0.38111  -0.75646   1.13757
 701   0.43840   0.37749  -0.75902   1.13651
 702   0.43902   0.37382  -0.76157   1.13539
 703   0.43965   0.37019  -0.76410   1.13430
 704   0.44028   0.36650  -0.76663   1.13313
 705   0.44090   0.36287  -0.76914   1.13201
 706   0.44153   0.35922  -0.77164   1.13087
 707   0.44215   0.35552  -0.77413   1.12965
 708   0.44278   0.35186  -0.77661   1.12847
 709   0.44340   0.34815  -0.77907   1.12722
 710   0.44403   0.34448  -0.78153   1.12601
 711   0.44465   0.34081  -0.78397   1.12478
 712   0.44528   0.33708  -0.78640   1.12348
 713   0.44590   0.33340  -0.78881   1.12221
 714   0.44653   0.32971  -0.79122   1.12093
 715   0.44715   0.32602  -0.79361   1.11964
 716   0.44778   0.32227  -0.79599   1.11827
 717   0.44841   0.31857  -0.79836   1.11693
 718   0.44903   0.31481  -0.80072   1.11553
 719   0.44966   0.31110  -0.80307   1.11416
 720   0.45028   0.30738  -0.80540   1.11278
 721   0.45091   0.30361  -0.80772   1.11133
 722   0.45153   0.29988  -0.81003   1.10991
 723   0.45216   0.29609  -0.81233   1.10842
 724   0.45278   0.29236  -0.81462   1.10698
 725   0.45341   0.28862  -0.81689   1.10551
 726   0.45403   0.28482  -0.81915   1.10398
 727   0.45466   0.28108  -0.82140   1.10248
 728   0.45528   0.27727  -0.82364   1.10091
 729   0.45591   0.27351  -0.82587   1.09938
 730   0.45654   0.26975  -0.82808   1.09783
 731   0.45716   0.26593  -0.83029   1.09621
 732   0.45779   0.26216  -0.83247   1.09464
 733   0.45841   0.25833  -0.83465   1.09298
 734   0.45904   0.25456  -0.83682   1.09137
 735   0.45966   0.25078  -0.83897   1.08974
 736   0.46029   0.24693  -0.84111   1.08804
 737   0.46091   0.24315  -0.84323   1.08638
 738   0.46154   0.23930  -0.84534   1.08464
 739   0.46216   0.23550  -0.84744   1.08294
 740   0.46279   0.23170  -0.84953   1.08123
 741   0.46341   0.22784  -0.85160   1.07944
 742   0.46404   0.22404  -0.85366   1.07770
 743   0.46467   0.22017  -0.85571   1.07588
 744   0.46529   0.21636  -0.85774   1.07410
 745   0.46592   0.21254  -0.85976   1.07230
 746   0.46654   0.20866  -0.86177   1.07043
 747   0.46717   0.20484  -0.86376   1.06861
 748   0.46779   0.20102  -0.86575   1.06676
 749   0.46842   0.19719  -0.86771   1.06490
 750   0.46904   0.19330  -0.86967   1.06297
 751   0.46967   0.18946  -0.87161   1.06107
 752   0.47029   0.18563  -0.87354   1.05916
 753   0.47092   0.18173  -0.87545   1.05718
 754   0.47154   0.17788  -0.87735   1.05523
 755   0.47217   0.17398  -0.87924   1.05321
 756   0.47280   0.17013  -0.88111   1.05124
 757   0.47342   0.16628  -0.88296   1.04924
 758   0.47405   0.16237  -0.88481   1.04717
 759   0.47467   0.15851  -0.88664   1.04515
 760   0.47530   0.15459  -0.88845   1.04304
 761   0.47592   0.15073  -0.89025   1.04098
 762   0.47655   0.14687  -0.89203   1.03890
 763   0.47717   0.14294  -0.89380   1.03675
 764   0.47780   0.13908  -0.89556   1.03464
 765   0.47842   0.13515  -0.89730   1.03245
 766   0.47905   0.13128  -0.89903   1.03031
 767   0.47967   0.12740  -0.90074   1.02814
 768   0.48030   0.12347  -0.90244   1.02591
 769   0.48093   0.11959  -0.90412   1.02371
 770   0.48155   0.11565  -0.90579   1.02144
 771   0.48218   0.11177  -0.90745   1.01922
 772   0.48280   0.10789  -0.90909   1.01697
 773   0.48343   0.10394  -0.91071   1.01466
 774   0.48405   0.10005  -0.91233   1.01238
 775   0.48468   0.09611  -0.91392   1.01003
 776   0.48530   0.09222  -0.91551   1.00772
 777   0.48593   0.08833  -0.91707   1.00540
 778   0.48655   0.08438  -0.91863   1.00300
 779   0.48718   0.08048  -0.92017   1.00065
 780   0.48780   0.07653  -0.92169   0.99822
 781   0.48843   0.07263  -0.92320   0.99583
 782   0.48906   0.06867  -0.92470   0.99337
 783   0.48968   0.06484  -0.92618   0.99102
 784   0.49031   0.06088  -0.92764   0.98852
 785   0.49093   0.05698  -0.92910   0.98608
 786   0.49156   0.05308  -0.93053   0.98361
 787   0.49218   0.04912  -0.93196   0.98107
 788   0.49281   0.04521  -0.93337   0.97858
 789   0.49343   0.04125  -0.93476   0.97601
 790   0.49406   0.03735  -0.93614   0.97349
 791   0.49468   0.03344  -0.93751   0.97095
 792   0.49531   0.02948  -0.93886   0.96833
 793   0.49593   0.02557  -0.94019   0.96577
 794   0.49656   0.02161  -0.94151   0.96312
 795   0.49719   0.01770  -0.94282   0.96052
 796   0.49781   0.01380  -0.94412   0.95791
 797   0.49844   0.00983  -0.94539   0.95522
 798   0.49906   0.00592  -0.94666   0.95258
 799   0.49969   0.00196  -0.94791   0.94986
 800   0.50031  -0.00195  -0.94914   0.94719
 801   0.50094  -0.00586  -0.95036   0.94451
 802   0.50156  -0.00982  -0.95157   0.94175
 803   0.50219  -0.01373  -0.95276   0.93903
 804   0.50281  -0.01770  -0.95394   0.93624
 805   0.50344  -0.02160  -0.95510   0.93350
 806   0.50407  -0.02551  -0.95625   0.93074
 807   0.50469  -0.02947  -0.95738   0.92791
 808   0.50532  -0.03338  -0.95850   0.92512
 809   0.50594  -0.03734  -0.95961   0.92226
 810   0.50657  -0.04125  -0.96070   0.91945
 811   0.50719  -0.04515  -0.96177   0.91662
 812   0.50782  -0.04911  -0.96283   0.91372
 813   0.50844  -0.05301  -0.96388   0.91087
 814   0.50907  -0.05697  -0.96491   0.90794
 815   0.50969  -0.06087  -0.96593   0.90506
 816   0.51032  -0.06477  -0.96693   0.90216
 817   0.51094  -0.06867  -0.96792   0.89925
 818   0.51157  -0.07257  -0.96890   0.89633
 819   0.51220  -0.07652  -0.96986   0.89334
 820   0.51282  -0.08042  -0.97080   0.89039
 821   0.51345  -0.08437  -0.97173   0.88737
 822   0.51407  -0.08826  -0.97265   0.88439
 823   0.51470  -0.09215  -0.97355   0.88140
 824   0.51532  -0.09610  -0.97444   0.87834
 825   0.51595  -0.09999  -0.97531   0.87533
 826   0.51657  -0.10394  -0.97617   0.87224
 827   0.51720  -0.10782  -0.97702   0.86920
 828   0.51782  -0.11170  -0.97785   0.86614
 829   0.51845  -0.11564  -0.97866   0.86302
 830   0.51907  -0.11952  -0.97946   0.85994
 831   0.51970  -0.12346  -0.98025   0.85679
 832   0.52033  -0.12734  -0.98102   0.85368
 833   0.52095  -0.13121  -0.98177   0.85056
 834   0.52158  -0.13514  -0.98251   0.84737
 835   0.52220  -0.13901  -0.98324   0.84423
 836   0.52283  -0.14294  -0.98395   0.84101
 837   0.52345  -0.14680  -0.98464   0.83784
 838   0.52408  -0.15067  -0.98532   0.83465
 839   0.52470  -0.15459  -0.98598   0.83140
 840   0.52533  -0.15845  -0.98663   0.82819
 841   0.52595  -0.16236  -0.98727   0.82490
 842   0.52658  -0.16621  -0.98788   0.82167
 843   0.52720  -0.17006  -0.98849   0.81842
 844   0.52783  -0.17397  -0.98907   0.81510
 845   0.52846  -0.17782  -0.98964   0.81183
 846   0.52908  -0.18172  -0.99020   0.80848
 847   0.52971  -0.18556  -0.99074   0.80518
 848   0.53033  -0.18946  -0.99126   0.80180
 849   0.53096  -0.19329  -0.99177   0.79848
 850   0.53158  -0.19712  -0.99226   0.79514
 851   0.53221  -0.20101  -0.99274   0.79173
 852   0.53283  -0.20478  -0.99320   0.78842
 853   0.53346  -0.20866  -0.99364   0.78498
 854   0.53408  -0.21248  -0.99407   0.78159
 855   0.53471  -0.21635  -0.99448   0.77813
 856   0.53533  -0.22016  -0.99488   0.77471
 857   0.53596  -0.22397  -0.99526   0.77128
 858   0.53659  -0.22784  -0.99562   0.76778
 859   0.53721  -0.23164  -0.99597   0.76433
 860   0.53784  -0.23550  -0.99630   0.76081
 861   0.53846  -0.23929  -0.99662   0.75733
 862   0.53909  -0.24308  -0.99692   0.75384
 863   0.53971  -0.24693  -0.99720   0.75028
 864   0.54034  -0.25071  -0.99747   0.74676
 865   0.54096  -0.25455  -0.99773   0.74318
 866   0.54159  -0.25833  -0.99796   0.73964
 867   0.54221  -0.26210  -0.99819   0.73609
 868   0.54284  -0.26592  -0.99839   0.73247
 869   0.54346  -0.26969  -0.99858   0.72889
 870   0.54409  -0.27351  -0.99875   0.72525
 871   0.54472  -0.27726  -0.99891   0.72165
 872   0.54534  -0.28101  -0.99905   0.71804
 873   0.54597  -0.28482  -0.99918   0.71436
 874   0.54659  -0.28856  -0.99929   0.71073
 875   0.54722  -0.29236  -0.99938   0.70703
 876   0.54784  -0.29609  -0.99946   0.70337
 877   0.54847  -0.29982  -0.99953   0.69971
 878   0.54909  -0.30360  -0.99957   0.69597
 879   0.54972  -0.30732  -0.99960   0.69228
 880   0.55034  -0.31109  -0.99962   0.68853
 881   0.55097  -0.31480  -0.99962   0.68482
 882   0.55159  -0.31851  -0.99960   0.68110
 883   0.55222  -0.32227  -0.99957   0.67731
 884   0.55285  -0.32596  -0.99953   0.67357
 885   0.55347  -0.32971  -0.99946   0.66975
 886   0.55410  -0.33339  -0.99939   0.66599
 887   0.55472  -0.33707  -0.99929   0.66222
 888   0.55535  -0.34075  -0.99919   0.65844
 889   0.55597  -0.34442  -0.99906   0.65464
 890   0.55660  -0.34814  -0.99892   0.65078
 891   0.55722  -0.35180  -0.99877   0.64697
 892   0.55785  -0.35551  -0.99860   0.64309
 893   0.55847  -0.35916  -0.99842   0.63926
 894   0.55910  -0.36280  -0.99822   0.63542
 895   0.55972  -0.36650  -0.99801   0.63151
 896   0.56035  -0.37013  -0.99778   0.62766
 897   0.56098  -0.37381  -0.99754   0.62373
 898   0.56160  -0.37743  -0.99728   0.61985
 899   0.56223  -0.38105  -0.99701   0.61597
 900   0.56285  -0.38471  -0.99673   0.61202
 901   0.56348  -0.38831  -0.99642   0.60811
 902   0.56410  -0.39197  -0.99611   0.60414
 903   0.56473  -0.39556  -0.99578   0.60022
 904   0.56535  -0.39914  -0.99543   0.59629
 905   0.56598  -0.40278  -0.99507   0.59229
 906   0.56660  -0.40635  -0.99469   0.58834
 907   0.56723  -0.40997  -0.99430   0.58433
 908   0.56785  -0.41353  -0.99389   0.58036
 909   0.56848  -0.41708  -0.99347   0.57639
 910   0.56911  -0.42069  -0.99304   0.57235
 911   0.56973  -0.42423  -0.99259   0.56836
 912   0.57036  -0.42782  -0.99212   0.56431
 913   0.57098  -0.43134  -0.99164   0.56030
 914   0.57161  -0.43492  -0.99115   0.55623
 915   0.57223  -0.43843  -0.99064   0.55220
 916   0.57286  -0.44194  -0.99011   0.54817
 917   0.57348  -0.44550  -0.98957   0.54407
 918   0.57411  -0.44899  -0.98901   0.54002
 919   0.57473  -0.45253  -0.98844   0.53591
 920   0.57536  -0.45601  -0.98786   0.53185
 921   0.57598  -0.45948  -0.98726   0.52778
 922   0.57661  -0.46295  -0.98665   0.52370
 923   0.57724  -0.46641  -0.98602   0.51961
 924   0.57786  -0.46991  -0.98537   0.51546
 925   0.57849  -0.47336  -0.98471   0.51135
 926   0.57911  -0.47685  -0.98404   0.50719
 927   0.57974  -0.48028  -0.98335   0.50307
 928   0.58036  -0.48370  -0.98264   0.49894
 929   0.58099  -0.48717  -0.98193   0.49475
 930   0.58161  -0.49058  -0.98119   0.49061
 931   0.58224  -0.49403  -0.98044   0.48641
 932   0.58286  -0.49742  -0.97968   0.48225
 933   0.58349  -0.50081  -0.97890   0.47809
 934   0.58412  -0.50424  -0.97811   0.47387
 935   0.58474  -0.50761  -0.97730   0.46969
 936   0.58537  -0.51102  -0.97647   0.46545
 937   0.58599  -0.51438  -0.97564   0.46126
 938   0.58662  -0.51772  -0.97478   0.45706
 939   0.58724  -0.52111  -0.97392   0.45280
 940   0.58787  -0.52444  -0.97303   0.44859
 941   0.58849  -0.52782  -0.97213   0.44432
 942   0.58912  -0.53113  -0.97122   0.44009
 943   0.58974  -0.53444  -0.97029   0.43586
 944   0.59037  -0.53778  -0.96935   0.43157
 945   0.59099  -0.54107  -0.96839   0.42732
 946   0.59162  -0.54441  -0.96742   0.42302
 947   0.59225  -0.54768  -0.96643   0.41876
 948   0.59287  -0.55094  -0.96543   0.41449
 949   0.59350  -0.55425  -0.96442   0.41017
 950   0.59412  -0.55750  -0.96338   0.40589
 951   0.59475  -0.56079  -0.96234   0.40155
 952   0.59537  -0.56402  -0.96128   0.39726
 953   0.59600  -0.56724  -0.96020   0.39296
 954   0.59662  -0.57050  -0.95911   0.38861
 955   0.59725  -0.57370  -0.95800   0.38430
 956   0.59787  -0.57690  -0.95688   0.37998
 957   0.59850  -0.58008  -0.95574   0.37566
 958   0.59912  -0.58331  -0.95459   0.37128
 959   0.59975  -0.58648  -0.95343   0.36695
 960   0.60038  -0.58964  -0.95225   0.36261
 961   0.60100  -0.59284  -0.95105   0.35821
 962   0.60163  -0.59598  -0.94984   0.35386
 963   0.60225  -0.59916  -0.94861   0.34945
 964   0.60288  -0.60228  -0.94737   0.34509
 965   0.60350  -0.60540  -0.94612   0.34072
 966   0.60413  -0.60855  -0.94485   0.33630
 967   0.60475  -0.61165  -0.94356   0.33192
 968   0.60538  -0.61478  -0.94226   0.32748
 969   0.60600  -0.61786  -0.94095   0.32309
 970   0.60663  -0.62092  -0.93962   0.31869
 971   0.60725  -0.62403  -0.93827   0.31424
 972   0.60788  -0.62708  -0.93691   0.30984
 973   0.60851  -0.63016  -0.93554   0.30538
 974   0.60913  -0.63319  -0.93415   0.30096
 975   0.60976  -0.63625  -0.93274   0.29649
 976   0.61038  -0.63926  -0.93132   0.29206
 977   0.61101  -0.64226  -0.92989   0.28763
 978   0.61163  -0.64530  -0.92844   0.28314
 979   0.61226  -0.64828  -0.92698   0.27870
 980   0.61288  -0.65129  -0.92550   0.27421
 981   0.61351  -0.65425  -0.92401   0.26975
 982   0.61413  -0.65720  -0.92250   0.26530
 983   0.61476  -0.66019  -0.92098   0.26079
 984   0.61538  -0.66312  -0.91944   0.25633
 985   0.61601  -0.66608  -0.91790   0.25182
 986   0.61664  -0.66899  -0.91633   0.24735
 987   0.61726  -0.67189  -0.91476   0.24287
 988   0.61789  -0.67482  -0.91317   0.23835
 989   0.61851  -0.67770  -0.91156   0.23387
 990   0.61914  -0.68061  -0.90995   0.22934
 991   0.61976  -0.68342  -0.90831   0.22489
 992   0.62039  -0.68631  -0.90667   0.22036
 993   0.62101  -0.68915  -0.90501   0.21586
 994   0.62164  -0.69197  -0.90333   0.21136
 995   0.62226  -0.69483  -0.90165   0.20682
 996   0.62289  -0.69764  -0.89995   0.20231
 997   0.62351  -0.70047  -0.89823   0.19776
 998   0.62414  -0.70325  -0.89650   0.19325
 999   0.62477  -0.70603  -0.89476   0.18873
1000   0.62539  -0.70883  -0.89300   0.18417
1001   0.62602  -0.71158  -0.89123   0.17965
1002   0.62664  -0.71436  -0.88945   0.17508
1003   0.62727  -0.71709  -0.88765   0.17056
1004   0.62789  -0.71981  -0.88584   0.16603
1005   0.62852  -0.72256  -0.88401   0.16145
1006   0.62914  -0.72525  -0.88217   0.15692
1007   0.62977  -0.72798  -0.88031   0.15234
1008   0.63039  -0.73065  -0.87845   0.14780
1009   0.63102  -0.73331  -0.87656   0.14325
1010   0.63164  -0.73600  -0.87467   0.13867
1011   0.63227  -0.73864  -0.87276   0.13412
1012   0.63290  -0.74131  -0.87083   0.12952
1013   0.63352  -0.74393  -0.86890   0.12497
1014   0.63415  -0.74653  -0.86694   0.12041
1015   0.63477  -0.74916  -0.86498   0.11582
1016   0.63540  -0.75175  -0.86300   0.11125
1017   0.63602  -0.75436  -0.86101   0.10665
1018   0.63665  -0.75691  -0.85900   0.10209
1019   0.63727  -0.75946  -0.85698   0.09752
1020   0.63790  -0.76204  -0.85495   0.09292
1021   0.63852  -0.76456  -0.85291   0.08835
1022   0.63915  -0.76711  -0.85085   0.08374
1023   0.63977  -0.76961  -0.84879   0.07917
1024   0.64040  -0.77210  -0.84671   0.07461
1025   0.64103  -0.77461  -0.84461   0.07000
1026   0.64165  -0.77704  -0.84251   0.06547
1027   0.64228  -0.77953  -0.84040   0.06086
1028   0.64290  -0.78197  -0.83827   0.05630
1029   0.64353  -0.78444  -0.83613   0.05169
1030   0.64415  -0.78686  -0.83398   0.04712
1031   0.64478  -0.78926  -0.83182   0.04256
1032   0.64540  -0.79169  -0.82964   0.03795
1033   0.64603  -0.79407  -0.82746   0.03338
1034   0.64665  -0.79648  -0.82526   0.02878
1035   0.64728  -0.79883  -0.82305   0.02421
1036   0.64790  -0.80118  -0.82082   0.01965
1037   0.64853  -0.80354  -0.81859   0.01505
1038   0.64916  -0.80586  -0.81634   0.01048
1039   0.64978  -0.80821  -0.81409   0.00588
1040   0.65041  -0.81050  -0.81182   0.00132
1041   0.65103  -0.81282  -0.80953   0.00328
1042   0.65166  -0.81509  -0.80724   0.00785
1043   0.65228  -0.81734  -0.80493   0.01241
1044   0.65291  -0.81962  -0.80262   0.01701
1045   0.65353  -0.82185  -0.80029   0.02157
1046   0.65416  -0.82411  -0.79794   0.02616
1047   0.65478  -0.82631  -0.79559   0.03072
1048   0.65541  -0.82851  -0.79323   0.03528
1049   0.65604  -0.83072  -0.79085   0.03987
1050   0.65666  -0.83289  -0.78846   0.04443
1051   0.65729  -0.83508  -0.78606   0.04902
1052   0.65791  -0.83722  -0.78365   0.05358
1053   0.65854  -0.83935  -0.78122   0.05813
1054   0.65916  -0.84150  -0.77878   0.06272
1055   0.65979  -0.84361  -0.77633   0.06727
1056   0.66041  -0.84573  -0.77387   0.07186
1057   0.66104  -0.84781  -0.77140   0.07641
1058   0.66166  -0.84987  -0.76892   0.08096
1059   0.66229  -0.85196  -0.76642   0.08554
1060   0.66291  -0.85400  -0.76391   0.09008
1061   0.66354  -0.85602  -0.76139   0.09463
1062   0.66417  -0.85803  -0.75886   0.09918
1063   0.66479  -0.86007  -0.75631   0.10375
1064   0.66542  -0.86205  -0.75376   0.10830
1065   0.66604  -0.86402  -0.75119   0.11284
1066   0.66667  -0.86602  -0.74861   0.11741
1067   0.66729  -0.86796  -0.74601   0.12195
1068   0.66792  -0.86993  -0.74341   0.12651
1069   0.66854  -0.87185  -0.74079   0.13105
1070   0.66917  -0.87375  -0.73817   0.13559
1071   0.66979  -0.87567  -0.73553   0.14015
1072   0.67042  -0.87755  -0.73287   0.14468
1073   0.67104  -0.87945  -0.73021   0.14924
1074   0.67167  -0.88130  -0.72753   0.15377
1075   0.67230  -0.88314  -0.72485   0.15830
1076   0.67292  -0.88500  -0.72215   0.16285
1077   0.67355  -0.88681  -0.71943   0.16737
1078   0.67417  -0.88863  -0.71671   0.17192
1079   0.67480  -0.89042  -0.71398   0.17644
1080   0.67542  -0.89219  -0.71123   0.18096
1081   0.67605  -0.89397  -0.70847   0.18551
1082   0.67667  -0.89572  -0.70570   0.19002
1083   0.67730  -0.89747  -0.70291   0.19456
1084   0.67792  -0.89919  -0.70012   0.19907
1085   0.67855  -0.90089  -0.69731   0.20358
1086   0.67917  -0.90261  -0.69449   0.20811
1087   0.67980  -0.90428  -0.69166   0.21262
1088   0.68043  -0.90597  -0.68882   0.21715
1089   0.68105  -0.90762  -0.68597   0.22164
1090   0.68168  -0.90925  -0.68311   0.22614
1091   0.68230  -0.91089  -0.68024   0.23066
1092   0.68293  -0.91250  -0.67735   0.23515
1093   0.68355  -0.91411  -0.67446   0.23965
1094   0.68418  -0.91569  -0.67156   0.24414
1095   0.68480  -0.91725  -0.66864   0.24861
1096   0.68543  -0.91880  -0.66572   0.25309
1097   0.68605  -0.92034  -0.66278   0.25756
1098   0.68668  -0.92188  -0.65984   0.26205
1099   0.68730  -0.92339  -0.65688   0.26651
1100   0.68793  -0.92490  -0.65391   0.27099
1101   0.68856  -0.92638  -0.65094   0.27544
1102   0.68918  -0.92785  -0.64795   0.27989
1103   0.68981  -0.92932  -0.64496   0.28436
1104   0.69043  -0.93075  -0.64195   0.28880
1105   0.69106  -0.93220  -0.63893   0.29326
1106   0.69168  -0.93360  -0.63591   0.29770
1107   0.69231  -0.93502  -0.63287   0.30214
1108   0.69293  -0.93640  -0.62983   0.30657
1109   0.69356  -0.93776  -0.62677   0.31099
1110   0.69418  -0.93913  -0.62371   0.31542
1111   0.69481  -0.94047  -0.62063   0.31983
1112   0.69543  -0.94181  -0.61755   0.32426
1113   0.69606  -0.94311  -0.61446   0.32866
1114   0.69669  -0.94440  -0.61135   0.33305
1115   0.69731  -0.94570  -0.60824   0.33746
1116   0.69794  -0.94696  -0.60512   0.34184
1117   0.69856  -0.94823  -0.60199   0.34624
1118   0.69919  -0.94946  -0.59885   0.35061
1119   0.69981  -0.95068  -0.59570   0.35498
1120   0.70044  -0.95191  -0.59254   0.35936
1121   0.70106  -0.95310  -0.58937   0.36372
1122   0.70169  -0.95429  -0.58620   0.36809
1123   0.70231  -0.95545  -0.58301   0.37244
1124   0.70294  -0.95659  -0.57981   0.37678
1125   0.70356  -0.95774  -0.57661   0.38113
1126   0.70419  -0.95886  -0.57340   0.38546
1127   0.70482  -0.95998  -0.57018   0.38980
1128   0.70544  -0.96106  -0.56694   0.39412
1129   0.70607  -0.96214  -0.56370   0.39843
1130   0.70669  -0.96319  -0.56046   0.40274
1131   0.70732  -0.96424  -0.55720   0.40704
1132   0.70794  -0.96528  -0.55393   0.41135
1133   0.70857  -0.96629  -0.55066   0.41563
1134   0.70919  -0.96731  -0.54738   0.41993
1135   0.70982  -0.96829  -0.54409   0.42421
1136   0.71044  -0.96926  -0.54079   0.42847
1137   0.71107  -0.97023  -0.53748   0.43275
1138   0.71169  -0.97117  -0.53416   0.43700
1139   0.71232  -0.97210  -0.53084   0.44127
1140   0.71295  -0.97301  -0.52751   0.44551
1141   0.71357  -0.97391  -0.52417   0.44974
1142   0.71420  -0.97480  -0.52082   0.45398
1143   0.71482  -0.97566  -0.51746   0.45820
1144   0.71545  -0.97653  -0.51410   0.46243
1145   0.71607  -0.97736  -0.51073   0.46663
1146   0.71670  -0.97818  -0.50735   0.47083
1147   0.71732  -0.97900  -0.50396   0.47504
1148   0.71795  -0.97978  -0.50056   0.47922
1149   0.71857  -0.98057  -0.49716   0.48341
1150   0.71920  -0.98133  -0.49375   0.48758
1151   0.71982  -0.98207  -0.49033   0.49175
1152   0.72045  -0.98281  -0.48690   0.49591
1153   0.72108  -0.98353  -0.48347   0.50006
1154   0.72170  -0.98424  -0.48002   0.50421
1155   0.72233  -0.98492  -0.47657   0.50835
1156   0.72295  -0.98559  -0.47312   0.51247
1157   0.72358  -0.98625  -0.46965   0.51660
1158   0.72420  -0.98689  -0.46618   0.52071
1159   0.72483  -0.98752  -0.46270   0.52482
1160   0.72545  -0.98813  -0.45922   0.52891
1161   0.72608  -0.98872  -0.45572   0.53300
1162   0.72670  -0.98931  -0.45222   0.53709
1163   0.72733  -0.98987  -0.44872   0.54115
1164   0.72795  -0.99043  -0.44520   0.54522
1165   0.72858  -0.99095  -0.44168   0.54926
1166   0.72921  -0.99147  -0.43816   0.55331
1167   0.72983  -0.99198  -0.43463   0.55735
1168   0.73046  -0.99246  -0.43109   0.56137
1169   0.73108  -0.99294  -0.42755   0.56539
1170   0.73171  -0.99340  -0.42400   0.56940
1171   0.73233  -0.99384  -0.42044   0.57340
1172   0.73296  -0.99427  -0.41688   0.57739
1173   0.73358  -0.99468  -0.41332   0.58137
1174   0.73421  -0.99508  -0.40974   0.58534
1175   0.73483  -0.99546  -0.40616   0.58929
1176   0.73546  -0.99583  -0.40258   0.59325
1177   0.73609  -0.99618  -0.39899   0.59719
1178   0.73671  -0.99652  -0.39539   0.60112
1179   0.73734  -0.99683  -0.39179   0.60505
1180   0.73796  -0.99714  -0.38818   0.60896
1181   0.73859  -0.99743  -0.38457   0.61286
1182   0.73921  -0.99770  -0.38094   0.61676
1183   0.73984  -0.99796  -0.37732   0.62064
1184   0.74046  -0.99820  -0.37369   0.62452
1185   0.74109  -0.99843  -0.37005   0.62838
1186   0.74171  -0.99865  -0.36640   0.63224
1187   0.74234  -0.99884  -0.36275   0.63609
1188   0.74296  -0.99902  -0.35909   0.63993
1189   0.74359  -0.99919  -0.35543   0.64376
1190   0.74422  -0.99934  -0.35176   0.64757
1191   0.74484  -0.99947  -0.34809   0.65139
1192   0.74547  -0.99959  -0.34441   0.65519
1193   0.74609  -0.99970  -0.34072   0.65898
1194   0.74672  -0.99979  -0.33703   0.66276
1195   0.74734  -0.99986  -0.33333   0.66653
1196   0.74797  -0.99992  -0.32963   0.67029
1197   0.74859  -0.99996  -0.32592   0.67404
1198   0.74922  -0.99999  -0.32220   0.67778
1199   0.74984  -1.00000  -0.31848   0.68152
1200   0.75047  -1.00000  -0.31476   0.68524
1201   0.75109  -0.99998  -0.31103   0.68895
1202   0.75172  -0.99994  -0.30729   0.69265
1203   0.75235  -0.99989  -0.30355   0.69634
1204   0.75297  -0.99983  -0.29981   0.70002
1205   0.75360  -0.99974  -0.29606   0.70369
1206   0.75422  -0.99965  -0.29230   0.70735
1207   0.75485  -0.99954  -0.28854   0.71100
1208   0.75547  -0.99941  -0.28478   0.71463
1209   0.75610  -0.99927  -0.28101   0.71826
1210   0.75672  -0.99911  -0.27724   0.72187
1211   0.75735  -0.99894  -0.27346   0.72548
1212   0.75797  -0.99875  -0.26968   0.72907
1213   0.75860  -0.99854  -0.26589   0.73265
1214   0.75922  -0.99832  -0.26210   0.73622
1215   0.75985  -0.99809  -0.25831   0.73977
1216   0.76048  -0.99784  -0.25451   0.74332
1217   0.76110  -0.99757  -0.25071   0.74686
1218   0.76173  -0.99729  -0.24691   0.75038
1219   0.76235  -0.99699  -0.24310   0.75389
1220   0.76298  -0.99668  -0.23929   0.75739
1221   0.76360  -0.99635  -0.23547   0.76088
1222   0.76423  -0.99601  -0.23165   0.76436
1223   0.76485  -0.99565  -0.22782   0.76782
1224   0.76548  -0.99528  -0.22400   0.77128
1225   0.76610  -0.99488  -0.22017   0.77472
1226   0.76673  -0.99448  -0.21633   0.77815
1227   0.76735  -0.99406  -0.21249   0.78157
1228   0.76798  -0.99362  -0.20865   0.78497
1229   0.76861  -0.99318  -0.20481   0.78837
1230   0.76923  -0.99271  -0.20096   0.79174
1231   0.76986  -0.99223  -0.19711   0.79512
1232   0.77048  -0.99173  -0.19326   0.79847
1233   0.77111  -0.99122  -0.18940   0.80181
1234   0.77173  -0.99069  -0.18555   0.80515
1235   0.77236  -0.99015  -0.18169   0.80847
1236   0.77298  -0.98960  -0.17782   0.81178
1237   0.77361  -0.98902  -0.17396   0.81506
1238   0.77423  -0.98844  -0.17009   0.81834
1239   0.77486  -0.98783  -0.16622   0.82160
1240   0.77548  -0.98721  -0.16235   0.82486
1241   0.77611  -0.98658  -0.15848   0.82810
1242   0.77674  -0.98593  -0.15460   0.83132
1243   0.77736  -0.98527  -0.15072   0.83454
1244   0.77799  -0.98458  -0.14684   0.83773
1245   0.77861  -0.98389  -0.14296   0.84093
1246   0.77924  -0.98318  -0.13908   0.84410
1247   0.77986  -0.98245  -0.13519   0.84726
1248   0.78049  -0.98171  -0.13131   0.85041
1249   0.78111  -0.98095  -0.12742   0.85353
1250   0.78174  -0.98018  -0.12353   0.85666
1251   0.78236  -0.97940  -0.11963   0.85977
1252   0.78299  -0.97859  -0.11574   0.86286
1253   0.78361  -0.97778  -0.11184   0.86594
1254   0.78424  -0.97694  -0.10794   0.86900
1255   0.78487  -0.97610  -0.10404   0.87206
1256   0.78549  -0.97525  -0.10014   0.87511
1257   0.78612  -0.97436  -0.09624   0.87812
1258   0.78674  -0.97348  -0.09233   0.88114
1259   0.78737  -0.97256  -0.08842   0.88414
1260   0.78799  -0.97164  -0.08452   0.88713
1261   0.78862  -0.97071  -0.08060   0.89011
1262   0.78924  -0.96975  -0.07669   0.89306
1263   0.78987  -0.96879  -0.07278   0.89601
1264   0.79049  -0.96780  -0.06886   0.89894
1265   0.79112  -0.96681  -0.06494   0.90186
1266   0.79174  -0.96580  -0.06103   0.90478
1267   0.79237  -0.96477  -0.05711   0.90766
1268   0.79300  -0.96373  -0.05318   0.91055
1269   0.79362  -0.96268  -0.04926   0.91342
1270   0.79425  -0.96162  -0.04533   0.91628
1271   0.79487  -0.96052  -0.04141   0.91912
1272   0.79550  -0.95943  -0.03748   0.92195
1273   0.79612  -0.95832  -0.03355   0.92477
1274   0.79675  -0.95718  -0.02962   0.92756
1275   0.79737  -0.95604  -0.02569   0.93035
1276   0.79800  -0.95487  -0.02175   0.93312
1277   0.79862  -0.95370  -0.01782   0.93589
1278   0.79925  -0.95252  -0.01388   0.93864
1279   0.79987  -0.95130  -0.00994   0.94136
1280   0.80050  -0.95009  -0.00601   0.94409
1281   0.80113  -0.94885  -0.00207   0.94678
1282   0.80175  -0.94761   0.00187   0.94948
1283   0.80238  -0.94635   0.00581   0.95217
1284   0.80300  -0.94506   0.00976   0.95482
1285   0.80363  -0.94378   0.01370   0.95748
1286   0.80425  -0.94246   0.01764   0.96010
1287   0.80488  -0.94115   0.02158   0.96273
1288   0.80550  -0.93982   0.02553   0.96535
1289   0.80613  -0.93846   0.02947   0.96793
1290   0.80675  -0.93710   0.03341   0.97051
1291   0.80738  -0.93571   0.03736   0.97306
1292   0.80800  -0.93432   0.04130   0.97562
1293   0.80863  -0.93292   0.04524   0.97817
1294   0.80926  -0.93149   0.04919   0.98067
1295   0.80988  -0.93006   0.05313   0.98319
1296   0.81051  -0.92859   0.05707   0.98566
1297   0.81113  -0.92714   0.06101   0.98815
1298   0.81176  -0.92567   0.06495   0.99062
1299   0.81238  -0.92416   0.06889   0.99305
1300   0.81301  -0.92266   0.07283   0.99549
1301   0.81363  -0.92112   0.07676   0.99789
1302   0.81426  -0.91959   0.08070   1.00029
1303   0.81488  -0.91803   0.08463   1.00266
1304   0.81551  -0.91650   0.08857   1.00506
1305   0.81614  -0.91490   0.09250   1.00740
1306   0.81676  -0.91332   0.09643   1.00974
1307   0.81739  -0.91172   0.10035   1.01207
1308   0.81801  -0.91008   0.10428   1.01436
1309   0.81864  -0.90846   0.10820   1.01666
1310   0.81926  -0.90679   0.11212   1.01891
1311   0.81989  -0.90514   0.11604   1.02118
1312   0.82051  -0.90347   0.11995   1.02342
1313   0.82114  -0.90176   0.12387   1.02563
1314   0.82176  -0.90007   0.12778   1.02784
1315   0.82239  -0.89833   0.13168   1.03002
1316   0.82301  -0.89661   0.13559   1.03220
1317   0.82364  -0.89487   0.13949   1.03436
1318   0.82427  -0.89310   0.14339   1.03648
1319   0.82489  -0.89133   0.14728   1.03861
1320   0.82552  -0.88953   0.15117   1.04070
1321   0.82614  -0.88773   0.15506   1.04280
1322   0.82677  -0.88593   0.15895   1.04488
1323   0.82739  -0.88408   0.16283   1.04692
1324   0.82802  -0.88225   0.16671   1.04896
1325   0.82864  -0.88038   0.17059   1.05097
1326   0.82927  -0.87852   0.17447   1.05298
1327   0.82989  -0.87664   0.17834   1.05498
1328   0.83052  -0.87473   0.18221   1.05693
1329   0.83114  -0.87283   0.18607   1.05890
1330   0.83177  -0.87089   0.18993   1.06082
1331   0.83240  -0.86896   0.19379   1.06275
1332   0.83302  -0.86702   0.19765   1.06467
1333   0.83365  -0.86504   0.20150   1.06654
1334   0.83427  -0.86307   0.20536   1.06842
1335   0.83490  -0.86106   0.20920   1.07026
1336   0.83552  -0.85907   0.21305   1.07211
1337   0.83615  -0.85706   0.21689   1.07395
1338   0.83677  -0.85501   0.22073   1.07574
1339   0.83740  -0.85301   0.22456   1.07757
1340   0.83802  -0.85093   0.22840   1.07933
1341   0.83865  -0.84887   0.23222   1.08110
1342   0.83927  -0.84677   0.23605   1.08282
1343   0.83990  -0.84468   0.23987   1.08456
1344   0.84053  -0.84259   0.24369   1.08628
1345   0.84115  -0.84044   0.24750   1.08795
1346   0.84178  -0.83832   0.25131   1.08963
1347   0.84240  -0.83615   0.25512   1.09127
1348   0.84303  -0.83400   0.25892   1.09292
1349   0.84365  -0.83184   0.26271   1.09455
1350   0.84428  -0.82963   0.26651   1.09614
1351   0.84490  -0.82744   0.27029   1.09774
1352   0.84553  -0.82521   0.27408   1.09929
1353   0.84615  -0.82300   0.27785   1.10085
1354   0.84678  -0.82077   0.28163   1.10240
1355   0.84740  -0.81850   0.28540   1.10390
1356   0.84803  -0.81625   0.28916   1.10541
1357   0.84866  -0.81395   0.29292   1.10687
1358   0.84928  -0.81168   0.29668   1.10835
1359   0.84991  -0.80939   0.30043   1.10982
1360   0.85053  -0.80705   0.30418   1.11123
1361   0.85116  -0.80474   0.30792   1.11266
1362   0.85178  -0.80238   0.31166   1.11403
1363   0.85241  -0.80004   0.31539   1.11543
1364   0.85303  -0.79769   0.31912   1.11681
1365   0.85366  -0.79529   0.32284   1.11813
1366   0.85428  -0.79292   0.32656   1.11947
1367   0.85491  -0.79049   0.33027   1.12076
1368   0.85553  -0.78810   0.33398   1.12207
1369   0.85616  -0.78565   0.33768   1.12333
1370   0.85679  -0.78322   0.34138   1.12460
1371   0.85741  -0.78079   0.34507   1.12586
1372   0.85804  -0.77830   0.34876   1.12706
1373   0.85866  -0.77588   0.35244   1.12832
1374   0.85929  -0.77338   0.35611   1.12949
1375   0.85991  -0.77089   0.35978   1.13068
1376   0.86054  -0.76836   0.36345   1.13181
1377   0.86116  -0.76585   0.36711   1.13296
1378   0.86179  -0.76334   0.37076   1.13410
1379   0.86241  -0.76077   0.37441   1.13518
1380   0.86304  -0.75823   0.37805   1.13628
1381   0.86366  -0.75563   0.38168   1.13732
1382   0.86429  -0.75307   0.38531   1.13838
1383   0.86492  -0.75049   0.38894   1.13943
1384   0.86554  -0.74787   0.39255   1.14042
1385   0.86617  -0.74527   0.39617   1.14143
1386   0.86679  -0.74262   0.39977   1.14239
1387   0.86742  -0.73999   0.40337   1.14337
1388   0.86804  -0.73736   0.40696   1.14433
1389   0.86867  -0.73468   0.41055   1.14523
1390   0.86929  -0.73202   0.41413   1.14615
1391   0.86992  -0.72931   0.41771   1.14702
1392   0.87054  -0.72663   0.42128   1.14791
1393   0.87117  -0.72394   0.42484   1.14879
1394   0.87179  -0.72120   0.42840   1.14960
1395   0.87242  -0.71849   0.43195   1.15044
1396   0.87305  -0.71573   0.43550   1.15122
1397   0.87367  -0.71299   0.43904   1.15203
1398   0.87430  -0.71025   0.44257   1.15282
1399   0.87492  -0.70745   0.44609   1.15354
1400   0.87555  -0.70468   0.44961   1.15429
1401   0.87617  -0.70186   0.45312   1.15499
1402   0.87680  -0.69907   0.45663   1.15570
1403   0.87742  -0.69628   0.46012   1.15640
1404   0.87805  -0.69342   0.46362   1.15704
1405   0.87867  -0.69060   0.46710   1.15770
1406   0.87930  -0.68773   0.47058   1.15830
1407   0.87992  -0.68489   0.47404   1.15893
1408   0.88055  -0.68204   0.47751   1.15954
1409   0.88118  -0.67917   0.48096   1.16014
1410   0.88180  -0.67630   0.48441   1.16071
1411   0.88243  -0.67337   0.48785   1.16123
1412   0.88305  -0.67048   0.49129   1.16177
1413   0.88368  -0.66753   0.49472   1.16225
1414   0.88430  -0.66462   0.49814   1.16275
1415   0.88493  -0.66170   0.50155   1.16324
1416   0.88555  -0.65872   0.50495   1.16367
1417   0.88618  -0.65577   0.50835   1.16412
1418   0.88680  -0.65277   0.51174   1.16451
1419   0.88743  -0.64981   0.51512   1.16493
1420   0.88806  -0.64683   0.51849   1.16533
1421   0.88868  -0.64380   0.52186   1.16566
1422   0.88931  -0.64081   0.52521   1.16602
1423   0.88993  -0.63776   0.52856   1.16632
1424   0.89056  -0.63474   0.53190   1.16665
1425   0.89118  -0.63172   0.53523   1.16695
1426   0.89181  -0.62864   0.53856   1.16720
1427   0.89243  -0.62560   0.54187   1.16747
1428   0.89306  -0.62250   0.54517   1.16767
1429   0.89368  -0.61944   0.54847   1.16791
1430   0.89431  -0.61636   0.55176   1.16812
1431   0.89493  -0.61324   0.55503   1.16827
1432   0.89556  -0.61015   0.55830   1.16845
1433   0.89619  -0.60700   0.56156   1.16856
1434   0.89681  -0.60389   0.56481   1.16870
1435   0.89744  -0.60072   0.56805   1.16878
1436   0.89806  -0.59759   0.57129   1.16888
1437   0.89869  -0.59446   0.57451   1.16897
1438   0.89931  -0.59126   0.57773   1.16899
1439   0.89994  -0.58811   0.58093   1.16904
1440   0.90056  -0.58489   0.58413   1.16902
1441   0.90119  -0.58172   0.58732   1.16904
1442   0.90181  -0.57854   0.59050   1.16904
1443   0.90244  -0.57535   0.59367   1.16902
1444   0.90306  -0.57215   0.59683   1.16898
1445   0.90369  -0.56889   0.59998   1.16887
1446   0.90432  -0.56567   0.60312   1.16880
1447   0.90494  -0.56240   0.60626   1.16866
1448   0.90557  -0.55916   0.60938   1.16855
1449   0.90619  -0.55592   0.61250   1.16842
1450   0.90682  -0.55262   0.61560   1.16822
1451   0.90744  -0.54936   0.61870   1.16806
1452   0.90807  -0.54604   0.62179   1.16783
1453   0.90869  -0.54276   0.62486   1.16763
1454   0.90932  -0.53948   0.62793   1.16741
1455   0.90994  -0.53613   0.63099   1.16712
1456   0.91057  -0.53283   0.63403   1.16687
1457   0.91119  -0.52947   0.63707   1.16654
1458   0.91182  -0.52615   0.64010   1.16625
1459   0.91245  -0.52283   0.64311   1.16594
1460   0.91307  -0.51944   0.64612   1.16556
1461   0.91370  -0.51610   0.64912   1.16522
1462   0.91432  -0.51270   0.65210   1.16480
1463   0.91495  -0.50934   0.65508   1.16442
1464   0.91557  -0.50597   0.65805   1.16402
1465   0.91620  -0.50255   0.66101   1.16356
1466   0.91682  -0.49917   0.66395   1.16312
1467   0.91745  -0.49573   0.66689   1.16262
1468   0.91807  -0.49233   0.66982   1.16215
1469   0.91870  -0.48893   0.67274   1.16166
1470   0.91932  -0.48546   0.67565   1.16111
1471   0.91995  -0.48204   0.67854   1.16059
1472   0.92058  -0.47856   0.68143   1.16000
1473   0.92120  -0.47513   0.68431   1.15944
1474   0.92183  -0.47169   0.68718   1.15887
1475   0.92245  -0.46819   0.69004   1.15822
1476   0.92308  -0.46473   0.69289   1.15762
1477   0.92370  -0.46122   0.69572   1.15694
1478   0.92433  -0.45780   0.69855   1.15635
1479   0.92495  -0.45427   0.70136   1.15563
1480   0.92558  -0.45079   0.70417   1.15495
1481   0.92620  -0.44730   0.70696   1.15425
1482   0.92683  -0.44374   0.70974   1.15348
1483   0.92745  -0.44024   0.71251   1.15275
1484   0.92808  -0.43667   0.71526   1.15194
1485   0.92871  -0.43316   0.71801   1.15116
1486   0.92933  -0.42963   0.72074   1.15037
1487   0.92996  -0.42605   0.72346   1.14951
1488   0.93058  -0.42251   0.72617   1.14868
1489   0.93121  -0.41891   0.72887   1.14778
1490   0.93183  -0.41536   0.73155   1.14691
1491   0.93246  -0.41180   0.73422   1.14603
1492   0.93308  -0.40819   0.73689   1.14507
1493   0.93371  -0.40462   0.73953   1.14415
1494   0.93433  -0.40098   0.74217   1.14316
1495   0.93496  -0.39740   0.74480   1.14220
1496   0.93558  -0.39376   0.74741   1.14117
1497   0.93621  -0.39017   0.75001   1.14018
1498   0.93684  -0.38657   0.75260   1.13917
1499   0.93746  -0.38290   0.75518   1.13808
1500   0.93809  -0.37929   0.75774   1.13704
1501   0.93871  -0.37562   0.76030   1.13592
1502   0.93934  -0.37200   0.76284   1.13484
1503   0.93996  -0.36837   0.76537   1.13374
1504   0.94059  -0.36468   0.76789   1.13256
1505   0.94121  -0.36104   0.77039   1.13143
1506   0.94184  -0.35733   0.77289   1.13022
1507   0.94246  -0.35368   0.77537   1.12905
1508   0.94309  -0.35003   0.77784   1.12787
1509   0.94371  -0.34631   0.78030   1.12661
1510   0.94434  -0.34264   0.78274   1.12538
1511   0.94497  -0.33891   0.78518   1.12409
1512   0.94559  -0.33529   0.78760   1.12289
1513   0.94622  -0.33155   0.79001   1.12156
1514   0.94684  -0.32786   0.79241   1.12027
1515   0.94747  -0.32417   0.79480   1.11897
1516   0.94809  -0.32041   0.79717   1.11759
1517   0.94872  -0.31671   0.79954   1.11625
1518   0.94934  -0.31295   0.80189   1.11483
1519   0.94997  -0.30923   0.80423   1.11346
1520   0.95059  -0.30552   0.80655   1.11207
1521   0.95122  -0.30174   0.80887   1.11060
1522   0.95184  -0.29801   0.81117   1.10918
1523   0.95247  -0.29422   0.81346   1.10768
1524   0.95310  -0.29048   0.81574   1.10623
1525   0.95372  -0.28674   0.81801   1.10476
1526   0.95435  -0.28294   0.82027   1.10321
1527   0.95497  -0.27919   0.82251   1.10170
1528   0.95560  -0.27538   0.82474   1.10012
1529   0.95622  -0.27162   0.82696   1.09859
1530   0.95685  -0.26786   0.82917   1.09703
1531   0.95747  -0.26404   0.83137   1.09540
1532   0.95810  -0.26027   0.83355   1.09382
1533   0.95872  -0.25644   0.83572   1.09216
1534   0.95935  -0.25266   0.83788   1.09054
1535   0.95997  -0.24888   0.84002   1.08890
1536   0.96060  -0.24503   0.84216   1.08719
1537   0.96123  -0.24124   0.84427   1.08552
1538   0.96185  -0.23739   0.84638   1.08377
1539   0.96248  -0.23359   0.84847   1.08207
1540   0.96310  -0.22979   0.85055   1.08035
1541   0.96373  -0.22593   0.85262   1.07855
1542   0.96435  -0.22212   0.85467   1.07680
1543   0.96498  -0.21825   0.85671   1.07497
1544   0.96560  -0.21444   0.85874   1.07318
1545   0.96623  -0.21062   0.86075   1.07138
1546   0.96685  -0.20674   0.86275   1.06950
1547   0.96748  -0.20298   0.86474   1.06772
1548   0.96811  -0.19909   0.86671   1.06581
1549   0.96873  -0.19526   0.86868   1.06394
1550   0.96936  -0.19137   0.87062   1.06200
1551   0.96998  -0.18754   0.87256   1.06009
1552   0.97061  -0.18370   0.87448   1.05818
1553   0.97123  -0.17980   0.87639   1.05618
1554   0.97186  -0.17595   0.87828   1.05423
1555   0.97248  -0.17205   0.88016   1.05220
1556   0.97311  -0.16820   0.88202   1.05022
1557   0.97373  -0.16435   0.88387   1.04822
1558   0.97436  -0.16043   0.88571   1.04614
1559   0.97498  -0.15657   0.88753   1.04410
1560   0.97561  -0.15265   0.88934   1.04199
1561   0.97624  -0.14879   0.89113   1.03992
1562   0.97686  -0.14487   0.89291   1.03778
1563   0.97749  -0.14100   0.89467   1.03567
1564   0.97811  -0.13713   0.89642   1.03356
1565   0.97874  -0.13320   0.89816   1.03136
1566   0.97936  -0.12933   0.89988   1.02921
1567   0.97999  -0.12540   0.90158   1.02698
1568   0.98061  -0.12152   0.90327   1.02479
1569   0.98124  -0.11764   0.90495   1.02259
1570   0.98186  -0.11370   0.90661   1.02031
1571   0.98249  -0.10982   0.90826   1.01808
1572   0.98311  -0.10587   0.90990   1.01577
1573   0.98374  -0.10199   0.91151   1.01350
1574   0.98437  -0.09810   0.91312   1.01122
1575   0.98499  -0.09415   0.91471   1.00886
1576   0.98562  -0.09026   0.91628   1.00655
1577   0.98624  -0.08631   0.91785   1.00416
1578   0.98687  -0.08242   0.91939   1.00181
1579   0.98749  -0.07853   0.92092   0.99945
1580   0.98812  -0.07457   0.92244   0.99701
1581   0.98874  -0.07067   0.92395   0.99462
1582   0.98937  -0.06678   0.92543   0.99221
1583   0.98999  -0.06288   0.92691   0.98979
1584   0.99062  -0.05892   0.92837   0.98729
1585   0.99124  -0.05502   0.92981   0.98483
1586   0.99187  -0.05112   0.93125   0.98236
1587   0.99250  -0.04716   0.93266   0.97982
1588   0.99312  -0.04325   0.93406   0.97732
1589   0.99375  -0.03929   0.93545   0.97474
1590   0.99437  -0.03539   0.93682   0.97221
1591   0.99500  -0.03148   0.93818   0.96967
1592   0.99562  -0.02752   0.93953   0.96704
1593   0.99625  -0.02361   0.94086   0.96447
1594   0.99687  -0.01965   0.94217   0.96182
1595   0.99750  -0.01574   0.94347   0.95921
1596   0.99812  -0.01183   0.94476   0.95659
1597   0.99875  -0.00787   0.94603   0.95390
1598   0.99937  -0.00396   0.94729   0.95125
1599   1.00000   0.00001   0.94853   0.94852
 
