 i       X     FEXACT   FI_LAXW   ERR_LAXW
  0  -1.00000   0.00000    0.025752    0.025752
  1  -0.99499   0.05013    0.058591    0.008466
  2  -0.98997   0.10025    0.097669    0.002581
  3  -0.98496   0.15038    0.141523    0.008852
  4  -0.97995   0.20050    0.188858    0.011642
  5  -0.97494   0.25063    0.238393    0.012234
  6  -0.96992   0.30075    0.288685    0.012067
  7  -0.96491   0.35088    0.338234    0.012643
  8  -0.95990   0.40100    0.385971    0.015032
  9  -0.95489   0.45113    0.431937    0.019191
 10  -0.94987   0.50125    0.477667    0.023587
 11  -0.94486   0.55138    0.525857    0.025522
 12  -0.93985   0.60150    0.579252    0.022252
 13  -0.93484   0.65163    0.639159    0.012470
 14  -0.92982   0.70175    0.704298    0.002544
 15  -0.92481   0.75188    0.770607    0.018728
 16  -0.91980   0.80200    0.832137    0.030133
 17  -0.91479   0.85213    0.882687    0.030557
 18  -0.90977   0.90226    0.917462    0.015206
 19  -0.90476   0.95238    0.934129    0.018252
 20  -0.89975   0.99749    0.932976    0.064517
 21  -0.89474   0.94737    0.916287    0.031080
 22  -0.88972   0.89724    0.887348    0.009895
 23  -0.88471   0.84712    0.849537    0.002420
 24  -0.87970   0.79699    0.805793    0.008801
 25  -0.87469   0.74687    0.758478    0.011611
 26  -0.86967   0.69674    0.709461    0.012719
 27  -0.86466   0.64662    0.660174    0.013557
 28  -0.85965   0.59649    0.611500    0.015008
 29  -0.85464   0.54637    0.563565    0.017199
 30  -0.84962   0.49624    0.515643    0.019403
 31  -0.84461   0.44612    0.466396    0.020281
 32  -0.83960   0.39599    0.414480    0.018490
 33  -0.83459   0.34587    0.359300    0.013435
 34  -0.82957   0.29574    0.301570    0.005831
 35  -0.82456   0.24561    0.243385    0.002229
 36  -0.81955   0.19549    0.187745    0.007744
 37  -0.81454   0.14536    0.137734    0.007630
 38  -0.80952   0.09524    0.095705    0.000467
 39  -0.80451   0.04511    0.062775    0.017662
 40  -0.79950   0.00000    0.038758    0.038758
 41  -0.79449   0.00000    0.022469    0.022469
 42  -0.78947   0.00000    0.012201    0.012201
 43  -0.78446   0.00000    0.006192    0.006192
 44  -0.77945   0.00000    0.002930    0.002930
 45  -0.77444   0.00000    0.001289    0.001289
 46  -0.76942   0.00000    0.000527    0.000527
 47  -0.76441   0.00000    0.000201    0.000201
 48  -0.75940   0.00000    0.000072    0.000072
 49  -0.75439   0.00000    0.000021    0.000021
 50  -0.74937   0.00000   -0.000002    0.000002
 51  -0.74436   0.00000   -0.000011    0.000011
 52  -0.73935   0.00000   -0.000002    0.000002
 53  -0.73434   0.00000    0.000028    0.000028
 54  -0.72932   0.00000    0.000060    0.000060
 55  -0.72431   0.00000    0.000045    0.000045
 56  -0.71930   0.00000   -0.000059    0.000059
 57  -0.71429   0.00000   -0.000219    0.000219
 58  -0.70927   0.00000   -0.000284    0.000284
 59  -0.70426   0.00000   -0.000055    0.000055
 60  -0.69925   0.00000    0.000520    0.000520
 61  -0.69424   0.00000    0.001132    0.001132
 62  -0.68922   0.00000    0.001120    0.001120
 63  -0.68421   0.00000   -0.000131    0.000131
 64  -0.67920   0.00000   -0.002514    0.002514
 65  -0.67419   0.00000   -0.004733    0.004733
 66  -0.66917   0.00000   -0.004614    0.004614
 67  -0.66416   0.00000   -0.000375    0.000375
 68  -0.65915   0.00000    0.007695    0.007695
 69  -0.65414   0.00000    0.016268    0.016268
 70  -0.64912   0.00000    0.019732    0.019732
 71  -0.64411   0.00000    0.012735    0.012735
 72  -0.63910   0.00000   -0.006585    0.006585
 73  -0.63409   0.00000   -0.034441    0.034441
 74  -0.62907   0.00000   -0.061657    0.061657
 75  -0.62406   0.00000   -0.076446    0.076446
 76  -0.61905   0.00000   -0.068435    0.068435
 77  -0.61404   0.00000   -0.032107    0.032107
 78  -0.60902   0.00000    0.031772    0.031772
 79  -0.60401   0.00000    0.117048    0.117048
 80  -0.59900   0.14124    0.214643    0.073399
 81  -0.59398   0.34159    0.315340    0.026249
 82  -0.58897   0.45650    0.411839    0.044659
 83  -0.58396   0.54321    0.499641    0.043565
 84  -0.57895   0.61379    0.576886    0.036899
 85  -0.57393   0.67332    0.643607    0.029717
 86  -0.56892   0.72455    0.700864    0.023685
 87  -0.56391   0.76913    0.750065    0.019061
 88  -0.55890   0.80815    0.792548    0.015605
 89  -0.55388   0.84240    0.829414    0.012989
 90  -0.54887   0.87244    0.861494    0.010945
 91  -0.54386   0.89868    0.889400    0.009283
 92  -0.53885   0.92146    0.913585    0.007876
 93  -0.53383   0.94102    0.934397    0.006624
 94  -0.52882   0.95756    0.952106    0.005458
 95  -0.52381   0.97124    0.966893    0.004348
 96  -0.51880   0.98217    0.978842    0.003332
 97  -0.51378   0.99045    0.987969    0.002485
 98  -0.50877   0.99615    0.994314    0.001831
 99  -0.50376   0.99929    0.998061    0.001232
100  -0.49875   0.99992    0.999559    0.000362
101  -0.49373   0.99804    0.999139    0.001104
102  -0.48872   0.99362    0.996757    0.003137
103  -0.48371   0.98664    0.991714    0.005073
104  -0.47870   0.97705    0.982803    0.005758
105  -0.47368   0.96475    0.969040    0.004288
106  -0.46867   0.94966    0.950682    0.001022
107  -0.46366   0.93163    0.929800    0.001830
108  -0.45865   0.91049    0.909701    0.000787
109  -0.45363   0.88601    0.893097    0.007083
110  -0.44862   0.85792    0.879821    0.021901
111  -0.44361   0.82584    0.865476    0.039640
112  -0.43860   0.78928    0.842109    0.052830
113  -0.43358   0.74759    0.800963    0.053373
114  -0.42857   0.69985    0.736132    0.036277
115  -0.42356   0.64473    0.647369    0.002639
116  -0.41855   0.58011    0.540687    0.039426
117  -0.41353   0.50236    0.426554    0.075802
118  -0.40852   0.40394    0.316627    0.087310
119  -0.40351   0.26257    0.220514    0.042059
120  -0.39850   0.00000    0.143779    0.143779
121  -0.39348   0.00000    0.087604    0.087604
122  -0.38847   0.00000    0.049795    0.049795
123  -0.38346   0.00000    0.026359    0.026359
124  -0.37845   0.00000    0.012971    0.012971
125  -0.37343   0.00000    0.005920    0.005920
126  -0.36842   0.00000    0.002501    0.002501
127  -0.36341   0.00000    0.000975    0.000975
128  -0.35840   0.00000    0.000350    0.000350
129  -0.35338   0.00000    0.000115    0.000115
130  -0.34837   0.00000    0.000034    0.000034
131  -0.34336   0.00000    0.000009    0.000009
132  -0.33835   0.00000    0.000002    0.000002
133  -0.33333   0.00000    0.000001    0.000001
134  -0.32832   0.00000    0.000000    0.000000
135  -0.32331   0.00000    0.000000    0.000000
136  -0.31830   0.00000    0.000000    0.000000
137  -0.31328   0.00000    0.000000    0.000000
138  -0.30827   0.00000    0.000000    0.000000
139  -0.30326   0.00000    0.000000    0.000000
140  -0.29825   0.00000    0.000000    0.000000
141  -0.29323   0.00000    0.000000    0.000000
142  -0.28822   0.00000    0.000000    0.000000
143  -0.28321   0.00000    0.000000    0.000000
144  -0.27820   0.00000   -0.000000    0.000000
145  -0.27318   0.00000   -0.000000    0.000000
146  -0.26817   0.00000    0.000000    0.000000
147  -0.26316   0.00000    0.000000    0.000000
148  -0.25815   0.00000    0.000000    0.000000
149  -0.25313   0.00000   -0.000000    0.000000
150  -0.24812   0.00000   -0.000000    0.000000
151  -0.24311   0.00000    0.000000    0.000000
152  -0.23810   0.00000    0.000000    0.000000
153  -0.23308   0.00000    0.000000    0.000000
154  -0.22807   0.00000   -0.000000    0.000000
155  -0.22306   0.00000   -0.000000    0.000000
156  -0.21805   0.00000    0.000000    0.000000
157  -0.21303   0.00000    0.000000    0.000000
158  -0.20802   0.00000    0.000000    0.000000
159  -0.20301   0.00000   -0.000000    0.000000
160  -0.19800   0.00000   -0.000000    0.000000
161  -0.19298   0.00000    0.000000    0.000000
162  -0.18797   0.00000    0.000000    0.000000
163  -0.18296   0.00000    0.000000    0.000000
164  -0.17794   0.00000   -0.000000    0.000000
165  -0.17293   0.00000   -0.000000    0.000000
166  -0.16792   0.00000    0.000000    0.000000
167  -0.16291   0.00000    0.000000    0.000000
168  -0.15789   0.00000    0.000000    0.000000
169  -0.15288   0.00000   -0.000000    0.000000
170  -0.14787   0.00000   -0.000000    0.000000
171  -0.14286   0.00000    0.000000    0.000000
172  -0.13784   0.00000    0.000000    0.000000
173  -0.13283   0.00000    0.000000    0.000000
174  -0.12782   0.00000   -0.000000    0.000000
175  -0.12281   0.00000   -0.000000    0.000000
176  -0.11779   0.00000   -0.000000    0.000000
177  -0.11278   0.00000    0.000000    0.000000
178  -0.10777   0.00000    0.000000    0.000000
179  -0.10276   0.00000   -0.000000    0.000000
180  -0.09774   0.00000   -0.000000    0.000000
181  -0.09273   0.00000   -0.000000    0.000000
182  -0.08772   0.00000    0.000000    0.000000
183  -0.08271   0.00000    0.000000    0.000000
184  -0.07769   0.00000    0.000000    0.000000
185  -0.07268   0.00000   -0.000000    0.000000
186  -0.06767   0.00000   -0.000000    0.000000
187  -0.06266   0.00000   -0.000000    0.000000
188  -0.05764   0.00000    0.000000    0.000000
189  -0.05263   0.00000    0.000000    0.000000
190  -0.04762   0.00000    0.000000    0.000000
191  -0.04261   0.00000   -0.000000    0.000000
192  -0.03759   0.00000   -0.000000    0.000000
193  -0.03258   0.00000    0.000000    0.000000
194  -0.02757   0.00000    0.000000    0.000000
195  -0.02256   0.00000    0.000000    0.000000
196  -0.01754   0.00000   -0.000000    0.000000
197  -0.01253   0.00000   -0.000000    0.000000
198  -0.00752   0.00000   -0.000000    0.000000
199  -0.00251   0.00000    0.000000    0.000000
200   0.00251   0.00000    0.000000    0.000000
201   0.00752   0.00000    0.000000    0.000000
202   0.01253   0.00000   -0.000000    0.000000
203   0.01754   0.00000   -0.000000    0.000000
204   0.02256   0.00000   -0.000000    0.000000
205   0.02757   0.00000   -0.000000    0.000000
206   0.03258   0.00000    0.000000    0.000000
207   0.03759   0.00000    0.000000    0.000000
208   0.04261   0.00000    0.000000    0.000000
209   0.04762   0.00000   -0.000000    0.000000
210   0.05263   0.00000   -0.000000    0.000000
211   0.05764   0.00000   -0.000000    0.000000
212   0.06266   0.00000    0.000000    0.000000
213   0.06767   0.00000    0.000000    0.000000
214   0.07268   0.00000    0.000000    0.000000
215   0.07769   0.00000    0.000000    0.000000
216   0.08271   0.00000   -0.000000    0.000000
217   0.08772   0.00000   -0.000000    0.000000
218   0.09273   0.00000   -0.000000    0.000000
219   0.09774   0.00000    0.000000    0.000000
220   0.10276   0.00000    0.000001    0.000001
221   0.10777   0.00000    0.000002    0.000002
222   0.11278   0.00000    0.000001    0.000001
223   0.11779   0.00000   -0.000001    0.000001
224   0.12281   0.00000   -0.000004    0.000004
225   0.12782   0.00000   -0.000006    0.000006
226   0.13283   0.00000   -0.000005    0.000005
227   0.13784   0.00000    0.000001    0.000001
228   0.14286   0.00000    0.000009    0.000009
229   0.14787   0.00000    0.000016    0.000016
230   0.15288   0.00000    0.000016    0.000016
231   0.15789   0.00000    0.000006    0.000006
232   0.16291   0.00000   -0.000010    0.000010
233   0.16792   0.00000   -0.000022    0.000022
234   0.17293   0.00000   -0.000016    0.000016
235   0.17794   0.00000    0.000021    0.000021
236   0.18296   0.00000    0.000085    0.000085
237   0.18797   0.00000    0.000137    0.000137
238   0.19298   0.00000    0.000093    0.000093
239   0.19799   0.00000   -0.000182    0.000182
240   0.20301   0.00071   -0.000844    0.001558
241   0.20802   0.00148   -0.001991    0.003471
242   0.21303   0.00295   -0.003523    0.006476
243   0.21805   0.00567   -0.004949    0.010617
244   0.22306   0.01047   -0.005165    0.015633
245   0.22807   0.01860   -0.002274    0.020871
246   0.23308   0.03179    0.006485    0.025301
247   0.23810   0.05227    0.024596    0.027670
248   0.24311   0.08268    0.055882    0.026796
249   0.24812   0.12582    0.103871    0.021950
250   0.25313   0.18421    0.170991    0.013217
251   0.25815   0.25945    0.257764    0.001688
252   0.26316   0.35156    0.362164    0.010605
253   0.26817   0.45828    0.479366    0.021083
254   0.27318   0.57472    0.601974    0.027250
255   0.27820   0.69339    0.720781    0.027392
256   0.28321   0.80480    0.825929    0.021131
257   0.28822   0.89865    0.908280    0.009633
258   0.29323   0.96535    0.960726    0.004622
259   0.29825   0.99763    0.979167    0.018465
260   0.30326   0.99186    0.963004    0.028854
261   0.30827   0.94868    0.915042    0.033639
262   0.31328   0.87294    0.840893    0.032045
263   0.31830   0.77275    0.748004    0.024746
264   0.32331   0.65809    0.644544    0.013549
265   0.32832   0.53917    0.538348    0.000824
266   0.33333   0.42497    0.436091    0.011121
267   0.33835   0.32224    0.342771    0.020529
268   0.34336   0.23507    0.261537    0.026467
269   0.34837   0.16497    0.193794    0.028823
270   0.35338   0.11138    0.139501    0.028120
271   0.35840   0.07234    0.097584    0.025240
272   0.36341   0.04520    0.066349    0.021145
273   0.36842   0.02717    0.043849    0.016675
274   0.37343   0.01572    0.028160    0.012445
275   0.37845   0.00874    0.017562    0.008818
276   0.38346   0.00468    0.010623    0.005943
277   0.38847   0.00241    0.006220    0.003810
278   0.39348   0.00119    0.003517    0.002323
279   0.39850   0.00057    0.001914    0.001346
280   0.40351   0.00000    0.000999    0.000999
281   0.40852   0.00000    0.000498    0.000498
282   0.41353   0.00000    0.000236    0.000236
283   0.41855   0.00000    0.000105    0.000105
284   0.42356   0.00000    0.000044    0.000044
285   0.42857   0.00000    0.000020    0.000020
286   0.43358   0.00000    0.000013    0.000013
287   0.43860   0.00000    0.000007    0.000007
288   0.44361   0.00000   -0.000008    0.000008
289   0.44862   0.00000   -0.000030    0.000030
290   0.45363   0.00000   -0.000032    0.000032
291   0.45865   0.00000    0.000019    0.000019
292   0.46366   0.00000    0.000118    0.000118
293   0.46867   0.00000    0.000174    0.000174
294   0.47368   0.00000    0.000040    0.000040
295   0.47870   0.00000   -0.000340    0.000340
296   0.48371   0.00000   -0.000738    0.000738
297   0.48872   0.00000   -0.000630    0.000630
298   0.49373   0.00000    0.000444    0.000444
299   0.49875   0.00000    0.002224    0.002224
300   0.50376   0.00000    0.003339    0.003339
301   0.50877   0.00000    0.001832    0.001832
302   0.51378   0.00000   -0.003220    0.003220
303   0.51880   0.00000   -0.009908    0.009908
304   0.52381   0.00000   -0.013179    0.013179
305   0.52882   0.00000   -0.007246    0.007246
306   0.53383   0.00000    0.009901    0.009901
307   0.53885   0.00000    0.032627    0.032627
308   0.54386   0.00000    0.047786    0.047786
309   0.54887   0.00000    0.040292    0.040292
310   0.55388   0.00000    0.002008    0.002008
311   0.55890   0.00000   -0.060978    0.060978
312   0.56391   0.00000   -0.127447    0.127447
313   0.56892   0.00000   -0.167894    0.167894
314   0.57393   0.00000   -0.156049    0.156049
315   0.57895   0.00000   -0.079338    0.079338
316   0.58396   0.00000    0.056685    0.056685
317   0.58897   0.00000    0.231418    0.231418
318   0.59398   0.00000    0.417476    0.417476
319   0.59900   0.00000    0.589794    0.589794
320   0.60401   1.00000    0.731840    0.268160
321   0.60902   1.00000    0.837388    0.162612
322   0.61404   1.00000    0.908615    0.091385
323   0.61905   1.00000    0.952461    0.047539
324   0.62406   1.00000    0.977142    0.022858
325   0.62907   1.00000    0.989858    0.010142
326   0.63409   1.00000    0.995854    0.004146
327   0.63910   1.00000    0.998444    0.001556
328   0.64411   1.00000    0.999478    0.000522
329   0.64912   1.00000    0.999864    0.000136
330   0.65414   1.00000    0.999985    0.000015
331   0.65915   1.00000    0.999969    0.000031
332   0.66416   1.00000    0.999879    0.000121
333   0.66917   1.00000    0.999825    0.000175
334   0.67419   1.00000    0.999960    0.000040
335   0.67920   1.00000    1.000340    0.000340
336   0.68421   1.00000    1.000738    0.000738
337   0.68922   1.00000    1.000629    0.000629
338   0.69424   1.00000    0.999556    0.000444
339   0.69925   1.00000    0.997776    0.002224
340   0.70426   1.00000    0.996661    0.003339
341   0.70927   1.00000    0.998168    0.001832
342   0.71429   1.00000    1.003220    0.003220
343   0.71930   1.00000    1.009908    0.009908
344   0.72431   1.00000    1.013179    0.013179
345   0.72932   1.00000    1.007246    0.007246
346   0.73434   1.00000    0.990099    0.009901
347   0.73935   1.00000    0.967373    0.032627
348   0.74436   1.00000    0.952214    0.047786
349   0.74937   1.00000    0.959708    0.040292
350   0.75439   1.00000    0.997992    0.002008
351   0.75940   1.00000    1.060978    0.060978
352   0.76441   1.00000    1.127447    0.127447
353   0.76942   1.00000    1.167894    0.167894
354   0.77444   1.00000    1.156049    0.156049
355   0.77945   1.00000    1.079338    0.079338
356   0.78446   1.00000    0.943316    0.056684
357   0.78947   1.00000    0.768582    0.231418
358   0.79449   1.00000    0.582524    0.417476
359   0.79950   1.00000    0.410206    0.589794
360   0.80451   0.00000    0.268160    0.268160
361   0.80952   0.00000    0.162612    0.162612
362   0.81454   0.00000    0.091386    0.091386
363   0.81955   0.00000    0.047540    0.047540
364   0.82456   0.00000    0.022858    0.022858
365   0.82957   0.00000    0.010139    0.010139
366   0.83459   0.00000    0.004139    0.004139
367   0.83960   0.00000    0.001551    0.001551
368   0.84461   0.00000    0.000531    0.000531
369   0.84962   0.00000    0.000165    0.000165
370   0.85464   0.00000    0.000045    0.000045
371   0.85965   0.00000    0.000009    0.000009
372   0.86466   0.00000    0.000004    0.000004
373   0.86967   0.00000    0.000009    0.000009
374   0.87469   0.00000    0.000014    0.000014
375   0.87970   0.00000    0.000006    0.000006
376   0.88471   0.00000   -0.000021    0.000021
377   0.88972   0.00000   -0.000055    0.000055
378   0.89474   0.00000   -0.000060    0.000060
379   0.89975   0.00000    0.000007    0.000007
380   0.90476   0.00000    0.000146    0.000146
381   0.90977   0.00000    0.000276    0.000276
382   0.91479   0.00000    0.000241    0.000241
383   0.91980   0.00000   -0.000088    0.000088
384   0.92481   0.00000   -0.000666    0.000666
385   0.92982   0.00000   -0.001178    0.001178
386   0.93484   0.00000   -0.001112    0.001112
387   0.93985   0.00000   -0.000047    0.000047
388   0.94486   0.00000    0.001969    0.001969
389   0.94987   0.00000    0.004178    0.004178
390   0.95489   0.00000    0.005242    0.005242
391   0.95990   0.00000    0.003764    0.003764
392   0.96491   0.00000   -0.000966    0.000966
393   0.96992   0.00000   -0.008383    0.008383
394   0.97494   0.00000   -0.016512    0.016512
395   0.97995   0.00000   -0.022394    0.022394
396   0.98496   0.00000   -0.022906    0.022906
397   0.98997   0.00000   -0.015617    0.015617
398   0.99499   0.00000    0.000650    0.000650
399   1.00000   0.00000    0.025752    0.025752
 
