 i       X     FEXACT   FI_LAXF   ERR_LAXF
   0  -1.00000   0.00000    0.261739    0.261739
   1  -0.99499   0.00000    0.261732    0.261732
   2  -0.98997   0.00000    0.261736    0.261736
   3  -0.98496   0.00000    0.261724    0.261724
   4  -0.97995   0.00000    0.261732    0.261732
   5  -0.97494   0.00000    0.261716    0.261716
   6  -0.96992   0.00000    0.261727    0.261727
   7  -0.96491   0.00000    0.261706    0.261706
   8  -0.95990   0.00000    0.261721    0.261721
   9  -0.95489   0.00000    0.261696    0.261696
  10  -0.94987   0.00000    0.261714    0.261714
  11  -0.94486   0.00000    0.261685    0.261685
  12  -0.93985   0.00000    0.261706    0.261706
  13  -0.93484   0.00000    0.261672    0.261672
  14  -0.92982   0.00000    0.261697    0.261697
  15  -0.92481   0.00000    0.261659    0.261659
  16  -0.91980   0.00000    0.261687    0.261687
  17  -0.91479   0.00000    0.261644    0.261644
  18  -0.90977   0.00000    0.261676    0.261676
  19  -0.90476   0.00000    0.261629    0.261629
  20  -0.89975   0.00000    0.261664    0.261664
  21  -0.89474   0.00000    0.261612    0.261612
  22  -0.88972   0.00000    0.261651    0.261651
  23  -0.88471   0.00000    0.261595    0.261595
  24  -0.87970   0.00000    0.261638    0.261638
  25  -0.87469   0.00000    0.261577    0.261577
  26  -0.86967   0.00000    0.261623    0.261623
  27  -0.86466   0.00000    0.261558    0.261558
  28  -0.85965   0.00000    0.261607    0.261607
  29  -0.85464   0.00000    0.261538    0.261538
  30  -0.84962   0.00000    0.261591    0.261591
  31  -0.84461   0.00000    0.261517    0.261517
  32  -0.83960   0.00000    0.261574    0.261574
  33  -0.83459   0.00000    0.261496    0.261496
  34  -0.82957   0.00000    0.261555    0.261555
  35  -0.82456   0.00000    0.261474    0.261474
  36  -0.81955   0.00000    0.261537    0.261537
  37  -0.81454   0.00000    0.261450    0.261450
  38  -0.80952   0.00000    0.261517    0.261517
  39  -0.80451   0.00000    0.261427    0.261427
  40  -0.79950   0.00049    0.261497    0.261008
  41  -0.79449   0.00103    0.261402    0.260371
  42  -0.78947   0.00210    0.261476    0.259380
  43  -0.78446   0.00410    0.261377    0.257279
  44  -0.77945   0.00777    0.261454    0.253686
  45  -0.77444   0.01406    0.261351    0.247296
  46  -0.76942   0.02447    0.261431    0.236963
  47  -0.76441   0.04098    0.261324    0.220340
  48  -0.75940   0.06605    0.261408    0.195359
  49  -0.75439   0.10241    0.261297    0.158883
  50  -0.74937   0.15279    0.261384    0.108594
  51  -0.74436   0.21932    0.261269    0.041951
  52  -0.73935   0.30402    0.261360    0.042663
  53  -0.73434   0.40380    0.261241    0.142562
  54  -0.72932   0.51603    0.261335    0.254696
  55  -0.72431   0.63449    0.261213    0.373279
  56  -0.71930   0.75062    0.261310    0.489308
  57  -0.71429   0.85439    0.261184    0.593205
  58  -0.70927   0.93570    0.261284    0.674414
  59  -0.70426   0.98596    0.261155    0.724805
  60  -0.69925   0.99953    0.261259    0.738271
  61  -0.69424   0.97455    0.261126    0.713419
  62  -0.68922   0.91422    0.261233    0.652989
  63  -0.68421   0.82517    0.261097    0.564075
  64  -0.67920   0.71661    0.261207    0.455400
  65  -0.67419   0.59877    0.261068    0.337703
  66  -0.66917   0.48138    0.261181    0.220194
  67  -0.66416   0.37235    0.261039    0.111311
  68  -0.65915   0.27605    0.261155    0.014898
  69  -0.65414   0.19758    0.261009    0.063430
  70  -0.64912   0.13606    0.261129    0.125068
  71  -0.64411   0.09015    0.260980    0.170829
  72  -0.63910   0.05747    0.261103    0.203632
  73  -0.63409   0.03525    0.260951    0.225700
  74  -0.62907   0.02080    0.261077    0.240273
  75  -0.62406   0.01181    0.260922    0.249109
  76  -0.61905   0.00640    0.261051    0.254646
  77  -0.61404   0.00337    0.260893    0.257528
  78  -0.60902   0.00170    0.261024    0.259323
  79  -0.60401   0.00083    0.260863    0.260036
  80  -0.59900   0.00000    0.260998    0.260998
  81  -0.59398   0.00000    0.260834    0.260834
  82  -0.58897   0.00000    0.260971    0.260971
  83  -0.58396   0.00000    0.260805    0.260805
  84  -0.57895   0.00000    0.260945    0.260945
  85  -0.57393   0.00000    0.260776    0.260776
  86  -0.56892   0.00000    0.260918    0.260918
  87  -0.56391   0.00000    0.260746    0.260746
  88  -0.55890   0.00000    0.260891    0.260891
  89  -0.55388   0.00000    0.260717    0.260717
  90  -0.54887   0.00000    0.260865    0.260865
  91  -0.54386   0.00000    0.260688    0.260688
  92  -0.53885   0.00000    0.260838    0.260838
  93  -0.53383   0.00000    0.260659    0.260659
  94  -0.52882   0.00000    0.260812    0.260812
  95  -0.52381   0.00000    0.260629    0.260629
  96  -0.51880   0.00000    0.260785    0.260785
  97  -0.51378   0.00000    0.260600    0.260600
  98  -0.50877   0.00000    0.260759    0.260759
  99  -0.50376   0.00000    0.260571    0.260571
 100  -0.49875   0.00000    0.260732    0.260732
 101  -0.49373   0.00000    0.260542    0.260542
 102  -0.48872   0.00000    0.260706    0.260706
 103  -0.48371   0.00000    0.260513    0.260513
 104  -0.47870   0.00000    0.260679    0.260679
 105  -0.47368   0.00000    0.260483    0.260483
 106  -0.46867   0.00000    0.260653    0.260653
 107  -0.46366   0.00000    0.260454    0.260454
 108  -0.45865   0.00000    0.260626    0.260626
 109  -0.45363   0.00000    0.260425    0.260425
 110  -0.44862   0.00000    0.260600    0.260600
 111  -0.44361   0.00000    0.260395    0.260395
 112  -0.43860   0.00000    0.260573    0.260573
 113  -0.43358   0.00000    0.260366    0.260366
 114  -0.42857   0.00000    0.260546    0.260546
 115  -0.42356   0.00000    0.260337    0.260337
 116  -0.41855   0.00000    0.260520    0.260520
 117  -0.41353   0.00000    0.260308    0.260308
 118  -0.40852   0.00000    0.260493    0.260493
 119  -0.40351   0.00000    0.260279    0.260279
 120  -0.39850   1.00000    0.260467    0.739533
 121  -0.39348   1.00000    0.260250    0.739750
 122  -0.38847   1.00000    0.260441    0.739559
 123  -0.38346   1.00000    0.260222    0.739778
 124  -0.37845   1.00000    0.260415    0.739585
 125  -0.37343   1.00000    0.260194    0.739806
 126  -0.36842   1.00000    0.260389    0.739611
 127  -0.36341   1.00000    0.260166    0.739834
 128  -0.35840   1.00000    0.260364    0.739636
 129  -0.35338   1.00000    0.260139    0.739861
 130  -0.34837   1.00000    0.260339    0.739661
 131  -0.34336   1.00000    0.260112    0.739888
 132  -0.33835   1.00000    0.260315    0.739685
 133  -0.33333   1.00000    0.260085    0.739915
 134  -0.32832   1.00000    0.260290    0.739710
 135  -0.32331   1.00000    0.260059    0.739941
 136  -0.31830   1.00000    0.260267    0.739733
 137  -0.31328   1.00000    0.260034    0.739966
 138  -0.30827   1.00000    0.260243    0.739757
 139  -0.30326   1.00000    0.260009    0.739991
 140  -0.29825   1.00000    0.260221    0.739779
 141  -0.29323   1.00000    0.259985    0.740015
 142  -0.28822   1.00000    0.260198    0.739802
 143  -0.28321   1.00000    0.259961    0.740039
 144  -0.27820   1.00000    0.260177    0.739823
 145  -0.27318   1.00000    0.259939    0.740062
 146  -0.26817   1.00000    0.260156    0.739844
 147  -0.26316   1.00000    0.259916    0.740084
 148  -0.25815   1.00000    0.260136    0.739864
 149  -0.25313   1.00000    0.259895    0.740105
 150  -0.24812   1.00000    0.260117    0.739883
 151  -0.24311   1.00000    0.259875    0.740125
 152  -0.23810   1.00000    0.260098    0.739902
 153  -0.23308   1.00000    0.259855    0.740145
 154  -0.22807   1.00000    0.260080    0.739920
 155  -0.22306   1.00000    0.259836    0.740164
 156  -0.21805   1.00000    0.260062    0.739938
 157  -0.21303   1.00000    0.259818    0.740182
 158  -0.20802   1.00000    0.260046    0.739954
 159  -0.20301   1.00000    0.259801    0.740199
 160  -0.19800   0.00000    0.260030    0.260030
 161  -0.19298   0.00000    0.259785    0.259785
 162  -0.18797   0.00000    0.260016    0.260016
 163  -0.18296   0.00000    0.259769    0.259769
 164  -0.17794   0.00000    0.260002    0.260002
 165  -0.17293   0.00000    0.259755    0.259755
 166  -0.16792   0.00000    0.259989    0.259989
 167  -0.16291   0.00000    0.259742    0.259742
 168  -0.15789   0.00000    0.259977    0.259977
 169  -0.15288   0.00000    0.259730    0.259730
 170  -0.14787   0.00000    0.259966    0.259966
 171  -0.14286   0.00000    0.259719    0.259719
 172  -0.13784   0.00000    0.259956    0.259956
 173  -0.13283   0.00000    0.259708    0.259708
 174  -0.12782   0.00000    0.259947    0.259947
 175  -0.12281   0.00000    0.259699    0.259699
 176  -0.11779   0.00000    0.259939    0.259939
 177  -0.11278   0.00000    0.259691    0.259691
 178  -0.10777   0.00000    0.259931    0.259931
 179  -0.10276   0.00000    0.259684    0.259684
 180  -0.09774   0.00000    0.259925    0.259925
 181  -0.09273   0.00000    0.259678    0.259678
 182  -0.08772   0.00000    0.259920    0.259920
 183  -0.08271   0.00000    0.259673    0.259673
 184  -0.07769   0.00000    0.259916    0.259916
 185  -0.07268   0.00000    0.259669    0.259669
 186  -0.06767   0.00000    0.259913    0.259913
 187  -0.06266   0.00000    0.259666    0.259666
 188  -0.05764   0.00000    0.259911    0.259911
 189  -0.05263   0.00000    0.259664    0.259664
 190  -0.04762   0.00000    0.259910    0.259910
 191  -0.04261   0.00000    0.259663    0.259663
 192  -0.03759   0.00000    0.259910    0.259910
 193  -0.03258   0.00000    0.259664    0.259664
 194  -0.02757   0.00000    0.259911    0.259911
 195  -0.02256   0.00000    0.259665    0.259665
 196  -0.01754   0.00000    0.259913    0.259913
 197  -0.01253   0.00000    0.259668    0.259668
 198  -0.00752   0.00000    0.259916    0.259916
 199  -0.00251   0.00000    0.259671    0.259671
 200   0.00251   0.02502    0.259920    0.234896
 201   0.00752   0.07507    0.259676    0.184602
 202   0.01253   0.12512    0.259926    0.134803
 203   0.01754   0.17517    0.259681    0.084510
 204   0.02256   0.22583    0.259932    0.034102
 205   0.02757   0.27588    0.259688    0.016191
 206   0.03258   0.32593    0.259939    0.065989
 207   0.03759   0.37598    0.259696    0.116281
 208   0.04261   0.42603    0.259947    0.166078
 209   0.04762   0.47607    0.259704    0.216370
 210   0.05263   0.52612    0.259956    0.266167
 211   0.05764   0.57617    0.259714    0.316458
 212   0.06266   0.62683    0.259966    0.366865
 213   0.06767   0.67688    0.259725    0.417155
 214   0.07268   0.72693    0.259977    0.466951
 215   0.07769   0.77698    0.259737    0.517241
 216   0.08271   0.82703    0.259989    0.567037
 217   0.08772   0.87708    0.259750    0.617325
 218   0.09273   0.92712    0.260002    0.667122
 219   0.09774   0.97717    0.259764    0.717409
 220   0.10276   0.97217    0.260016    0.712152
 221   0.10777   0.92212    0.259778    0.662341
 222   0.11278   0.87207    0.260031    0.612039
 223   0.11779   0.82202    0.259794    0.562227
 224   0.12281   0.77197    0.260047    0.511926
 225   0.12782   0.72192    0.259811    0.462113
 226   0.13283   0.67188    0.260063    0.411812
 227   0.13784   0.62183    0.259829    0.361997
 228   0.14286   0.57117    0.260081    0.311086
 229   0.14787   0.52112    0.259847    0.261271
 230   0.15288   0.47107    0.260099    0.210971
 231   0.15789   0.42102    0.259867    0.161154
 232   0.16291   0.37097    0.260118    0.110854
 233   0.16792   0.32092    0.259887    0.061036
 234   0.17293   0.27087    0.260137    0.010737
 235   0.17794   0.22083    0.259907    0.039082
 236   0.18296   0.17017    0.260158    0.089992
 237   0.18797   0.12012    0.259929    0.139812
 238   0.19298   0.07007    0.260179    0.190111
 239   0.19799   0.02002    0.259952    0.239932
 240   0.20301   0.00000    0.260201    0.260201
 241   0.20802   0.00000    0.259975    0.259975
 242   0.21303   0.00000    0.260223    0.260223
 243   0.21805   0.00000    0.259999    0.259999
 244   0.22306   0.00000    0.260247    0.260247
 245   0.22807   0.00000    0.260024    0.260024
 246   0.23308   0.00000    0.260271    0.260271
 247   0.23810   0.00000    0.260050    0.260050
 248   0.24311   0.00000    0.260295    0.260295
 249   0.24812   0.00000    0.260076    0.260076
 250   0.25313   0.00000    0.260320    0.260320
 251   0.25815   0.00000    0.260102    0.260102
 252   0.26316   0.00000    0.260345    0.260345
 253   0.26817   0.00000    0.260129    0.260129
 254   0.27318   0.00000    0.260371    0.260371
 255   0.27820   0.00000    0.260157    0.260157
 256   0.28321   0.00000    0.260397    0.260397
 257   0.28822   0.00000    0.260185    0.260185
 258   0.29323   0.00000    0.260422    0.260422
 259   0.29825   0.00000    0.260214    0.260214
 260   0.30326   0.00000    0.260448    0.260448
 261   0.30827   0.00000    0.260242    0.260242
 262   0.31328   0.00000    0.260474    0.260474
 263   0.31830   0.00000    0.260271    0.260271
 264   0.32331   0.00000    0.260500    0.260500
 265   0.32832   0.00000    0.260300    0.260300
 266   0.33333   0.00000    0.260527    0.260527
 267   0.33835   0.00000    0.260329    0.260329
 268   0.34336   0.00000    0.260553    0.260553
 269   0.34837   0.00000    0.260358    0.260358
 270   0.35338   0.00000    0.260580    0.260580
 271   0.35840   0.00000    0.260387    0.260387
 272   0.36341   0.00000    0.260606    0.260606
 273   0.36842   0.00000    0.260416    0.260416
 274   0.37343   0.00000    0.260633    0.260633
 275   0.37845   0.00000    0.260446    0.260446
 276   0.38346   0.00000    0.260659    0.260659
 277   0.38847   0.00000    0.260475    0.260475
 278   0.39348   0.00000    0.260686    0.260686
 279   0.39850   0.00000    0.260504    0.260504
 280   0.40351   0.26238    0.260713    0.001663
 281   0.40852   0.40364    0.260533    0.143109
 282   0.41353   0.50200    0.260739    0.241260
 283   0.41855   0.57971    0.260562    0.319153
 284   0.42356   0.64503    0.260766    0.384261
 285   0.42857   0.70003    0.260592    0.439441
 286   0.43358   0.74768    0.260792    0.486885
 287   0.43860   0.78930    0.260621    0.528675
 288   0.44361   0.82580    0.260819    0.564980
 289   0.44862   0.85784    0.260650    0.597190
 290   0.45363   0.88590    0.260845    0.625059
 291   0.45865   0.91036    0.260679    0.649680
 292   0.46366   0.93173    0.260872    0.670855
 293   0.46867   0.94972    0.260708    0.689008
 294   0.47368   0.96478    0.260899    0.703880
 295   0.47870   0.97705    0.260738    0.716312
 296   0.48371   0.98663    0.260925    0.725707
 297   0.48872   0.99360    0.260767    0.732838
 298   0.49373   0.99802    0.260952    0.737070
 299   0.49875   0.99992    0.260796    0.739122
 300   0.50376   0.99928    0.260978    0.738305
 301   0.50877   0.99613    0.260825    0.735305
 302   0.51378   0.99044    0.261005    0.729436
 303   0.51880   0.98217    0.260855    0.721317
 304   0.52381   0.97126    0.261032    0.710224
 305   0.52882   0.95760    0.260884    0.696721
 306   0.53383   0.94110    0.261059    0.680039
 307   0.53885   0.92158    0.260913    0.660669
 308   0.54386   0.89856    0.261085    0.637478
 309   0.54887   0.87234    0.260942    0.611402
 310   0.55388   0.84234    0.261112    0.581232
 311   0.55890   0.80814    0.260972    0.547169
 312   0.56391   0.76918    0.261139    0.508036
 313   0.56892   0.72468    0.261001    0.463678
 314   0.57393   0.67356    0.261166    0.412391
 315   0.57895   0.61416    0.261030    0.353126
 316   0.58396   0.54283    0.261192    0.281636
 317   0.58897   0.45617    0.261059    0.195111
 318   0.59398   0.34134    0.261219    0.080117
 319   0.59900   0.14114    0.261088    0.119952
 320   0.60401   0.00000    0.261245    0.261245
 321   0.60902   0.00000    0.261117    0.261117
 322   0.61404   0.00000    0.261271    0.261271
 323   0.61905   0.00000    0.261146    0.261146
 324   0.62406   0.00000    0.261296    0.261296
 325   0.62907   0.00000    0.261174    0.261174
 326   0.63409   0.00000    0.261321    0.261321
 327   0.63910   0.00000    0.261202    0.261202
 328   0.64411   0.00000    0.261346    0.261346
 329   0.64912   0.00000    0.261230    0.261230
 330   0.65414   0.00000    0.261370    0.261370
 331   0.65915   0.00000    0.261257    0.261257
 332   0.66416   0.00000    0.261394    0.261394
 333   0.66917   0.00000    0.261284    0.261284
 334   0.67419   0.00000    0.261418    0.261418
 335   0.67920   0.00000    0.261311    0.261311
 336   0.68421   0.00000    0.261441    0.261441
 337   0.68922   0.00000    0.261337    0.261337
 338   0.69424   0.00000    0.261463    0.261463
 339   0.69925   0.00000    0.261362    0.261362
 340   0.70426   0.00000    0.261485    0.261485
 341   0.70927   0.00000    0.261387    0.261387
 342   0.71429   0.00000    0.261506    0.261506
 343   0.71930   0.00000    0.261411    0.261411
 344   0.72431   0.00000    0.261526    0.261526
 345   0.72932   0.00000    0.261435    0.261435
 346   0.73434   0.00000    0.261546    0.261546
 347   0.73935   0.00000    0.261458    0.261458
 348   0.74436   0.00000    0.261565    0.261565
 349   0.74937   0.00000    0.261480    0.261480
 350   0.75439   0.00000    0.261583    0.261583
 351   0.75940   0.00000    0.261502    0.261502
 352   0.76441   0.00000    0.261600    0.261600
 353   0.76942   0.00000    0.261522    0.261522
 354   0.77444   0.00000    0.261617    0.261617
 355   0.77945   0.00000    0.261542    0.261542
 356   0.78446   0.00000    0.261632    0.261632
 357   0.78947   0.00000    0.261561    0.261561
 358   0.79449   0.00000    0.261647    0.261647
 359   0.79950   0.00000    0.261580    0.261580
 360   0.80451   0.00000    0.261661    0.261661
 361   0.80952   0.00000    0.261597    0.261597
 362   0.81454   0.00000    0.261674    0.261674
 363   0.81955   0.00000    0.261614    0.261614
 364   0.82456   0.00000    0.261686    0.261686
 365   0.82957   0.00000    0.261629    0.261629
 366   0.83459   0.00000    0.261698    0.261698
 367   0.83960   0.00000    0.261644    0.261644
 368   0.84461   0.00000    0.261708    0.261708
 369   0.84962   0.00000    0.261657    0.261657
 370   0.85464   0.00000    0.261717    0.261717
 371   0.85965   0.00000    0.261670    0.261670
 372   0.86466   0.00000    0.261725    0.261725
 373   0.86967   0.00000    0.261681    0.261681
 374   0.87469   0.00000    0.261733    0.261733
 375   0.87970   0.00000    0.261692    0.261692
 376   0.88471   0.00000    0.261739    0.261739
 377   0.88972   0.00000    0.261702    0.261702
 378   0.89474   0.00000    0.261744    0.261744
 379   0.89975   0.00000    0.261710    0.261710
 380   0.90476   0.00000    0.261748    0.261748
 381   0.90977   0.00000    0.261718    0.261718
 382   0.91479   0.00000    0.261751    0.261751
 383   0.91980   0.00000    0.261724    0.261724
 384   0.92481   0.00000    0.261753    0.261753
 385   0.92982   0.00000    0.261730    0.261730
 386   0.93484   0.00000    0.261754    0.261754
 387   0.93985   0.00000    0.261734    0.261734
 388   0.94486   0.00000    0.261754    0.261754
 389   0.94987   0.00000    0.261738    0.261738
 390   0.95489   0.00000    0.261753    0.261753
 391   0.95990   0.00000    0.261740    0.261740
 392   0.96491   0.00000    0.261751    0.261751
 393   0.96992   0.00000    0.261741    0.261741
 394   0.97494   0.00000    0.261747    0.261747
 395   0.97995   0.00000    0.261741    0.261741
 396   0.98496   0.00000    0.261743    0.261743
 397   0.98997   0.00000    0.261741    0.261741
 398   0.99499   0.00000    0.261738    0.261738
 399   1.00000   0.00000    0.261739    0.261739
 
