 i       X     FEXACT   FI_LAXW   ERR_LAXW
   0  -1.00000   0.00000    0.170218    0.170218
   1  -0.99900   0.00000    0.179352    0.179352
   2  -0.99800   0.00000    0.188305    0.188305
   3  -0.99700   0.00000    0.197093    0.197093
   4  -0.99600   0.00000    0.205730    0.205730
   5  -0.99500   0.00000    0.214233    0.214233
   6  -0.99400   0.00000    0.222615    0.222615
   7  -0.99300   0.00000    0.230894    0.230894
   8  -0.99200   0.00000    0.239086    0.239086
   9  -0.99100   0.00000    0.247206    0.247206
  10  -0.99000   0.00000    0.255271    0.255271
  11  -0.98899   0.00000    0.263295    0.263295
  12  -0.98799   0.00000    0.271294    0.271294
  13  -0.98699   0.00000    0.279283    0.279283
  14  -0.98599   0.00000    0.287275    0.287275
  15  -0.98499   0.00000    0.295284    0.295284
  16  -0.98399   0.00000    0.303321    0.303321
  17  -0.98299   0.00000    0.311399    0.311399
  18  -0.98199   0.00000    0.319528    0.319528
  19  -0.98099   0.00000    0.327718    0.327718
  20  -0.97999   0.00000    0.335976    0.335976
  21  -0.97899   0.00000    0.344310    0.344310
  22  -0.97799   0.00000    0.352727    0.352727
  23  -0.97699   0.00000    0.361230    0.361230
  24  -0.97599   0.00000    0.369824    0.369824
  25  -0.97499   0.00000    0.378510    0.378510
  26  -0.97399   0.00000    0.387290    0.387290
  27  -0.97299   0.00000    0.396163    0.396163
  28  -0.97199   0.00000    0.405127    0.405127
  29  -0.97099   0.00000    0.414179    0.414179
  30  -0.96999   0.00000    0.423314    0.423314
  31  -0.96898   0.00000    0.432528    0.432528
  32  -0.96798   0.00000    0.441813    0.441813
  33  -0.96698   0.00000    0.451160    0.451160
  34  -0.96598   0.00000    0.460561    0.460561
  35  -0.96498   0.00000    0.470005    0.470005
  36  -0.96398   0.00000    0.479479    0.479479
  37  -0.96298   0.00000    0.488972    0.488972
  38  -0.96198   0.00000    0.498469    0.498469
  39  -0.96098   0.00000    0.507955    0.507955
  40  -0.95998   0.00000    0.517416    0.517416
  41  -0.95898   0.00000    0.526835    0.526835
  42  -0.95798   0.00000    0.536195    0.536195
  43  -0.95698   0.00000    0.545477    0.545477
  44  -0.95598   0.00000    0.554665    0.554665
  45  -0.95498   0.00000    0.563739    0.563739
  46  -0.95398   0.00000    0.572679    0.572679
  47  -0.95298   0.00000    0.581466    0.581466
  48  -0.95198   0.00000    0.590081    0.590081
  49  -0.95098   0.00000    0.598503    0.598503
  50  -0.94998   0.00000    0.606713    0.606713
  51  -0.94897   0.00000    0.614691    0.614691
  52  -0.94797   0.00000    0.622416    0.622416
  53  -0.94697   0.00000    0.629869    0.629869
  54  -0.94597   0.00000    0.637032    0.637032
  55  -0.94497   0.00000    0.643885    0.643885
  56  -0.94397   0.00000    0.650410    0.650410
  57  -0.94297   0.00000    0.656588    0.656588
  58  -0.94197   0.00000    0.662404    0.662404
  59  -0.94097   0.00000    0.667840    0.667840
  60  -0.93997   0.00000    0.672881    0.672881
  61  -0.93897   0.00000    0.677512    0.677512
  62  -0.93797   0.00000    0.681720    0.681720
  63  -0.93697   0.00000    0.685491    0.685491
  64  -0.93597   0.00000    0.688815    0.688815
  65  -0.93497   0.00000    0.691681    0.691681
  66  -0.93397   0.00000    0.694080    0.694080
  67  -0.93297   0.00000    0.696003    0.696003
  68  -0.93197   0.00000    0.697444    0.697444
  69  -0.93097   0.00000    0.698398    0.698398
  70  -0.92996   0.00000    0.698861    0.698861
  71  -0.92896   0.00000    0.698830    0.698830
  72  -0.92796   0.00000    0.698305    0.698305
  73  -0.92696   0.00000    0.697285    0.697285
  74  -0.92596   0.00000    0.695773    0.695773
  75  -0.92496   0.00000    0.693771    0.693771
  76  -0.92396   0.00000    0.691285    0.691285
  77  -0.92296   0.00000    0.688319    0.688319
  78  -0.92196   0.00000    0.684883    0.684883
  79  -0.92096   0.00000    0.680984    0.680984
  80  -0.91996   0.00000    0.676632    0.676632
  81  -0.91896   0.00000    0.671839    0.671839
  82  -0.91796   0.00000    0.666617    0.666617
  83  -0.91696   0.00000    0.660981    0.660981
  84  -0.91596   0.00000    0.654945    0.654945
  85  -0.91496   0.00000    0.648524    0.648524
  86  -0.91396   0.00000    0.641737    0.641737
  87  -0.91296   0.00000    0.634600    0.634600
  88  -0.91196   0.00000    0.627131    0.627131
  89  -0.91096   0.00000    0.619351    0.619351
  90  -0.90995   0.00000    0.611278    0.611278
  91  -0.90895   0.00000    0.602934    0.602934
  92  -0.90795   0.00000    0.594338    0.594338
  93  -0.90695   0.00000    0.585512    0.585512
  94  -0.90595   0.00000    0.576476    0.576476
  95  -0.90495   0.00000    0.567253    0.567253
  96  -0.90395   0.00000    0.557864    0.557864
  97  -0.90295   0.00000    0.548329    0.548329
  98  -0.90195   0.00000    0.538670    0.538670
  99  -0.90095   0.00000    0.528907    0.528907
 100  -0.89995   0.00000    0.519062    0.519062
 101  -0.89895   0.00000    0.509152    0.509152
 102  -0.89795   0.00000    0.499198    0.499198
 103  -0.89695   0.00000    0.489218    0.489218
 104  -0.89595   0.00000    0.479230    0.479230
 105  -0.89495   0.00000    0.469250    0.469250
 106  -0.89395   0.00000    0.459295    0.459295
 107  -0.89295   0.00000    0.449378    0.449378
 108  -0.89195   0.00000    0.439516    0.439516
 109  -0.89095   0.00000    0.429719    0.429719
 110  -0.88994   0.00000    0.420000    0.420000
 111  -0.88894   0.00000    0.410370    0.410370
 112  -0.88794   0.00000    0.400838    0.400838
 113  -0.88694   0.00000    0.391412    0.391412
 114  -0.88594   0.00000    0.382099    0.382099
 115  -0.88494   0.00000    0.372906    0.372906
 116  -0.88394   0.00000    0.363836    0.363836
 117  -0.88294   0.00000    0.354894    0.354894
 118  -0.88194   0.00000    0.346083    0.346083
 119  -0.88094   0.00000    0.337403    0.337403
 120  -0.87994   0.00000    0.328855    0.328855
 121  -0.87894   0.00000    0.320438    0.320438
 122  -0.87794   0.00000    0.312152    0.312152
 123  -0.87694   0.00000    0.303995    0.303995
 124  -0.87594   0.00000    0.295962    0.295962
 125  -0.87494   0.00000    0.288051    0.288051
 126  -0.87394   0.00000    0.280258    0.280258
 127  -0.87294   0.00000    0.272577    0.272577
 128  -0.87194   0.00000    0.265005    0.265005
 129  -0.87094   0.00000    0.257535    0.257535
 130  -0.86993   0.00000    0.250162    0.250162
 131  -0.86893   0.00000    0.242881    0.242881
 132  -0.86793   0.00000    0.235686    0.235686
 133  -0.86693   0.00000    0.228572    0.228572
 134  -0.86593   0.00000    0.221534    0.221534
 135  -0.86493   0.00000    0.214567    0.214567
 136  -0.86393   0.00000    0.207666    0.207666
 137  -0.86293   0.00000    0.200827    0.200827
 138  -0.86193   0.00000    0.194048    0.194048
 139  -0.86093   0.00000    0.187325    0.187325
 140  -0.85993   0.00000    0.180657    0.180657
 141  -0.85893   0.00000    0.174043    0.174043
 142  -0.85793   0.00000    0.167482    0.167482
 143  -0.85693   0.00000    0.160974    0.160974
 144  -0.85593   0.00000    0.154522    0.154522
 145  -0.85493   0.00000    0.148128    0.148128
 146  -0.85393   0.00000    0.141795    0.141795
 147  -0.85293   0.00000    0.135528    0.135528
 148  -0.85193   0.00000    0.129333    0.129333
 149  -0.85093   0.00000    0.123216    0.123216
 150  -0.84992   0.00000    0.117185    0.117185
 151  -0.84892   0.00000    0.111248    0.111248
 152  -0.84792   0.00000    0.105415    0.105415
 153  -0.84692   0.00000    0.099696    0.099696
 154  -0.84592   0.00000    0.094101    0.094101
 155  -0.84492   0.00000    0.088644    0.088644
 156  -0.84392   0.00000    0.083337    0.083337
 157  -0.84292   0.00000    0.078192    0.078192
 158  -0.84192   0.00000    0.073224    0.073224
 159  -0.84092   0.00000    0.068446    0.068446
 160  -0.83992   0.00000    0.063874    0.063874
 161  -0.83892   0.00000    0.059521    0.059521
 162  -0.83792   0.00000    0.055404    0.055404
 163  -0.83692   0.00000    0.051535    0.051535
 164  -0.83592   0.00000    0.047931    0.047931
 165  -0.83492   0.00000    0.044605    0.044605
 166  -0.83392   0.00000    0.041571    0.041571
 167  -0.83292   0.00000    0.038844    0.038844
 168  -0.83192   0.00000    0.036437    0.036437
 169  -0.83092   0.00000    0.034360    0.034360
 170  -0.82991   0.00000    0.032627    0.032627
 171  -0.82891   0.00000    0.031248    0.031248
 172  -0.82791   0.00000    0.030232    0.030232
 173  -0.82691   0.00000    0.029587    0.029587
 174  -0.82591   0.00000    0.029321    0.029321
 175  -0.82491   0.00000    0.029440    0.029440
 176  -0.82391   0.00000    0.029948    0.029948
 177  -0.82291   0.00000    0.030848    0.030848
 178  -0.82191   0.00000    0.032142    0.032142
 179  -0.82091   0.00000    0.033829    0.033829
 180  -0.81991   0.00000    0.035908    0.035908
 181  -0.81891   0.00000    0.038375    0.038375
 182  -0.81791   0.00000    0.041225    0.041225
 183  -0.81691   0.00000    0.044451    0.044451
 184  -0.81591   0.00000    0.048045    0.048045
 185  -0.81491   0.00000    0.051996    0.051996
 186  -0.81391   0.00000    0.056292    0.056292
 187  -0.81291   0.00000    0.060919    0.060919
 188  -0.81191   0.00000    0.065862    0.065862
 189  -0.81091   0.00000    0.071104    0.071104
 190  -0.80990   0.00000    0.076626    0.076626
 191  -0.80890   0.00000    0.082408    0.082408
 192  -0.80790   0.00000    0.088429    0.088429
 193  -0.80690   0.00000    0.094665    0.094665
 194  -0.80590   0.00000    0.101093    0.101093
 195  -0.80490   0.00000    0.107687    0.107687
 196  -0.80390   0.00000    0.114420    0.114420
 197  -0.80290   0.00000    0.121265    0.121265
 198  -0.80190   0.00000    0.128195    0.128195
 199  -0.80090   0.00000    0.135178    0.135178
 200  -0.79990   0.00046    0.142187    0.141730
 201  -0.79890   0.00054    0.149191    0.148655
 202  -0.79790   0.00062    0.156159    0.155538
 203  -0.79690   0.00073    0.163061    0.162335
 204  -0.79590   0.00084    0.169865    0.169025
 205  -0.79490   0.00097    0.176540    0.175571
 206  -0.79390   0.00113    0.183056    0.181929
 207  -0.79290   0.00130    0.189382    0.188085
 208  -0.79190   0.00150    0.195488    0.193985
 209  -0.79090   0.00172    0.201344    0.199620
 210  -0.78989   0.00198    0.206922    0.204946
 211  -0.78889   0.00228    0.212192    0.209913
 212  -0.78789   0.00260    0.217128    0.214524
 213  -0.78689   0.00299    0.221703    0.218709
 214  -0.78589   0.00341    0.225891    0.222482
 215  -0.78489   0.00388    0.229669    0.225793
 216  -0.78389   0.00444    0.233013    0.228577
 217  -0.78289   0.00503    0.235902    0.230873
 218  -0.78189   0.00569    0.238316    0.232624
 219  -0.78089   0.00648    0.240236    0.233753
 220  -0.77989   0.00732    0.241645    0.234329
 221  -0.77889   0.00831    0.242528    0.234221
 222  -0.77789   0.00935    0.242870    0.233524
 223  -0.77689   0.01050    0.242660    0.232161
 224  -0.77589   0.01186    0.241888    0.230025
 225  -0.77489   0.01329    0.240545    0.227257
 226  -0.77389   0.01497    0.238625    0.223659
 227  -0.77289   0.01671    0.236122    0.219410
 228  -0.77189   0.01863    0.233034    0.214400
 229  -0.77089   0.02089    0.229360    0.208473
 230  -0.76988   0.02322    0.225100    0.201880
 231  -0.76888   0.02594    0.220257    0.194315
 232  -0.76788   0.02875    0.214836    0.186083
 233  -0.76688   0.03182    0.208843    0.177022
 234  -0.76588   0.03538    0.202285    0.166902
 235  -0.76488   0.03904    0.195172    0.156133
 236  -0.76388   0.04327    0.187516    0.144247
 237  -0.76288   0.04760    0.179330    0.131733
 238  -0.76188   0.05228    0.170628    0.118348
 239  -0.76088   0.05767    0.161427    0.103758
 240  -0.75988   0.06315    0.151744    0.088592
 241  -0.75888   0.06944    0.141598    0.072161
 242  -0.75788   0.07581    0.131009    0.055201
 243  -0.75688   0.08264    0.119999    0.037356
 244  -0.75588   0.09044    0.108592    0.018156
 245  -0.75488   0.09829    0.096810    0.001481
 246  -0.75388   0.10667    0.084679    0.021992
 247  -0.75288   0.11617    0.072225    0.043947
 248  -0.75188   0.12570    0.059474    0.066222
 249  -0.75088   0.13645    0.046456    0.089997
 250  -0.74987   0.14719    0.033196    0.113995
 251  -0.74887   0.15854    0.019726    0.138817
 252  -0.74787   0.17129    0.006074    0.165215
 253  -0.74687   0.18394   -0.007729    0.191671
 254  -0.74587   0.19809   -0.021653    0.219745
 255  -0.74487   0.21208   -0.035668    0.247747
 256  -0.74387   0.22672   -0.049742    0.276464
 257  -0.74287   0.24300   -0.063844    0.306842
 258  -0.74187   0.25899   -0.077943    0.336933
 259  -0.74087   0.27669   -0.092008    0.368698
 260  -0.73987   0.29401   -0.106008    0.400015
 261  -0.73887   0.31195   -0.119912    0.431860
 262  -0.73787   0.33168   -0.133689    0.465368
 263  -0.73687   0.35086   -0.147309    0.498164
 264  -0.73587   0.37185   -0.160742    0.532590
 265  -0.73487   0.39216   -0.173959    0.566116
 266  -0.73387   0.41297   -0.186931    0.599899
 267  -0.73287   0.43559   -0.199630    0.635219
 268  -0.73187   0.45732   -0.212027    0.669344
 269  -0.73087   0.48082   -0.224097    0.704914
 270  -0.72986   0.50327   -0.235813    0.739087
 271  -0.72886   0.52601   -0.247149    0.773157
 272  -0.72786   0.55040   -0.258082    0.808483
 273  -0.72686   0.57352   -0.268589    0.842110
 274  -0.72586   0.59674   -0.278646    0.875382
 275  -0.72486   0.62143   -0.288232    0.909664
 276  -0.72386   0.64463   -0.297328    0.941959
 277  -0.72286   0.66915   -0.305913    0.975065
 278  -0.72186   0.69203   -0.313971    1.006002
 279  -0.72086   0.71464   -0.321484    1.036127
 280  -0.71986   0.73829   -0.328437    1.066726
 281  -0.71886   0.76011   -0.334815    1.094921
 282  -0.71786   0.78273   -0.340606    1.123338
 283  -0.71686   0.80342   -0.345796    1.149221
 284  -0.71586   0.82345   -0.350377    1.173830
 285  -0.71486   0.84392   -0.354338    1.198260
 286  -0.71386   0.86234   -0.357672    1.220015
 287  -0.71286   0.88094   -0.360372    1.241310
 288  -0.71186   0.89744   -0.362433    1.259878
 289  -0.71086   0.91292   -0.363851    1.276770
 290  -0.70985   0.92816   -0.364623    1.292780
 291  -0.70885   0.94130   -0.364749    1.306053
 292  -0.70785   0.95394   -0.364227    1.318167
 293  -0.70685   0.96453   -0.363059    1.327585
 294  -0.70585   0.97380   -0.361248    1.335046
 295  -0.70485   0.98216   -0.358798    1.340962
 296  -0.70385   0.98861   -0.355713    1.344319
 297  -0.70285   0.99363   -0.352000    1.345629
 298  -0.70185   0.99739   -0.347667    1.345053
 299  -0.70085   0.99942   -0.342721    1.342143
 300  -0.69985   0.99998   -0.337173    1.337151
 301  -0.69885   0.99899   -0.331034    1.330020
 302  -0.69785   0.99653   -0.324315    1.320846
 303  -0.69685   0.99233   -0.317030    1.309361
 304  -0.69585   0.98690   -0.309192    1.296090
 305  -0.69485   0.97958   -0.300817    1.280397
 306  -0.69385   0.97127   -0.291921    1.263190
 307  -0.69285   0.96162   -0.282520    1.244135
 308  -0.69185   0.94993   -0.272632    1.222565
 309  -0.69085   0.93765   -0.262275    1.199921
 310  -0.68984   0.92328   -0.251469    1.174747
 311  -0.68884   0.90858   -0.240233    1.148813
 312  -0.68784   0.89280   -0.228588    1.121390
 313  -0.68684   0.87493   -0.216555    1.091484
 314  -0.68584   0.85714   -0.204155    1.061291
 315  -0.68484   0.83728   -0.191412    1.028689
 316  -0.68384   0.81777   -0.178346    0.996114
 317  -0.68284   0.79754   -0.164982    0.962522
 318  -0.68184   0.77535   -0.151342    0.926689
 319  -0.68084   0.75388   -0.137449    0.891331
 320  -0.67984   0.73055   -0.123329    0.853878
 321  -0.67884   0.70817   -0.109004    0.817178
 322  -0.67784   0.68548   -0.094498    0.779976
 323  -0.67684   0.66109   -0.079836    0.740930
 324  -0.67584   0.63797   -0.065041    0.703011
 325  -0.67484   0.61475   -0.050137    0.664889
 326  -0.67384   0.59006   -0.035149    0.625206
 327  -0.67284   0.56686   -0.020099    0.586961
 328  -0.67184   0.54234   -0.005012    0.547354
 329  -0.67084   0.51945    0.010091    0.509356
 330  -0.66983   0.49679    0.025186    0.471602
 331  -0.66883   0.47303    0.040250    0.432782
 332  -0.66783   0.45103    0.055263    0.395767
 333  -0.66683   0.42808    0.070202    0.357880
 334  -0.66583   0.40694    0.085047    0.321888
 335  -0.66483   0.38627    0.099778    0.286488
 336  -0.66383   0.36486    0.114374    0.250490
 337  -0.66283   0.34528    0.128818    0.216465
 338  -0.66183   0.32511    0.143091    0.182014
 339  -0.66083   0.30673    0.157176    0.149552
 340  -0.65983   0.28896    0.171056    0.117908
 341  -0.65883   0.27078    0.184715    0.086064
 342  -0.65783   0.25433    0.198139    0.056186
 343  -0.65683   0.23756    0.211314    0.026241
 344  -0.65583   0.22245    0.224227    0.001781
 345  -0.65483   0.20799    0.236865    0.028873
 346  -0.65383   0.19335    0.249217    0.055868
 347  -0.65283   0.18024    0.261274    0.081035
 348  -0.65183   0.16777    0.273027    0.105256
 349  -0.65083   0.15522    0.284466    0.129250
 350  -0.64982   0.14404    0.295586    0.151544
 351  -0.64882   0.13284    0.306380    0.173545
 352  -0.64782   0.12290    0.316844    0.193944
 353  -0.64682   0.11354    0.326973    0.213433
 354  -0.64582   0.10421    0.336764    0.232557
 355  -0.64482   0.09598    0.346216    0.250237
 356  -0.64382   0.08781    0.355328    0.267521
 357  -0.64282   0.08063    0.364100    0.283470
 358  -0.64182   0.07393    0.372532    0.298602
 359  -0.64082   0.06731    0.380627    0.313314
 360  -0.63982   0.06153    0.388388    0.326855
 361  -0.63882   0.05585    0.395819    0.339974
 362  -0.63782   0.05090    0.402925    0.352029
 363  -0.63682   0.04632    0.409710    0.363393
 364  -0.63582   0.04184    0.416183    0.374348
 365  -0.63482   0.03796    0.422350    0.384394
 366  -0.63382   0.03417    0.428219    0.394046
 367  -0.63282   0.03091    0.433800    0.402889
 368  -0.63182   0.02792    0.439100    0.411181
 369  -0.63082   0.02502    0.444132    0.419115
 370  -0.62981   0.02253    0.448905    0.426378
 371  -0.62881   0.02012    0.453431    0.433311
 372  -0.62781   0.01806    0.457722    0.439659
 373  -0.62681   0.01619    0.461790    0.445597
 374  -0.62581   0.01439    0.465647    0.451254
 375  -0.62481   0.01286    0.469307    0.456443
 376  -0.62381   0.01148    0.472783    0.461304
 377  -0.62281   0.01016    0.476089    0.465934
 378  -0.62181   0.00904    0.479239    0.470204
 379  -0.62081   0.00797    0.482247    0.474279
 380  -0.61981   0.00707    0.485127    0.478059
 381  -0.61881   0.00626    0.487893    0.481633
 382  -0.61781   0.00549    0.490559    0.485066
 383  -0.61681   0.00485    0.493141    0.488290
 384  -0.61581   0.00424    0.495652    0.491409
 385  -0.61481   0.00374    0.498108    0.494372
 386  -0.61381   0.00328    0.500521    0.497237
 387  -0.61281   0.00286    0.502908    0.500048
 388  -0.61181   0.00251    0.505280    0.502774
 389  -0.61081   0.00217    0.507653    0.505478
 390  -0.60980   0.00190    0.510040    0.508140
 391  -0.60880   0.00166    0.512454    0.510796
 392  -0.60780   0.00143    0.514909    0.513477
 393  -0.60680   0.00125    0.517416    0.516170
 394  -0.60580   0.00107    0.519989    0.518916
 395  -0.60480   0.00093    0.522639    0.521709
 396  -0.60380   0.00081    0.525379    0.524574
 397  -0.60280   0.00069    0.528219    0.527529
 398  -0.60180   0.00060    0.531170    0.530575
 399  -0.60080   0.00051    0.534244    0.533730
 400  -0.59980   0.00000    0.537449    0.537449
 401  -0.59880   0.00000    0.540795    0.540795
 402  -0.59780   0.00000    0.544292    0.544292
 403  -0.59680   0.00000    0.547949    0.547949
 404  -0.59580   0.00000    0.551772    0.551772
 405  -0.59480   0.00000    0.555771    0.555771
 406  -0.59380   0.00000    0.559953    0.559953
 407  -0.59280   0.00000    0.564323    0.564323
 408  -0.59180   0.00000    0.568890    0.568890
 409  -0.59080   0.00000    0.573658    0.573658
 410  -0.58979   0.00000    0.578632    0.578632
 411  -0.58879   0.00000    0.583818    0.583818
 412  -0.58779   0.00000    0.589220    0.589220
 413  -0.58679   0.00000    0.594842    0.594842
 414  -0.58579   0.00000    0.600687    0.600687
 415  -0.58479   0.00000    0.606758    0.606758
 416  -0.58379   0.00000    0.613058    0.613058
 417  -0.58279   0.00000    0.619589    0.619589
 418  -0.58179   0.00000    0.626351    0.626351
 419  -0.58079   0.00000    0.633347    0.633347
 420  -0.57979   0.00000    0.640575    0.640575
 421  -0.57879   0.00000    0.648037    0.648037
 422  -0.57779   0.00000    0.655732    0.655732
 423  -0.57679   0.00000    0.663658    0.663658
 424  -0.57579   0.00000    0.671815    0.671815
 425  -0.57479   0.00000    0.680199    0.680199
 426  -0.57379   0.00000    0.688808    0.688808
 427  -0.57279   0.00000    0.697639    0.697639
 428  -0.57179   0.00000    0.706687    0.706687
 429  -0.57079   0.00000    0.715950    0.715950
 430  -0.56978   0.00000    0.725420    0.725420
 431  -0.56878   0.00000    0.735094    0.735094
 432  -0.56778   0.00000    0.744965    0.744965
 433  -0.56678   0.00000    0.755026    0.755026
 434  -0.56578   0.00000    0.765271    0.765271
 435  -0.56478   0.00000    0.775691    0.775691
 436  -0.56378   0.00000    0.786277    0.786277
 437  -0.56278   0.00000    0.797022    0.797022
 438  -0.56178   0.00000    0.807916    0.807916
 439  -0.56078   0.00000    0.818948    0.818948
 440  -0.55978   0.00000    0.830108    0.830108
 441  -0.55878   0.00000    0.841384    0.841384
 442  -0.55778   0.00000    0.852766    0.852766
 443  -0.55678   0.00000    0.864240    0.864240
 444  -0.55578   0.00000    0.875795    0.875795
 445  -0.55478   0.00000    0.887416    0.887416
 446  -0.55378   0.00000    0.899090    0.899090
 447  -0.55278   0.00000    0.910803    0.910803
 448  -0.55178   0.00000    0.922541    0.922541
 449  -0.55078   0.00000    0.934288    0.934288
 450  -0.54977   0.00000    0.946029    0.946029
 451  -0.54877   0.00000    0.957749    0.957749
 452  -0.54777   0.00000    0.969431    0.969431
 453  -0.54677   0.00000    0.981060    0.981060
 454  -0.54577   0.00000    0.992620    0.992620
 455  -0.54477   0.00000    1.004093    1.004093
 456  -0.54377   0.00000    1.015464    1.015464
 457  -0.54277   0.00000    1.026716    1.026716
 458  -0.54177   0.00000    1.037833    1.037833
 459  -0.54077   0.00000    1.048799    1.048799
 460  -0.53977   0.00000    1.059596    1.059596
 461  -0.53877   0.00000    1.070210    1.070210
 462  -0.53777   0.00000    1.080624    1.080624
 463  -0.53677   0.00000    1.090823    1.090823
 464  -0.53577   0.00000    1.100791    1.100791
 465  -0.53477   0.00000    1.110513    1.110513
 466  -0.53377   0.00000    1.119975    1.119975
 467  -0.53277   0.00000    1.129163    1.129163
 468  -0.53177   0.00000    1.138064    1.138064
 469  -0.53077   0.00000    1.146664    1.146664
 470  -0.52976   0.00000    1.154952    1.154952
 471  -0.52876   0.00000    1.162917    1.162917
 472  -0.52776   0.00000    1.170547    1.170547
 473  -0.52676   0.00000    1.177833    1.177833
 474  -0.52576   0.00000    1.184767    1.184767
 475  -0.52476   0.00000    1.191340    1.191340
 476  -0.52376   0.00000    1.197546    1.197546
 477  -0.52276   0.00000    1.203379    1.203379
 478  -0.52176   0.00000    1.208834    1.208834
 479  -0.52076   0.00000    1.213905    1.213905
 480  -0.51976   0.00000    1.218590    1.218590
 481  -0.51876   0.00000    1.222886    1.222886
 482  -0.51776   0.00000    1.226792    1.226792
 483  -0.51676   0.00000    1.230308    1.230308
 484  -0.51576   0.00000    1.233434    1.233434
 485  -0.51476   0.00000    1.236170    1.236170
 486  -0.51376   0.00000    1.238520    1.238520
 487  -0.51276   0.00000    1.240486    1.240486
 488  -0.51176   0.00000    1.242072    1.242072
 489  -0.51076   0.00000    1.243284    1.243284
 490  -0.50975   0.00000    1.244126    1.244126
 491  -0.50875   0.00000    1.244605    1.244605
 492  -0.50775   0.00000    1.244727    1.244727
 493  -0.50675   0.00000    1.244501    1.244501
 494  -0.50575   0.00000    1.243933    1.243933
 495  -0.50475   0.00000    1.243033    1.243033
 496  -0.50375   0.00000    1.241809    1.241809
 497  -0.50275   0.00000    1.240269    1.240269
 498  -0.50175   0.00000    1.238424    1.238424
 499  -0.50075   0.00000    1.236283    1.236283
 500  -0.49975   0.00000    1.233855    1.233855
 501  -0.49875   0.00000    1.231149    1.231149
 502  -0.49775   0.00000    1.228176    1.228176
 503  -0.49675   0.00000    1.224945    1.224945
 504  -0.49575   0.00000    1.221465    1.221465
 505  -0.49475   0.00000    1.217745    1.217745
 506  -0.49375   0.00000    1.213793    1.213793
 507  -0.49275   0.00000    1.209620    1.209620
 508  -0.49175   0.00000    1.205232    1.205232
 509  -0.49075   0.00000    1.200636    1.200636
 510  -0.48974   0.00000    1.195842    1.195842
 511  -0.48874   0.00000    1.190854    1.190854
 512  -0.48774   0.00000    1.185678    1.185678
 513  -0.48674   0.00000    1.180321    1.180321
 514  -0.48574   0.00000    1.174786    1.174786
 515  -0.48474   0.00000    1.169078    1.169078
 516  -0.48374   0.00000    1.163201    1.163201
 517  -0.48274   0.00000    1.157156    1.157156
 518  -0.48174   0.00000    1.150946    1.150946
 519  -0.48074   0.00000    1.144573    1.144573
 520  -0.47974   0.00000    1.138036    1.138036
 521  -0.47874   0.00000    1.131336    1.131336
 522  -0.47774   0.00000    1.124474    1.124474
 523  -0.47674   0.00000    1.117448    1.117448
 524  -0.47574   0.00000    1.110258    1.110258
 525  -0.47474   0.00000    1.102900    1.102900
 526  -0.47374   0.00000    1.095373    1.095373
 527  -0.47274   0.00000    1.087674    1.087674
 528  -0.47174   0.00000    1.079799    1.079799
 529  -0.47074   0.00000    1.071746    1.071746
 530  -0.46973   0.00000    1.063511    1.063511
 531  -0.46873   0.00000    1.055090    1.055090
 532  -0.46773   0.00000    1.046478    1.046478
 533  -0.46673   0.00000    1.037673    1.037673
 534  -0.46573   0.00000    1.028671    1.028671
 535  -0.46473   0.00000    1.019467    1.019467
 536  -0.46373   0.00000    1.010059    1.010059
 537  -0.46273   0.00000    1.000443    1.000443
 538  -0.46173   0.00000    0.990616    0.990616
 539  -0.46073   0.00000    0.980576    0.980576
 540  -0.45973   0.00000    0.970322    0.970322
 541  -0.45873   0.00000    0.959852    0.959852
 542  -0.45773   0.00000    0.949166    0.949166
 543  -0.45673   0.00000    0.938263    0.938263
 544  -0.45573   0.00000    0.927145    0.927145
 545  -0.45473   0.00000    0.915813    0.915813
 546  -0.45373   0.00000    0.904270    0.904270
 547  -0.45273   0.00000    0.892518    0.892518
 548  -0.45173   0.00000    0.880563    0.880563
 549  -0.45073   0.00000    0.868409    0.868409
 550  -0.44972   0.00000    0.856062    0.856062
 551  -0.44872   0.00000    0.843530    0.843530
 552  -0.44772   0.00000    0.830820    0.830820
 553  -0.44672   0.00000    0.817941    0.817941
 554  -0.44572   0.00000    0.804904    0.804904
 555  -0.44472   0.00000    0.791718    0.791718
 556  -0.44372   0.00000    0.778396    0.778396
 557  -0.44272   0.00000    0.764951    0.764951
 558  -0.44172   0.00000    0.751394    0.751394
 559  -0.44072   0.00000    0.737742    0.737742
 560  -0.43972   0.00000    0.724008    0.724008
 561  -0.43872   0.00000    0.710208    0.710208
 562  -0.43772   0.00000    0.696358    0.696358
 563  -0.43672   0.00000    0.682475    0.682475
 564  -0.43572   0.00000    0.668576    0.668576
 565  -0.43472   0.00000    0.654679    0.654679
 566  -0.43372   0.00000    0.640800    0.640800
 567  -0.43272   0.00000    0.626959    0.626959
 568  -0.43172   0.00000    0.613173    0.613173
 569  -0.43072   0.00000    0.599461    0.599461
 570  -0.42971   0.00000    0.585840    0.585840
 571  -0.42871   0.00000    0.572329    0.572329
 572  -0.42771   0.00000    0.558945    0.558945
 573  -0.42671   0.00000    0.545706    0.545706
 574  -0.42571   0.00000    0.532628    0.532628
 575  -0.42471   0.00000    0.519729    0.519729
 576  -0.42371   0.00000    0.507023    0.507023
 577  -0.42271   0.00000    0.494527    0.494527
 578  -0.42171   0.00000    0.482254    0.482254
 579  -0.42071   0.00000    0.470219    0.470219
 580  -0.41971   0.00000    0.458433    0.458433
 581  -0.41871   0.00000    0.446908    0.446908
 582  -0.41771   0.00000    0.435656    0.435656
 583  -0.41671   0.00000    0.424687    0.424687
 584  -0.41571   0.00000    0.414007    0.414007
 585  -0.41471   0.00000    0.403626    0.403626
 586  -0.41371   0.00000    0.393549    0.393549
 587  -0.41271   0.00000    0.383782    0.383782
 588  -0.41171   0.00000    0.374327    0.374327
 589  -0.41071   0.00000    0.365188    0.365188
 590  -0.40970   0.00000    0.356366    0.356366
 591  -0.40870   0.00000    0.347861    0.347861
 592  -0.40770   0.00000    0.339671    0.339671
 593  -0.40670   0.00000    0.331795    0.331795
 594  -0.40570   0.00000    0.324229    0.324229
 595  -0.40470   0.00000    0.316968    0.316968
 596  -0.40370   0.00000    0.310007    0.310007
 597  -0.40270   0.00000    0.303338    0.303338
 598  -0.40170   0.00000    0.296954    0.296954
 599  -0.40070   0.00000    0.290847    0.290847
 600  -0.39970   1.00000    0.285007    0.714993
 601  -0.39870   1.00000    0.279423    0.720577
 602  -0.39770   1.00000    0.274084    0.725916
 603  -0.39670   1.00000    0.268980    0.731020
 604  -0.39570   1.00000    0.264096    0.735904
 605  -0.39470   1.00000    0.259422    0.740578
 606  -0.39370   1.00000    0.254944    0.745056
 607  -0.39270   1.00000    0.250648    0.749352
 608  -0.39170   1.00000    0.246522    0.753478
 609  -0.39070   1.00000    0.242551    0.757449
 610  -0.38969   1.00000    0.238723    0.761277
 611  -0.38869   1.00000    0.235023    0.764977
 612  -0.38769   1.00000    0.231439    0.768561
 613  -0.38669   1.00000    0.227958    0.772042
 614  -0.38569   1.00000    0.224567    0.775433
 615  -0.38469   1.00000    0.221253    0.778747
 616  -0.38369   1.00000    0.218005    0.781995
 617  -0.38269   1.00000    0.214813    0.785187
 618  -0.38169   1.00000    0.211665    0.788335
 619  -0.38069   1.00000    0.208552    0.791448
 620  -0.37969   1.00000    0.205465    0.794535
 621  -0.37869   1.00000    0.202396    0.797604
 622  -0.37769   1.00000    0.199337    0.800663
 623  -0.37669   1.00000    0.196282    0.803718
 624  -0.37569   1.00000    0.193225    0.806775
 625  -0.37469   1.00000    0.190162    0.809838
 626  -0.37369   1.00000    0.187089    0.812911
 627  -0.37269   1.00000    0.184004    0.815996
 628  -0.37169   1.00000    0.180904    0.819096
 629  -0.37069   1.00000    0.177789    0.822211
 630  -0.36968   1.00000    0.174658    0.825342
 631  -0.36868   1.00000    0.171513    0.828487
 632  -0.36768   1.00000    0.168356    0.831644
 633  -0.36668   1.00000    0.165187    0.834813
 634  -0.36568   1.00000    0.162012    0.837988
 635  -0.36468   1.00000    0.158834    0.841166
 636  -0.36368   1.00000    0.155657    0.844343
 637  -0.36268   1.00000    0.152487    0.847513
 638  -0.36168   1.00000    0.149329    0.850671
 639  -0.36068   1.00000    0.146189    0.853811
 640  -0.35968   1.00000    0.143074    0.856926
 641  -0.35868   1.00000    0.139991    0.860009
 642  -0.35768   1.00000    0.136945    0.863055
 643  -0.35668   1.00000    0.133946    0.866054
 644  -0.35568   1.00000    0.130998    0.869002
 645  -0.35468   1.00000    0.128111    0.871889
 646  -0.35368   1.00000    0.125289    0.874711
 647  -0.35268   1.00000    0.122541    0.877459
 648  -0.35168   1.00000    0.119872    0.880128
 649  -0.35068   1.00000    0.117289    0.882711
 650  -0.34967   1.00000    0.114797    0.885203
 651  -0.34867   1.00000    0.112401    0.887599
 652  -0.34767   1.00000    0.110106    0.889894
 653  -0.34667   1.00000    0.107916    0.892084
 654  -0.34567   1.00000    0.105835    0.894165
 655  -0.34467   1.00000    0.103864    0.896136
 656  -0.34367   1.00000    0.102005    0.897995
 657  -0.34267   1.00000    0.100260    0.899740
 658  -0.34167   1.00000    0.098628    0.901372
 659  -0.34067   1.00000    0.097109    0.902891
 660  -0.33967   1.00000    0.095700    0.904300
 661  -0.33867   1.00000    0.094400    0.905600
 662  -0.33767   1.00000    0.093205    0.906795
 663  -0.33667   1.00000    0.092111    0.907889
 664  -0.33567   1.00000    0.091111    0.908889
 665  -0.33467   1.00000    0.090201    0.909799
 666  -0.33367   1.00000    0.089372    0.910628
 667  -0.33267   1.00000    0.088616    0.911384
 668  -0.33167   1.00000    0.087926    0.912074
 669  -0.33067   1.00000    0.087292    0.912708
 670  -0.32966   1.00000    0.086702    0.913298
 671  -0.32866   1.00000    0.086147    0.913853
 672  -0.32766   1.00000    0.085614    0.914386
 673  -0.32666   1.00000    0.085092    0.914908
 674  -0.32566   1.00000    0.084569    0.915431
 675  -0.32466   1.00000    0.084030    0.915970
 676  -0.32366   1.00000    0.083463    0.916537
 677  -0.32266   1.00000    0.082853    0.917147
 678  -0.32166   1.00000    0.082189    0.917811
 679  -0.32066   1.00000    0.081454    0.918546
 680  -0.31966   1.00000    0.080636    0.919364
 681  -0.31866   1.00000    0.079721    0.920279
 682  -0.31766   1.00000    0.078695    0.921305
 683  -0.31666   1.00000    0.077545    0.922455
 684  -0.31566   1.00000    0.076257    0.923743
 685  -0.31466   1.00000    0.074819    0.925181
 686  -0.31366   1.00000    0.073219    0.926781
 687  -0.31266   1.00000    0.071446    0.928554
 688  -0.31166   1.00000    0.069487    0.930513
 689  -0.31066   1.00000    0.067334    0.932666
 690  -0.30965   1.00000    0.064977    0.935023
 691  -0.30865   1.00000    0.062407    0.937593
 692  -0.30765   1.00000    0.059617    0.940382
 693  -0.30665   1.00000    0.056601    0.943399
 694  -0.30565   1.00000    0.053353    0.946647
 695  -0.30465   1.00000    0.049869    0.950131
 696  -0.30365   1.00000    0.046145    0.953855
 697  -0.30265   1.00000    0.042180    0.957820
 698  -0.30165   1.00000    0.037972    0.962028
 699  -0.30065   1.00000    0.033523    0.966477
 700  -0.29965   1.00000    0.028834    0.971166
 701  -0.29865   1.00000    0.023907    0.976093
 702  -0.29765   1.00000    0.018748    0.981252
 703  -0.29665   1.00000    0.013362    0.986638
 704  -0.29565   1.00000    0.007754    0.992246
 705  -0.29465   1.00000    0.001935    0.998065
 706  -0.29365   1.00000   -0.004088    1.004088
 707  -0.29265   1.00000   -0.010305    1.010305
 708  -0.29165   1.00000   -0.016702    1.016702
 709  -0.29065   1.00000   -0.023269    1.023269
 710  -0.28964   1.00000   -0.029991    1.029991
 711  -0.28864   1.00000   -0.036853    1.036853
 712  -0.28764   1.00000   -0.043841    1.043841
 713  -0.28664   1.00000   -0.050937    1.050937
 714  -0.28564   1.00000   -0.058125    1.058125
 715  -0.28464   1.00000   -0.065385    1.065385
 716  -0.28364   1.00000   -0.072701    1.072701
 717  -0.28264   1.00000   -0.080052    1.080052
 718  -0.28164   1.00000   -0.087418    1.087418
 719  -0.28064   1.00000   -0.094780    1.094780
 720  -0.27964   1.00000   -0.102117    1.102117
 721  -0.27864   1.00000   -0.109409    1.109409
 722  -0.27764   1.00000   -0.116634    1.116634
 723  -0.27664   1.00000   -0.123772    1.123772
 724  -0.27564   1.00000   -0.130801    1.130801
 725  -0.27464   1.00000   -0.137701    1.137702
 726  -0.27364   1.00000   -0.144452    1.144452
 727  -0.27264   1.00000   -0.151033    1.151033
 728  -0.27164   1.00000   -0.157424    1.157424
 729  -0.27064   1.00000   -0.163605    1.163605
 730  -0.26963   1.00000   -0.169558    1.169558
 731  -0.26863   1.00000   -0.175264    1.175264
 732  -0.26763   1.00000   -0.180705    1.180705
 733  -0.26663   1.00000   -0.185864    1.185863
 734  -0.26563   1.00000   -0.190724    1.190724
 735  -0.26463   1.00000   -0.195271    1.195271
 736  -0.26363   1.00000   -0.199489    1.199489
 737  -0.26263   1.00000   -0.203365    1.203365
 738  -0.26163   1.00000   -0.206886    1.206886
 739  -0.26063   1.00000   -0.210039    1.210039
 740  -0.25963   1.00000   -0.212815    1.212815
 741  -0.25863   1.00000   -0.215203    1.215203
 742  -0.25763   1.00000   -0.217194    1.217194
 743  -0.25663   1.00000   -0.218781    1.218781
 744  -0.25563   1.00000   -0.219957    1.219957
 745  -0.25463   1.00000   -0.220716    1.220716
 746  -0.25363   1.00000   -0.221054    1.221054
 747  -0.25263   1.00000   -0.220967    1.220967
 748  -0.25163   1.00000   -0.220453    1.220453
 749  -0.25063   1.00000   -0.219510    1.219510
 750  -0.24962   1.00000   -0.218138    1.218138
 751  -0.24862   1.00000   -0.216337    1.216337
 752  -0.24762   1.00000   -0.214109    1.214109
 753  -0.24662   1.00000   -0.211456    1.211456
 754  -0.24562   1.00000   -0.208380    1.208380
 755  -0.24462   1.00000   -0.204887    1.204887
 756  -0.24362   1.00000   -0.200981    1.200981
 757  -0.24262   1.00000   -0.196668    1.196668
 758  -0.24162   1.00000   -0.191953    1.191953
 759  -0.24062   1.00000   -0.186843    1.186843
 760  -0.23962   1.00000   -0.181347    1.181347
 761  -0.23862   1.00000   -0.175472    1.175472
 762  -0.23762   1.00000   -0.169226    1.169226
 763  -0.23662   1.00000   -0.162619    1.162619
 764  -0.23562   1.00000   -0.155661    1.155661
 765  -0.23462   1.00000   -0.148360    1.148360
 766  -0.23362   1.00000   -0.140728    1.140728
 767  -0.23262   1.00000   -0.132774    1.132774
 768  -0.23162   1.00000   -0.124509    1.124509
 769  -0.23062   1.00000   -0.115945    1.115945
 770  -0.22961   1.00000   -0.107091    1.107091
 771  -0.22861   1.00000   -0.097960    1.097960
 772  -0.22761   1.00000   -0.088562    1.088562
 773  -0.22661   1.00000   -0.078908    1.078908
 774  -0.22561   1.00000   -0.069010    1.069010
 775  -0.22461   1.00000   -0.058878    1.058878
 776  -0.22361   1.00000   -0.048524    1.048524
 777  -0.22261   1.00000   -0.037959    1.037959
 778  -0.22161   1.00000   -0.027194    1.027194
 779  -0.22061   1.00000   -0.016240    1.016240
 780  -0.21961   1.00000   -0.005107    1.005107
 781  -0.21861   1.00000    0.006194    0.993806
 782  -0.21761   1.00000    0.017653    0.982347
 783  -0.21661   1.00000    0.029260    0.970740
 784  -0.21561   1.00000    0.041004    0.958996
 785  -0.21461   1.00000    0.052875    0.947125
 786  -0.21361   1.00000    0.064865    0.935135
 787  -0.21261   1.00000    0.076963    0.923037
 788  -0.21161   1.00000    0.089161    0.910839
 789  -0.21061   1.00000    0.101448    0.898552
 790  -0.20960   1.00000    0.113818    0.886182
 791  -0.20860   1.00000    0.126259    0.873741
 792  -0.20760   1.00000    0.138765    0.861235
 793  -0.20660   1.00000    0.151327    0.848673
 794  -0.20560   1.00000    0.163937    0.836063
 795  -0.20460   1.00000    0.176587    0.823413
 796  -0.20360   1.00000    0.189269    0.810731
 797  -0.20260   1.00000    0.201975    0.798025
 798  -0.20160   1.00000    0.214698    0.785302
 799  -0.20060   1.00000    0.227431    0.772569
 800  -0.19960   0.00000    0.240166    0.240166
 801  -0.19860   0.00000    0.252896    0.252896
 802  -0.19760   0.00000    0.265615    0.265615
 803  -0.19660   0.00000    0.278315    0.278315
 804  -0.19560   0.00000    0.290990    0.290990
 805  -0.19460   0.00000    0.303632    0.303632
 806  -0.19360   0.00000    0.316236    0.316236
 807  -0.19260   0.00000    0.328795    0.328795
 808  -0.19160   0.00000    0.341302    0.341302
 809  -0.19060   0.00000    0.353751    0.353751
 810  -0.18959   0.00000    0.366135    0.366135
 811  -0.18859   0.00000    0.378448    0.378448
 812  -0.18759   0.00000    0.390684    0.390684
 813  -0.18659   0.00000    0.402837    0.402837
 814  -0.18559   0.00000    0.414899    0.414899
 815  -0.18459   0.00000    0.426867    0.426867
 816  -0.18359   0.00000    0.438731    0.438731
 817  -0.18259   0.00000    0.450488    0.450488
 818  -0.18159   0.00000    0.462130    0.462130
 819  -0.18059   0.00000    0.473652    0.473652
 820  -0.17959   0.00000    0.485047    0.485047
 821  -0.17859   0.00000    0.496310    0.496310
 822  -0.17759   0.00000    0.507435    0.507435
 823  -0.17659   0.00000    0.518417    0.518417
 824  -0.17559   0.00000    0.529248    0.529248
 825  -0.17459   0.00000    0.539925    0.539925
 826  -0.17359   0.00000    0.550440    0.550440
 827  -0.17259   0.00000    0.560789    0.560789
 828  -0.17159   0.00000    0.570967    0.570967
 829  -0.17059   0.00000    0.580967    0.580967
 830  -0.16958   0.00000    0.590785    0.590785
 831  -0.16858   0.00000    0.600417    0.600417
 832  -0.16758   0.00000    0.609857    0.609857
 833  -0.16658   0.00000    0.619100    0.619100
 834  -0.16558   0.00000    0.628143    0.628143
 835  -0.16458   0.00000    0.636982    0.636982
 836  -0.16358   0.00000    0.645612    0.645612
 837  -0.16258   0.00000    0.654030    0.654030
 838  -0.16158   0.00000    0.662233    0.662233
 839  -0.16058   0.00000    0.670216    0.670216
 840  -0.15958   0.00000    0.677978    0.677978
 841  -0.15858   0.00000    0.685515    0.685515
 842  -0.15758   0.00000    0.692826    0.692826
 843  -0.15658   0.00000    0.699907    0.699907
 844  -0.15558   0.00000    0.706757    0.706757
 845  -0.15458   0.00000    0.713376    0.713376
 846  -0.15358   0.00000    0.719760    0.719760
 847  -0.15258   0.00000    0.725910    0.725910
 848  -0.15158   0.00000    0.731825    0.731825
 849  -0.15058   0.00000    0.737506    0.737506
 850  -0.14957   0.00000    0.742951    0.742951
 851  -0.14857   0.00000    0.748161    0.748161
 852  -0.14757   0.00000    0.753137    0.753137
 853  -0.14657   0.00000    0.757879    0.757879
 854  -0.14557   0.00000    0.762391    0.762391
 855  -0.14457   0.00000    0.766672    0.766672
 856  -0.14357   0.00000    0.770725    0.770725
 857  -0.14257   0.00000    0.774552    0.774552
 858  -0.14157   0.00000    0.778156    0.778156
 859  -0.14057   0.00000    0.781539    0.781539
 860  -0.13957   0.00000    0.784703    0.784703
 861  -0.13857   0.00000    0.787653    0.787653
 862  -0.13757   0.00000    0.790390    0.790390
 863  -0.13657   0.00000    0.792918    0.792918
 864  -0.13557   0.00000    0.795241    0.795241
 865  -0.13457   0.00000    0.797360    0.797360
 866  -0.13357   0.00000    0.799281    0.799281
 867  -0.13257   0.00000    0.801005    0.801005
 868  -0.13157   0.00000    0.802536    0.802536
 869  -0.13057   0.00000    0.803877    0.803877
 870  -0.12956   0.00000    0.805031    0.805031
 871  -0.12856   0.00000    0.806001    0.806001
 872  -0.12756   0.00000    0.806790    0.806790
 873  -0.12656   0.00000    0.807399    0.807399
 874  -0.12556   0.00000    0.807831    0.807831
 875  -0.12456   0.00000    0.808088    0.808088
 876  -0.12356   0.00000    0.808171    0.808171
 877  -0.12256   0.00000    0.808083    0.808083
 878  -0.12156   0.00000    0.807823    0.807823
 879  -0.12056   0.00000    0.807393    0.807393
 880  -0.11956   0.00000    0.806793    0.806793
 881  -0.11856   0.00000    0.806023    0.806023
 882  -0.11756   0.00000    0.805083    0.805083
 883  -0.11656   0.00000    0.803972    0.803972
 884  -0.11556   0.00000    0.802690    0.802690
 885  -0.11456   0.00000    0.801234    0.801234
 886  -0.11356   0.00000    0.799604    0.799604
 887  -0.11256   0.00000    0.797797    0.797797
 888  -0.11156   0.00000    0.795811    0.795811
 889  -0.11056   0.00000    0.793642    0.793642
 890  -0.10955   0.00000    0.791289    0.791289
 891  -0.10855   0.00000    0.788747    0.788747
 892  -0.10755   0.00000    0.786014    0.786014
 893  -0.10655   0.00000    0.783084    0.783084
 894  -0.10555   0.00000    0.779956    0.779956
 895  -0.10455   0.00000    0.776625    0.776625
 896  -0.10355   0.00000    0.773086    0.773086
 897  -0.10255   0.00000    0.769336    0.769336
 898  -0.10155   0.00000    0.765371    0.765371
 899  -0.10055   0.00000    0.761186    0.761186
 900  -0.09955   0.00000    0.756777    0.756777
 901  -0.09855   0.00000    0.752141    0.752141
 902  -0.09755   0.00000    0.747273    0.747273
 903  -0.09655   0.00000    0.742169    0.742169
 904  -0.09555   0.00000    0.736828    0.736828
 905  -0.09455   0.00000    0.731245    0.731245
 906  -0.09355   0.00000    0.725417    0.725417
 907  -0.09255   0.00000    0.719342    0.719342
 908  -0.09155   0.00000    0.713018    0.713018
 909  -0.09055   0.00000    0.706445    0.706445
 910  -0.08954   0.00000    0.699620    0.699620
 911  -0.08854   0.00000    0.692543    0.692543
 912  -0.08754   0.00000    0.685213    0.685213
 913  -0.08654   0.00000    0.677632    0.677632
 914  -0.08554   0.00000    0.669801    0.669801
 915  -0.08454   0.00000    0.661720    0.661720
 916  -0.08354   0.00000    0.653394    0.653394
 917  -0.08254   0.00000    0.644823    0.644823
 918  -0.08154   0.00000    0.636014    0.636014
 919  -0.08054   0.00000    0.626969    0.626969
 920  -0.07954   0.00000    0.617695    0.617695
 921  -0.07854   0.00000    0.608197    0.608197
 922  -0.07754   0.00000    0.598481    0.598481
 923  -0.07654   0.00000    0.588555    0.588555
 924  -0.07554   0.00000    0.578426    0.578426
 925  -0.07454   0.00000    0.568104    0.568104
 926  -0.07354   0.00000    0.557598    0.557598
 927  -0.07254   0.00000    0.546917    0.546917
 928  -0.07154   0.00000    0.536073    0.536073
 929  -0.07054   0.00000    0.525077    0.525077
 930  -0.06953   0.00000    0.513939    0.513939
 931  -0.06853   0.00000    0.502674    0.502674
 932  -0.06753   0.00000    0.491294    0.491294
 933  -0.06653   0.00000    0.479812    0.479812
 934  -0.06553   0.00000    0.468243    0.468243
 935  -0.06453   0.00000    0.456601    0.456601
 936  -0.06353   0.00000    0.444901    0.444901
 937  -0.06253   0.00000    0.433159    0.433159
 938  -0.06153   0.00000    0.421389    0.421389
 939  -0.06053   0.00000    0.409609    0.409609
 940  -0.05953   0.00000    0.397835    0.397835
 941  -0.05853   0.00000    0.386082    0.386082
 942  -0.05753   0.00000    0.374368    0.374368
 943  -0.05653   0.00000    0.362709    0.362709
 944  -0.05553   0.00000    0.351122    0.351122
 945  -0.05453   0.00000    0.339625    0.339625
 946  -0.05353   0.00000    0.328235    0.328235
 947  -0.05253   0.00000    0.316967    0.316967
 948  -0.05153   0.00000    0.305840    0.305840
 949  -0.05053   0.00000    0.294870    0.294870
 950  -0.04952   0.00000    0.284073    0.284073
 951  -0.04852   0.00000    0.273466    0.273466
 952  -0.04752   0.00000    0.263065    0.263065
 953  -0.04652   0.00000    0.252886    0.252886
 954  -0.04552   0.00000    0.242943    0.242943
 955  -0.04452   0.00000    0.233253    0.233253
 956  -0.04352   0.00000    0.223828    0.223828
 957  -0.04252   0.00000    0.214684    0.214684
 958  -0.04152   0.00000    0.205833    0.205833
 959  -0.04052   0.00000    0.197289    0.197289
 960  -0.03952   0.00000    0.189063    0.189063
 961  -0.03852   0.00000    0.181167    0.181167
 962  -0.03752   0.00000    0.173611    0.173611
 963  -0.03652   0.00000    0.166406    0.166406
 964  -0.03552   0.00000    0.159560    0.159560
 965  -0.03452   0.00000    0.153082    0.153082
 966  -0.03352   0.00000    0.146980    0.146980
 967  -0.03252   0.00000    0.141258    0.141258
 968  -0.03152   0.00000    0.135924    0.135924
 969  -0.03052   0.00000    0.130982    0.130982
 970  -0.02951   0.00000    0.126434    0.126434
 971  -0.02851   0.00000    0.122284    0.122284
 972  -0.02751   0.00000    0.118533    0.118533
 973  -0.02651   0.00000    0.115181    0.115181
 974  -0.02551   0.00000    0.112228    0.112228
 975  -0.02451   0.00000    0.109672    0.109672
 976  -0.02351   0.00000    0.107510    0.107510
 977  -0.02251   0.00000    0.105738    0.105738
 978  -0.02151   0.00000    0.104351    0.104351
 979  -0.02051   0.00000    0.103342    0.103342
 980  -0.01951   0.00000    0.102705    0.102705
 981  -0.01851   0.00000    0.102432    0.102432
 982  -0.01751   0.00000    0.102512    0.102512
 983  -0.01651   0.00000    0.102936    0.102936
 984  -0.01551   0.00000    0.103691    0.103691
 985  -0.01451   0.00000    0.104766    0.104766
 986  -0.01351   0.00000    0.106148    0.106148
 987  -0.01251   0.00000    0.107821    0.107821
 988  -0.01151   0.00000    0.109771    0.109771
 989  -0.01051   0.00000    0.111982    0.111982
 990  -0.00950   0.00000    0.114438    0.114438
 991  -0.00850   0.00000    0.117119    0.117119
 992  -0.00750   0.00000    0.120009    0.120009
 993  -0.00650   0.00000    0.123089    0.123089
 994  -0.00550   0.00000    0.126339    0.126339
 995  -0.00450   0.00000    0.129740    0.129740
 996  -0.00350   0.00000    0.133270    0.133270
 997  -0.00250   0.00000    0.136910    0.136910
 998  -0.00150   0.00000    0.140639    0.140639
 999  -0.00050   0.00000    0.144434    0.144434
1000   0.00050   0.00488    0.148276    0.143393
1001   0.00150   0.01526    0.152142    0.136883
1002   0.00250   0.02502    0.156011    0.130987
1003   0.00350   0.03479    0.159863    0.125073
1004   0.00450   0.04517    0.163674    0.118508
1005   0.00550   0.05493    0.167426    0.112494
1006   0.00650   0.06531    0.171096    0.105788
1007   0.00750   0.07507    0.174664    0.099591
1008   0.00850   0.08484    0.178112    0.093273
1009   0.00950   0.09521    0.181419    0.086204
1010   0.01051   0.10498    0.184566    0.079585
1011   0.01151   0.11536    0.187535    0.072179
1012   0.01251   0.12512    0.190309    0.065187
1013   0.01351   0.13489    0.192872    0.057984
1014   0.01451   0.14526    0.195206    0.049943
1015   0.01551   0.15503    0.197298    0.042269
1016   0.01651   0.16479    0.199132    0.034337
1017   0.01751   0.17517    0.200697    0.025526
1018   0.01851   0.18494    0.201978    0.017042
1019   0.01951   0.19531    0.202966    0.007653
1020   0.02051   0.20508    0.203650    0.001428
1021   0.02151   0.21484    0.204021    0.010823
1022   0.02251   0.22522    0.204071    0.021149
1023   0.02351   0.23499    0.203793    0.031193
1024   0.02451   0.24536    0.203181    0.042181
1025   0.02551   0.25513    0.202231    0.052896
1026   0.02651   0.26489    0.200939    0.063954
1027   0.02751   0.27527    0.199303    0.075965
1028   0.02851   0.28503    0.197322    0.087712
1029   0.02951   0.29541    0.194996    0.100415
1030   0.03052   0.30518    0.192325    0.112851
1031   0.03152   0.31494    0.189311    0.125630
1032   0.03252   0.32532    0.185958    0.139359
1033   0.03352   0.33508    0.182271    0.152812
1034   0.03452   0.34546    0.178253    0.167206
1035   0.03552   0.35522    0.173912    0.181313
1036   0.03652   0.36499    0.169254    0.195736
1037   0.03752   0.37537    0.164288    0.211078
1038   0.03852   0.38513    0.159022    0.226110
1039   0.03952   0.39490    0.153466    0.241432
1040   0.04052   0.40527    0.147631    0.257643
1041   0.04152   0.41504    0.141527    0.273512
1042   0.04252   0.42542    0.135167    0.290248
1043   0.04352   0.43518    0.128564    0.306617
1044   0.04452   0.44495    0.121730    0.323217
1045   0.04552   0.45532    0.114679    0.340643
1046   0.04652   0.46509    0.107426    0.357662
1047   0.04752   0.47546    0.099984    0.375479
1048   0.04852   0.48523    0.092370    0.392859
1049   0.04952   0.49500    0.084599    0.410396
1050   0.05053   0.50537    0.076686    0.428685
1051   0.05153   0.51514    0.068647    0.446490
1052   0.05253   0.52551    0.060499    0.465014
1053   0.05353   0.53528    0.052257    0.483021
1054   0.05453   0.54504    0.043939    0.501105
1055   0.05553   0.55542    0.035560    0.519859
1056   0.05653   0.56519    0.027138    0.538047
1057   0.05753   0.57556    0.018689    0.556873
1058   0.05853   0.58533    0.010229    0.575099
1059   0.05953   0.59509    0.001774    0.593319
1060   0.06053   0.60547   -0.006659    0.612127
1061   0.06153   0.61523   -0.015053    0.630288
1062   0.06253   0.62561   -0.023394    0.649005
1063   0.06353   0.63538   -0.031666    0.667042
1064   0.06453   0.64514   -0.039853    0.684995
1065   0.06553   0.65552   -0.047941    0.703459
1066   0.06653   0.66528   -0.055915    0.721198
1067   0.06753   0.67505   -0.063759    0.738808
1068   0.06853   0.68542   -0.071462    0.756887
1069   0.06953   0.69519   -0.079009    0.774199
1070   0.07054   0.70557   -0.086387    0.791953
1071   0.07154   0.71533   -0.093583    0.808915
1072   0.07254   0.72510   -0.100586    0.825684
1073   0.07354   0.73547   -0.107385    0.842858
1074   0.07454   0.74524   -0.113967    0.859206
1075   0.07554   0.75562   -0.120323    0.875938
1076   0.07654   0.76538   -0.126443    0.891824
1077   0.07754   0.77515   -0.132318    0.907465
1078   0.07854   0.78552   -0.137939    0.923462
1079   0.07954   0.79529   -0.143298    0.938586
1080   0.08054   0.80566   -0.148388    0.954052
1081   0.08154   0.81543   -0.153203    0.968632
1082   0.08254   0.82520   -0.157735    0.982930
1083   0.08354   0.83557   -0.161980    0.997551
1084   0.08454   0.84534   -0.165933    1.011270
1085   0.08554   0.85571   -0.169591    1.025304
1086   0.08654   0.86548   -0.172949    1.038428
1087   0.08754   0.87524   -0.176006    1.051250
1088   0.08854   0.88562   -0.178760    1.064380
1089   0.08954   0.89539   -0.181209    1.076594
1090   0.09055   0.90515   -0.183353    1.088504
1091   0.09155   0.91553   -0.185192    1.100719
1092   0.09255   0.92529   -0.186727    1.112020
1093   0.09355   0.93567   -0.187960    1.123629
1094   0.09455   0.94543   -0.188892    1.134327
1095   0.09555   0.95520   -0.189527    1.144728
1096   0.09655   0.96558   -0.189869    1.155445
1097   0.09755   0.97534   -0.189921    1.165262
1098   0.09855   0.98572   -0.189687    1.175405
1099   0.09955   0.99548   -0.189174    1.184658
1100   0.10055   0.99475   -0.188387    1.183138
1101   0.10155   0.98438   -0.187333    1.171708
1102   0.10255   0.97461   -0.186017    1.160626
1103   0.10355   0.96423   -0.184448    1.148681
1104   0.10455   0.95447   -0.182632    1.137100
1105   0.10555   0.94470   -0.180579    1.125281
1106   0.10655   0.93433   -0.178296    1.112622
1107   0.10755   0.92456   -0.175791    1.100352
1108   0.10855   0.91418   -0.173075    1.087260
1109   0.10955   0.90442   -0.170156    1.074575
1110   0.11056   0.89465   -0.167043    1.061697
1111   0.11156   0.88428   -0.163747    1.048024
1112   0.11256   0.87451   -0.160275    1.034787
1113   0.11356   0.86414   -0.156640    1.020775
1114   0.11456   0.85437   -0.152849    1.007219
1115   0.11556   0.84460   -0.148913    0.993517
1116   0.11656   0.83423   -0.144841    0.979070
1117   0.11756   0.82446   -0.140644    0.965107
1118   0.11856   0.81470   -0.136330    0.951027
1119   0.11956   0.80432   -0.131909    0.936231
1120   0.12056   0.79456   -0.127391    0.921947
1121   0.12156   0.78418   -0.122783    0.906963
1122   0.12256   0.77441   -0.118096    0.892510
1123   0.12356   0.76465   -0.113336    0.877985
1124   0.12456   0.75427   -0.108513    0.862786
1125   0.12556   0.74451   -0.103635    0.848141
1126   0.12656   0.73413   -0.098707    0.832838
1127   0.12756   0.72437   -0.093739    0.818104
1128   0.12856   0.71460   -0.088736    0.803335
1129   0.12956   0.70422   -0.083704    0.787928
1130   0.13057   0.69446   -0.078650    0.773108
1131   0.13157   0.68408   -0.073579    0.757661
1132   0.13257   0.67432   -0.068496    0.742812
1133   0.13357   0.66455   -0.063405    0.727956
1134   0.13457   0.65417   -0.058311    0.712486
1135   0.13557   0.64441   -0.053217    0.697626
1136   0.13657   0.63403   -0.048127    0.682160
1137   0.13757   0.62427   -0.043043    0.667310
1138   0.13857   0.61450   -0.037967    0.652469
1139   0.13957   0.60413   -0.032902    0.637028
1140   0.14057   0.59436   -0.027848    0.622209
1141   0.14157   0.58459   -0.022808    0.607402
1142   0.14257   0.57422   -0.017780    0.591999
1143   0.14357   0.56445   -0.012767    0.577220
1144   0.14457   0.55408   -0.007766    0.561843
1145   0.14557   0.54431   -0.002779    0.547090
1146   0.14657   0.53455    0.002198    0.532348
1147   0.14757   0.52417    0.007163    0.517007
1148   0.14857   0.51440    0.012121    0.502283
1149   0.14957   0.50403    0.017072    0.486956
1150   0.15058   0.49426    0.022019    0.472243
1151   0.15158   0.48450    0.026965    0.457532
1152   0.15258   0.47412    0.031914    0.442207
1153   0.15358   0.46436    0.036868    0.427488
1154   0.15458   0.45398    0.041831    0.412149
1155   0.15558   0.44421    0.046807    0.397406
1156   0.15658   0.43445    0.051801    0.382647
1157   0.15758   0.42407    0.056818    0.367255
1158   0.15858   0.41431    0.061861    0.352446
1159   0.15958   0.40393    0.066936    0.336995
1160   0.16058   0.39417    0.072048    0.322117
1161   0.16158   0.38440    0.077202    0.307197
1162   0.16258   0.37402    0.082405    0.291618
1163   0.16358   0.36426    0.087661    0.276597
1164   0.16458   0.35388    0.092977    0.260905
1165   0.16558   0.34412    0.098358    0.245758
1166   0.16658   0.33435    0.103811    0.230539
1167   0.16758   0.32397    0.109342    0.214633
1168   0.16858   0.31421    0.114957    0.199252
1169   0.16958   0.30444    0.120661    0.183782
1170   0.17059   0.29407    0.126463    0.167604
1171   0.17159   0.28430    0.132367    0.151935
1172   0.17259   0.27393    0.138381    0.135545
1173   0.17359   0.26416    0.144509    0.119651
1174   0.17459   0.25439    0.150760    0.103635
1175   0.17559   0.24402    0.157138    0.086881
1176   0.17659   0.23425    0.163649    0.070604
1177   0.17759   0.22388    0.170300    0.053577
1178   0.17859   0.21411    0.177097    0.037015
1179   0.17959   0.20435    0.184043    0.020302
1180   0.18059   0.19397    0.191146    0.002824
1181   0.18159   0.18420    0.198409    0.014205
1182   0.18259   0.17383    0.205838    0.032010
1183   0.18359   0.16406    0.213436    0.049374
1184   0.18459   0.15430    0.221209    0.066912
1185   0.18559   0.14392    0.229158    0.085238
1186   0.18659   0.13416    0.237289    0.103133
1187   0.18759   0.12378    0.245602    0.121823
1188   0.18859   0.11401    0.254102    0.140088
1189   0.18959   0.10425    0.262789    0.158541
1190   0.19060   0.09387    0.271665    0.177793
1191   0.19160   0.08411    0.280731    0.196624
1192   0.19260   0.07434    0.289987    0.215646
1193   0.19360   0.06396    0.299433    0.235468
1194   0.19460   0.05420    0.309068    0.254869
1195   0.19560   0.04382    0.318891    0.275067
1196   0.19660   0.03406    0.328899    0.294842
1197   0.19760   0.02429    0.339091    0.314799
1198   0.19860   0.01392    0.349464    0.335548
1199   0.19960   0.00415    0.360013    0.355862
1200   0.20060   0.00000    0.370734    0.370734
1201   0.20160   0.00000    0.381623    0.381623
1202   0.20260   0.00000    0.392674    0.392674
1203   0.20360   0.00000    0.403881    0.403881
1204   0.20460   0.00000    0.415239    0.415239
1205   0.20560   0.00000    0.426740    0.426740
1206   0.20660   0.00000    0.438377    0.438377
1207   0.20760   0.00000    0.450142    0.450142
1208   0.20860   0.00000    0.462028    0.462028
1209   0.20960   0.00000    0.474025    0.474025
1210   0.21061   0.00000    0.486125    0.486125
1211   0.21161   0.00000    0.498320    0.498320
1212   0.21261   0.00000    0.510599    0.510599
1213   0.21361   0.00000    0.522953    0.522953
1214   0.21461   0.00000    0.535374    0.535374
1215   0.21561   0.00000    0.547850    0.547850
1216   0.21661   0.00000    0.560374    0.560374
1217   0.21761   0.00000    0.572934    0.572934
1218   0.21861   0.00000    0.585523    0.585523
1219   0.21961   0.00000    0.598129    0.598129
1220   0.22061   0.00000    0.610744    0.610744
1221   0.22161   0.00000    0.623359    0.623359
1222   0.22261   0.00000    0.635964    0.635964
1223   0.22361   0.00000    0.648550    0.648550
1224   0.22461   0.00000    0.661109    0.661109
1225   0.22561   0.00000    0.673632    0.673632
1226   0.22661   0.00000    0.686110    0.686110
1227   0.22761   0.00000    0.698537    0.698537
1228   0.22861   0.00000    0.710904    0.710904
1229   0.22961   0.00000    0.723205    0.723205
1230   0.23062   0.00000    0.735431    0.735431
1231   0.23162   0.00000    0.747577    0.747577
1232   0.23262   0.00000    0.759636    0.759636
1233   0.23362   0.00000    0.771602    0.771602
1234   0.23462   0.00000    0.783468    0.783468
1235   0.23562   0.00000    0.795230    0.795230
1236   0.23662   0.00000    0.806880    0.806880
1237   0.23762   0.00000    0.818415    0.818415
1238   0.23862   0.00000    0.829828    0.829828
1239   0.23962   0.00000    0.841115    0.841115
1240   0.24062   0.00000    0.852270    0.852270
1241   0.24162   0.00000    0.863288    0.863288
1242   0.24262   0.00000    0.874164    0.874164
1243   0.24362   0.00000    0.884894    0.884894
1244   0.24462   0.00000    0.895471    0.895471
1245   0.24562   0.00000    0.905891    0.905891
1246   0.24662   0.00000    0.916149    0.916149
1247   0.24762   0.00000    0.926238    0.926238
1248   0.24862   0.00000    0.936152    0.936152
1249   0.24962   0.00000    0.945886    0.945886
1250   0.25063   0.00000    0.955434    0.955434
1251   0.25163   0.00000    0.964788    0.964788
1252   0.25263   0.00000    0.973943    0.973943
1253   0.25363   0.00000    0.982890    0.982890
1254   0.25463   0.00000    0.991624    0.991624
1255   0.25563   0.00000    1.000136    1.000136
1256   0.25663   0.00000    1.008419    1.008419
1257   0.25763   0.00000    1.016464    1.016464
1258   0.25863   0.00000    1.024263    1.024263
1259   0.25963   0.00000    1.031808    1.031808
1260   0.26063   0.00000    1.039090    1.039090
1261   0.26163   0.00000    1.046098    1.046098
1262   0.26263   0.00000    1.052826    1.052826
1263   0.26363   0.00000    1.059262    1.059262
1264   0.26463   0.00000    1.065398    1.065398
1265   0.26563   0.00000    1.071226    1.071226
1266   0.26663   0.00000    1.076735    1.076735
1267   0.26763   0.00000    1.081917    1.081917
1268   0.26863   0.00000    1.086764    1.086764
1269   0.26963   0.00000    1.091266    1.091266
1270   0.27064   0.00000    1.095417    1.095417
1271   0.27164   0.00000    1.099210    1.099210
1272   0.27264   0.00000    1.102636    1.102636
1273   0.27364   0.00000    1.105690    1.105690
1274   0.27464   0.00000    1.108367    1.108367
1275   0.27564   0.00000    1.110660    1.110660
1276   0.27664   0.00000    1.112565    1.112565
1277   0.27764   0.00000    1.114080    1.114080
1278   0.27864   0.00000    1.115201    1.115201
1279   0.27964   0.00000    1.115928    1.115928
1280   0.28064   0.00000    1.116259    1.116259
1281   0.28164   0.00000    1.116194    1.116194
1282   0.28264   0.00000    1.115735    1.115735
1283   0.28364   0.00000    1.114883    1.114883
1284   0.28464   0.00000    1.113643    1.113643
1285   0.28564   0.00000    1.112019    1.112019
1286   0.28664   0.00000    1.110016    1.110016
1287   0.28764   0.00000    1.107641    1.107641
1288   0.28864   0.00000    1.104900    1.104900
1289   0.28964   0.00000    1.101803    1.101803
1290   0.29065   0.00000    1.098359    1.098359
1291   0.29165   0.00000    1.094578    1.094578
1292   0.29265   0.00000    1.090470    1.090470
1293   0.29365   0.00000    1.086047    1.086047
1294   0.29465   0.00000    1.081321    1.081321
1295   0.29565   0.00000    1.076306    1.076306
1296   0.29665   0.00000    1.071013    1.071013
1297   0.29765   0.00000    1.065457    1.065457
1298   0.29865   0.00000    1.059651    1.059651
1299   0.29965   0.00000    1.053611    1.053611
1300   0.30065   0.00000    1.047349    1.047349
1301   0.30165   0.00000    1.040881    1.040881
1302   0.30265   0.00000    1.034219    1.034219
1303   0.30365   0.00000    1.027377    1.027377
1304   0.30465   0.00000    1.020370    1.020370
1305   0.30565   0.00000    1.013211    1.013211
1306   0.30665   0.00000    1.005912    1.005912
1307   0.30765   0.00000    0.998486    0.998486
1308   0.30865   0.00000    0.990944    0.990944
1309   0.30965   0.00000    0.983296    0.983296
1310   0.31066   0.00000    0.975553    0.975553
1311   0.31166   0.00000    0.967724    0.967724
1312   0.31266   0.00000    0.959817    0.959817
1313   0.31366   0.00000    0.951839    0.951839
1314   0.31466   0.00000    0.943796    0.943796
1315   0.31566   0.00000    0.935695    0.935695
1316   0.31666   0.00000    0.927539    0.927539
1317   0.31766   0.00000    0.919331    0.919331
1318   0.31866   0.00000    0.911074    0.911074
1319   0.31966   0.00000    0.902770    0.902770
1320   0.32066   0.00000    0.894419    0.894419
1321   0.32166   0.00000    0.886022    0.886022
1322   0.32266   0.00000    0.877576    0.877576
1323   0.32366   0.00000    0.869080    0.869080
1324   0.32466   0.00000    0.860532    0.860532
1325   0.32566   0.00000    0.851928    0.851928
1326   0.32666   0.00000    0.843265    0.843265
1327   0.32766   0.00000    0.834539    0.834539
1328   0.32866   0.00000    0.825746    0.825746
1329   0.32966   0.00000    0.816881    0.816881
1330   0.33067   0.00000    0.807940    0.807940
1331   0.33167   0.00000    0.798918    0.798918
1332   0.33267   0.00000    0.789809    0.789809
1333   0.33367   0.00000    0.780612    0.780612
1334   0.33467   0.00000    0.771320    0.771320
1335   0.33567   0.00000    0.761930    0.761930
1336   0.33667   0.00000    0.752440    0.752440
1337   0.33767   0.00000    0.742846    0.742846
1338   0.33867   0.00000    0.733147    0.733147
1339   0.33967   0.00000    0.723342    0.723342
1340   0.34067   0.00000    0.713430    0.713430
1341   0.34167   0.00000    0.703412    0.703412
1342   0.34267   0.00000    0.693289    0.693289
1343   0.34367   0.00000    0.683064    0.683064
1344   0.34467   0.00000    0.672740    0.672740
1345   0.34567   0.00000    0.662322    0.662322
1346   0.34667   0.00000    0.651815    0.651815
1347   0.34767   0.00000    0.641225    0.641225
1348   0.34867   0.00000    0.630560    0.630560
1349   0.34967   0.00000    0.619828    0.619828
1350   0.35068   0.00000    0.609038    0.609038
1351   0.35168   0.00000    0.598202    0.598202
1352   0.35268   0.00000    0.587330    0.587330
1353   0.35368   0.00000    0.576434    0.576434
1354   0.35468   0.00000    0.565526    0.565526
1355   0.35568   0.00000    0.554619    0.554619
1356   0.35668   0.00000    0.543727    0.543727
1357   0.35768   0.00000    0.532864    0.532864
1358   0.35868   0.00000    0.522044    0.522044
1359   0.35968   0.00000    0.511281    0.511281
1360   0.36068   0.00000    0.500591    0.500591
1361   0.36168   0.00000    0.489988    0.489988
1362   0.36268   0.00000    0.479485    0.479485
1363   0.36368   0.00000    0.469098    0.469098
1364   0.36468   0.00000    0.458839    0.458839
1365   0.36568   0.00000    0.448722    0.448722
1366   0.36668   0.00000    0.438760    0.438760
1367   0.36768   0.00000    0.428964    0.428964
1368   0.36868   0.00000    0.419346    0.419346
1369   0.36968   0.00000    0.409915    0.409915
1370   0.37069   0.00000    0.400682    0.400682
1371   0.37169   0.00000    0.391654    0.391654
1372   0.37269   0.00000    0.382838    0.382838
1373   0.37369   0.00000    0.374241    0.374241
1374   0.37469   0.00000    0.365867    0.365867
1375   0.37569   0.00000    0.357720    0.357720
1376   0.37669   0.00000    0.349801    0.349801
1377   0.37769   0.00000    0.342113    0.342113
1378   0.37869   0.00000    0.334654    0.334654
1379   0.37969   0.00000    0.327423    0.327423
1380   0.38069   0.00000    0.320418    0.320418
1381   0.38169   0.00000    0.313635    0.313635
1382   0.38269   0.00000    0.307068    0.307068
1383   0.38369   0.00000    0.300711    0.300711
1384   0.38469   0.00000    0.294558    0.294558
1385   0.38569   0.00000    0.288601    0.288601
1386   0.38669   0.00000    0.282830    0.282830
1387   0.38769   0.00000    0.277235    0.277235
1388   0.38869   0.00000    0.271807    0.271807
1389   0.38969   0.00000    0.266535    0.266535
1390   0.39070   0.00000    0.261406    0.261406
1391   0.39170   0.00000    0.256410    0.256410
1392   0.39270   0.00000    0.251535    0.251535
1393   0.39370   0.00000    0.246769    0.246769
1394   0.39470   0.00000    0.242099    0.242099
1395   0.39570   0.00000    0.237513    0.237513
1396   0.39670   0.00000    0.233001    0.233001
1397   0.39770   0.00000    0.228550    0.228550
1398   0.39870   0.00000    0.224149    0.224149
1399   0.39970   0.00000    0.219788    0.219788
1400   0.40070   0.11776    0.215458    0.097697
1401   0.40170   0.18212    0.211148    0.029029
1402   0.40270   0.23122    0.206852    0.024373
1403   0.40370   0.26902    0.202559    0.066460
1404   0.40470   0.30373    0.198266    0.105462
1405   0.40570   0.33281    0.193964    0.138848
1406   0.40670   0.35929    0.189650    0.169636
1407   0.40770   0.38516    0.185319    0.199837
1408   0.40870   0.40777    0.180969    0.226798
1409   0.40970   0.43025    0.176598    0.253651
1410   0.41071   0.45017    0.172205    0.277962
1411   0.41171   0.46904    0.167790    0.301247
1412   0.41271   0.48807    0.163354    0.324719
1413   0.41371   0.50514    0.158899    0.346241
1414   0.41471   0.52246    0.154429    0.368036
1415   0.41571   0.53808    0.149946    0.388131
1416   0.41671   0.55308    0.145456    0.407622
1417   0.41771   0.56840    0.140963    0.427435
1418   0.41871   0.58228    0.136473    0.445807
1419   0.41971   0.59650    0.131994    0.464507
1420   0.42071   0.60942    0.127532    0.481889
1421   0.42171   0.62192    0.123094    0.498826
1422   0.42271   0.63477    0.118688    0.516077
1423   0.42371   0.64647    0.114323    0.532147
1424   0.42471   0.65782    0.110005    0.547816
1425   0.42571   0.66952    0.105744    0.563772
1426   0.42671   0.68019    0.101547    0.578647
1427   0.42771   0.69121    0.097423    0.593784
1428   0.42871   0.70128    0.093380    0.607896
1429   0.42971   0.71107    0.089424    0.621642
1430   0.43072   0.72118    0.085564    0.635615
1431   0.43172   0.73043    0.081807    0.648627
1432   0.43272   0.74000    0.078158    0.661842
1433   0.43372   0.74876    0.074623    0.674136
1434   0.43472   0.75729    0.071209    0.686083
1435   0.43572   0.76612    0.067920    0.698198
1436   0.43672   0.77421    0.064759    0.709446
1437   0.43772   0.78257    0.061731    0.720842
1438   0.43872   0.79024    0.058838    0.731406
1439   0.43972   0.79772    0.056082    0.741639
1440   0.44072   0.80546    0.053464    0.751995
1441   0.44172   0.81255    0.050986    0.761568
1442   0.44272   0.81990    0.048647    0.771251
1443   0.44372   0.82663    0.046446    0.780185
1444   0.44472   0.83320    0.044383    0.788813
1445   0.44572   0.83999    0.042454    0.797536
1446   0.44672   0.84622    0.040658    0.805560
1447   0.44772   0.85266    0.038991    0.813672
1448   0.44872   0.85857    0.037450    0.821120
1449   0.44972   0.86433    0.036031    0.828296
1450   0.45073   0.87028    0.034729    0.835553
1451   0.45173   0.87574    0.033539    0.842198
1452   0.45273   0.88105    0.032456    0.848594
1453   0.45373   0.88654    0.031475    0.855067
1454   0.45473   0.89157    0.030591    0.860981
1455   0.45573   0.89677    0.029796    0.866970
1456   0.45673   0.90152    0.029086    0.872433
1457   0.45773   0.90614    0.028454    0.877688
1458   0.45873   0.91091    0.027896    0.883018
1459   0.45973   0.91527    0.027404    0.887870
1460   0.46073   0.91977    0.026973    0.892797
1461   0.46173   0.92388    0.026598    0.897278
1462   0.46273   0.92786    0.026274    0.901588
1463   0.46373   0.93196    0.025994    0.905971
1464   0.46473   0.93571    0.025754    0.909951
1465   0.46573   0.93955    0.025550    0.914001
1466   0.46673   0.94305    0.025377    0.917677
1467   0.46773   0.94644    0.025230    0.921211
1468   0.46873   0.94992    0.025106    0.924812
1469   0.46973   0.95307    0.025001    0.928074
1470   0.47074   0.95631    0.024912    0.931397
1471   0.47174   0.95924    0.024835    0.934405
1472   0.47274   0.96206    0.024769    0.937294
1473   0.47374   0.96495    0.024709    0.940236
1474   0.47474   0.96755    0.024654    0.942894
1475   0.47574   0.97005    0.024602    0.945444
1476   0.47674   0.97259    0.024551    0.948035
1477   0.47774   0.97487    0.024499    0.950370
1478   0.47874   0.97718    0.024443    0.952739
1479   0.47974   0.97925    0.024384    0.954870
1480   0.48074   0.98122    0.024318    0.956906
1481   0.48174   0.98321    0.024244    0.958963
1482   0.48274   0.98497    0.024162    0.960808
1483   0.48374   0.98673    0.024068    0.962664
1484   0.48474   0.98829    0.023963    0.964327
1485   0.48574   0.98975    0.023844    0.965904
1486   0.48674   0.99119    0.023709    0.967481
1487   0.48774   0.99245    0.023558    0.968888
1488   0.48874   0.99367    0.023387    0.970287
1489   0.48974   0.99473    0.023196    0.971533
1490   0.49075   0.99569    0.022981    0.972706
1491   0.49175   0.99660    0.022741    0.973858
1492   0.49275   0.99736    0.022474    0.974885
1493   0.49375   0.99806    0.022177    0.975884
1494   0.49475   0.99862    0.021847    0.976774
1495   0.49575   0.99909    0.021483    0.977604
1496   0.49675   0.99948    0.021082    0.978395
1497   0.49775   0.99974    0.020641    0.979104
1498   0.49875   0.99993    0.020158    0.979768
1499   0.49975   1.00000    0.019630    0.980367
1500   0.50075   0.99997    0.019055    0.980918
1501   0.50175   0.99984    0.018431    0.981412
1502   0.50275   0.99962    0.017756    0.981867
1503   0.50375   0.99931    0.017028    0.982279
1504   0.50475   0.99887    0.016246    0.982621
1505   0.50575   0.99835    0.015407    0.982945
1506   0.50675   0.99770    0.014513    0.983190
1507   0.50775   0.99699    0.013561    0.983430
1508   0.50875   0.99618    0.012552    0.983632
1509   0.50975   0.99522    0.011486    0.983734
1510   0.51076   0.99421    0.010365    0.983849
1511   0.51176   0.99304    0.009189    0.983848
1512   0.51276   0.99183    0.007961    0.983869
1513   0.51376   0.99053    0.006684    0.983842
1514   0.51476   0.98903    0.005360    0.983672
1515   0.51576   0.98752    0.003993    0.983531
1516   0.51676   0.98581    0.002588    0.983226
1517   0.51776   0.98410    0.001149    0.982951
1518   0.51876   0.98229   -0.000317    0.982605
1519   0.51976   0.98025   -0.001804    0.982056
1520   0.52076   0.97823   -0.003306    0.981537
1521   0.52176   0.97597   -0.004815    0.980787
1522   0.52276   0.97374   -0.006323    0.980064
1523   0.52376   0.97141   -0.007823    0.979228
1524   0.52476   0.96881   -0.009305    0.978115
1525   0.52576   0.96626   -0.010760    0.977020
1526   0.52676   0.96360   -0.012179    0.975783
1527   0.52776   0.96066   -0.013553    0.974218
1528   0.52876   0.95779   -0.014871    0.972659
1529   0.52976   0.95461   -0.016124    0.970736
1530   0.53077   0.95151   -0.017301    0.968811
1531   0.53177   0.94830   -0.018394    0.966691
1532   0.53277   0.94476   -0.019392    0.964153
1533   0.53377   0.94132   -0.020286    0.961603
1534   0.53477   0.93753   -0.021067    0.958599
1535   0.53577   0.93385   -0.021727    0.955576
1536   0.53677   0.93005   -0.022257    0.952307
1537   0.53777   0.92588   -0.022650    0.948534
1538   0.53877   0.92184   -0.022899    0.944738
1539   0.53977   0.91741   -0.022999    0.940406
1540   0.54077   0.91311   -0.022943    0.936053
1541   0.54177   0.90869   -0.022729    0.931414
1542   0.54277   0.90385   -0.022351    0.926198
1543   0.54377   0.89916   -0.021810    0.920969
1544   0.54477   0.89403   -0.021102    0.915136
1545   0.54577   0.88907   -0.020228    0.909302
1546   0.54677   0.88398   -0.019190    0.903168
1547   0.54777   0.87841   -0.017990    0.896401
1548   0.54877   0.87303   -0.016631    0.889659
1549   0.54977   0.86715   -0.015118    0.882269
1550   0.55078   0.86147   -0.013458    0.874925
1551   0.55178   0.85564   -0.011657    0.867293
1552   0.55278   0.84927   -0.009724    0.858997
1553   0.55378   0.84312   -0.007668    0.850792
1554   0.55478   0.83682   -0.005501    0.842316
1555   0.55578   0.82993   -0.003233    0.833167
1556   0.55678   0.82329   -0.000879    0.824165
1557   0.55778   0.81603    0.001549    0.814485
1558   0.55878   0.80903    0.004036    0.804993
1559   0.55978   0.80184    0.006567    0.795276
1560   0.56078   0.79401    0.009126    0.784880
1561   0.56178   0.78643    0.011695    0.774737
1562   0.56278   0.77817    0.014259    0.763912
1563   0.56378   0.77019    0.016800    0.753388
1564   0.56478   0.76199    0.019300    0.742695
1565   0.56578   0.75305    0.021742    0.731312
1566   0.56678   0.74441    0.024108    0.720300
1567   0.56778   0.73497    0.026381    0.708588
1568   0.56878   0.72584    0.028544    0.697294
1569   0.56978   0.71646    0.030579    0.685878
1570   0.57079   0.70620    0.032471    0.673734
1571   0.57179   0.69628    0.034204    0.662072
1572   0.57279   0.68542    0.035764    0.649654
1573   0.57379   0.67489    0.037136    0.637757
1574   0.57479   0.66406    0.038309    0.625750
1575   0.57579   0.65219    0.039269    0.612920
1576   0.57679   0.64066    0.040007    0.600656
1577   0.57779   0.62877    0.040514    0.588260
1578   0.57879   0.61572    0.040782    0.574940
1579   0.57979   0.60302    0.040804    0.562212
1580   0.58079   0.58904    0.040576    0.548462
1581   0.58179   0.57540    0.040094    0.535307
1582   0.58279   0.56126    0.039358    0.521906
1583   0.58379   0.54565    0.038367    0.507284
1584   0.58479   0.53035    0.037123    0.493228
1585   0.58579   0.51339    0.035629    0.477762
1586   0.58679   0.49670    0.033892    0.462813
1587   0.58779   0.47924    0.031916    0.447321
1588   0.58879   0.45972    0.029711    0.430013
1589   0.58979   0.44035    0.027288    0.413060
1590   0.59080   0.41853    0.024656    0.393873
1591   0.59180   0.39665    0.021831    0.374822
1592   0.59280   0.37324    0.018825    0.354416
1593   0.59380   0.34634    0.015656    0.330681
1594   0.59480   0.31864    0.012339    0.306301
1595   0.59580   0.28593    0.008893    0.277032
1596   0.59680   0.25088    0.005337    0.245545
1597   0.59780   0.20962    0.001692    0.207927
1598   0.59880   0.15343   -0.002022    0.155454
1599   0.59980   0.06439   -0.005783    0.070173
1600   0.60080   0.00000   -0.009569    0.009569
1601   0.60180   0.00000   -0.013358    0.013358
1602   0.60280   0.00000   -0.017127    0.017127
1603   0.60380   0.00000   -0.020852    0.020852
1604   0.60480   0.00000   -0.024512    0.024512
1605   0.60580   0.00000   -0.028084    0.028084
1606   0.60680   0.00000   -0.031545    0.031545
1607   0.60780   0.00000   -0.034874    0.034874
1608   0.60880   0.00000   -0.038048    0.038048
1609   0.60980   0.00000   -0.041049    0.041049
1610   0.61081   0.00000   -0.043856    0.043856
1611   0.61181   0.00000   -0.046451    0.046451
1612   0.61281   0.00000   -0.048815    0.048815
1613   0.61381   0.00000   -0.050933    0.050933
1614   0.61481   0.00000   -0.052790    0.052790
1615   0.61581   0.00000   -0.054372    0.054372
1616   0.61681   0.00000   -0.055668    0.055668
1617   0.61781   0.00000   -0.056665    0.056665
1618   0.61881   0.00000   -0.057357    0.057357
1619   0.61981   0.00000   -0.057735    0.057735
1620   0.62081   0.00000   -0.057794    0.057794
1621   0.62181   0.00000   -0.057531    0.057531
1622   0.62281   0.00000   -0.056944    0.056944
1623   0.62381   0.00000   -0.056033    0.056033
1624   0.62481   0.00000   -0.054800    0.054800
1625   0.62581   0.00000   -0.053249    0.053249
1626   0.62681   0.00000   -0.051384    0.051384
1627   0.62781   0.00000   -0.049215    0.049215
1628   0.62881   0.00000   -0.046748    0.046748
1629   0.62981   0.00000   -0.043997    0.043997
1630   0.63082   0.00000   -0.040972    0.040972
1631   0.63182   0.00000   -0.037688    0.037688
1632   0.63282   0.00000   -0.034161    0.034161
1633   0.63382   0.00000   -0.030407    0.030407
1634   0.63482   0.00000   -0.026445    0.026445
1635   0.63582   0.00000   -0.022294    0.022294
1636   0.63682   0.00000   -0.017975    0.017975
1637   0.63782   0.00000   -0.013510    0.013510
1638   0.63882   0.00000   -0.008920    0.008920
1639   0.63982   0.00000   -0.004230    0.004230
1640   0.64082   0.00000    0.000536    0.000536
1641   0.64182   0.00000    0.005354    0.005354
1642   0.64282   0.00000    0.010200    0.010200
1643   0.64382   0.00000    0.015047    0.015047
1644   0.64482   0.00000    0.019871    0.019871
1645   0.64582   0.00000    0.024646    0.024646
1646   0.64682   0.00000    0.029346    0.029346
1647   0.64782   0.00000    0.033948    0.033948
1648   0.64882   0.00000    0.038425    0.038425
1649   0.64982   0.00000    0.042755    0.042755
1650   0.65083   0.00000    0.046914    0.046914
1651   0.65183   0.00000    0.050879    0.050879
1652   0.65283   0.00000    0.054628    0.054628
1653   0.65383   0.00000    0.058140    0.058140
1654   0.65483   0.00000    0.061396    0.061396
1655   0.65583   0.00000    0.064376    0.064376
1656   0.65683   0.00000    0.067065    0.067065
1657   0.65783   0.00000    0.069446    0.069446
1658   0.65883   0.00000    0.071503    0.071503
1659   0.65983   0.00000    0.073226    0.073226
1660   0.66083   0.00000    0.074601    0.074601
1661   0.66183   0.00000    0.075620    0.075620
1662   0.66283   0.00000    0.076275    0.076275
1663   0.66383   0.00000    0.076558    0.076558
1664   0.66483   0.00000    0.076467    0.076467
1665   0.66583   0.00000    0.075998    0.075998
1666   0.66683   0.00000    0.075150    0.075150
1667   0.66783   0.00000    0.073924    0.073924
1668   0.66883   0.00000    0.072324    0.072324
1669   0.66983   0.00000    0.070353    0.070353
1670   0.67084   0.00000    0.068019    0.068019
1671   0.67184   0.00000    0.065330    0.065330
1672   0.67284   0.00000    0.062296    0.062296
1673   0.67384   0.00000    0.058928    0.058928
1674   0.67484   0.00000    0.055240    0.055240
1675   0.67584   0.00000    0.051247    0.051247
1676   0.67684   0.00000    0.046966    0.046966
1677   0.67784   0.00000    0.042414    0.042414
1678   0.67884   0.00000    0.037612    0.037612
1679   0.67984   0.00000    0.032579    0.032579
1680   0.68084   0.00000    0.027338    0.027338
1681   0.68184   0.00000    0.021912    0.021912
1682   0.68284   0.00000    0.016325    0.016325
1683   0.68384   0.00000    0.010602    0.010602
1684   0.68484   0.00000    0.004770    0.004770
1685   0.68584   0.00000   -0.001147    0.001147
1686   0.68684   0.00000   -0.007119    0.007119
1687   0.68784   0.00000   -0.013121    0.013121
1688   0.68884   0.00000   -0.019123    0.019123
1689   0.68984   0.00000   -0.025098    0.025098
1690   0.69085   0.00000   -0.031018    0.031018
1691   0.69185   0.00000   -0.036854    0.036854
1692   0.69285   0.00000   -0.042579    0.042579
1693   0.69385   0.00000   -0.048165    0.048165
1694   0.69485   0.00000   -0.053585    0.053585
1695   0.69585   0.00000   -0.058812    0.058812
1696   0.69685   0.00000   -0.063821    0.063821
1697   0.69785   0.00000   -0.068586    0.068586
1698   0.69885   0.00000   -0.073084    0.073084
1699   0.69985   0.00000   -0.077291    0.077291
1700   0.70085   0.00000   -0.081185    0.081185
1701   0.70185   0.00000   -0.084746    0.084746
1702   0.70285   0.00000   -0.087956    0.087956
1703   0.70385   0.00000   -0.090795    0.090795
1704   0.70485   0.00000   -0.093249    0.093249
1705   0.70585   0.00000   -0.095302    0.095302
1706   0.70685   0.00000   -0.096943    0.096943
1707   0.70785   0.00000   -0.098160    0.098160
1708   0.70885   0.00000   -0.098945    0.098945
1709   0.70985   0.00000   -0.099290    0.099290
1710   0.71086   0.00000   -0.099191    0.099191
1711   0.71186   0.00000   -0.098644    0.098644
1712   0.71286   0.00000   -0.097650    0.097650
1713   0.71386   0.00000   -0.096208    0.096208
1714   0.71486   0.00000   -0.094322    0.094322
1715   0.71586   0.00000   -0.091999    0.091999
1716   0.71686   0.00000   -0.089244    0.089244
1717   0.71786   0.00000   -0.086069    0.086069
1718   0.71886   0.00000   -0.082483    0.082483
1719   0.71986   0.00000   -0.078501    0.078501
1720   0.72086   0.00000   -0.074138    0.074138
1721   0.72186   0.00000   -0.069412    0.069412
1722   0.72286   0.00000   -0.064341    0.064341
1723   0.72386   0.00000   -0.058947    0.058947
1724   0.72486   0.00000   -0.053251    0.053251
1725   0.72586   0.00000   -0.047278    0.047278
1726   0.72686   0.00000   -0.041053    0.041053
1727   0.72786   0.00000   -0.034602    0.034602
1728   0.72886   0.00000   -0.027954    0.027954
1729   0.72986   0.00000   -0.021137    0.021137
1730   0.73087   0.00000   -0.014182    0.014182
1731   0.73187   0.00000   -0.007118    0.007118
1732   0.73287   0.00000    0.000023    0.000023
1733   0.73387   0.00000    0.007210    0.007210
1734   0.73487   0.00000    0.014411    0.014411
1735   0.73587   0.00000    0.021593    0.021593
1736   0.73687   0.00000    0.028724    0.028724
1737   0.73787   0.00000    0.035774    0.035774
1738   0.73887   0.00000    0.042709    0.042709
1739   0.73987   0.00000    0.049499    0.049499
1740   0.74087   0.00000    0.056114    0.056114
1741   0.74187   0.00000    0.062523    0.062523
1742   0.74287   0.00000    0.068699    0.068699
1743   0.74387   0.00000    0.074612    0.074612
1744   0.74487   0.00000    0.080238    0.080238
1745   0.74587   0.00000    0.085550    0.085550
1746   0.74687   0.00000    0.090526    0.090526
1747   0.74787   0.00000    0.095143    0.095143
1748   0.74887   0.00000    0.099380    0.099380
1749   0.74987   0.00000    0.103221    0.103221
1750   0.75088   0.00000    0.106647    0.106647
1751   0.75188   0.00000    0.109645    0.109645
1752   0.75288   0.00000    0.112202    0.112202
1753   0.75388   0.00000    0.114308    0.114308
1754   0.75488   0.00000    0.115954    0.115954
1755   0.75588   0.00000    0.117134    0.117134
1756   0.75688   0.00000    0.117846    0.117846
1757   0.75788   0.00000    0.118086    0.118086
1758   0.75888   0.00000    0.117857    0.117857
1759   0.75988   0.00000    0.117160    0.117160
1760   0.76088   0.00000    0.116000    0.116000
1761   0.76188   0.00000    0.114386    0.114386
1762   0.76288   0.00000    0.112326    0.112326
1763   0.76388   0.00000    0.109832    0.109832
1764   0.76488   0.00000    0.106916    0.106916
1765   0.76588   0.00000    0.103594    0.103594
1766   0.76688   0.00000    0.099882    0.099882
1767   0.76788   0.00000    0.095799    0.095799
1768   0.76888   0.00000    0.091365    0.091365
1769   0.76988   0.00000    0.086601    0.086601
1770   0.77089   0.00000    0.081530    0.081530
1771   0.77189   0.00000    0.076174    0.076174
1772   0.77289   0.00000    0.070560    0.070560
1773   0.77389   0.00000    0.064712    0.064712
1774   0.77489   0.00000    0.058656    0.058656
1775   0.77589   0.00000    0.052419    0.052419
1776   0.77689   0.00000    0.046028    0.046028
1777   0.77789   0.00000    0.039509    0.039509
1778   0.77889   0.00000    0.032891    0.032891
1779   0.77989   0.00000    0.026199    0.026199
1780   0.78089   0.00000    0.019462    0.019462
1781   0.78189   0.00000    0.012704    0.012704
1782   0.78289   0.00000    0.005952    0.005952
1783   0.78389   0.00000   -0.000770    0.000770
1784   0.78489   0.00000   -0.007436    0.007436
1785   0.78589   0.00000   -0.014025    0.014025
1786   0.78689   0.00000   -0.020513    0.020513
1787   0.78789   0.00000   -0.026880    0.026880
1788   0.78889   0.00000   -0.033105    0.033105
1789   0.78990   0.00000   -0.039171    0.039171
1790   0.79090   0.00000   -0.045060    0.045060
1791   0.79190   0.00000   -0.050757    0.050757
1792   0.79290   0.00000   -0.056247    0.056247
1793   0.79390   0.00000   -0.061518    0.061518
1794   0.79490   0.00000   -0.066558    0.066558
1795   0.79590   0.00000   -0.071359    0.071359
1796   0.79690   0.00000   -0.075912    0.075912
1797   0.79790   0.00000   -0.080211    0.080211
1798   0.79890   0.00000   -0.084250    0.084250
1799   0.79990   0.00000   -0.088026    0.088026
1800   0.80090   0.00000   -0.091537    0.091537
1801   0.80190   0.00000   -0.094781    0.094781
1802   0.80290   0.00000   -0.097760    0.097760
1803   0.80390   0.00000   -0.100475    0.100475
1804   0.80490   0.00000   -0.102928    0.102928
1805   0.80590   0.00000   -0.105122    0.105122
1806   0.80690   0.00000   -0.107063    0.107063
1807   0.80790   0.00000   -0.108755    0.108755
1808   0.80890   0.00000   -0.110205    0.110205
1809   0.80991   0.00000   -0.111418    0.111418
1810   0.81091   0.00000   -0.112401    0.112401
1811   0.81191   0.00000   -0.113162    0.113162
1812   0.81291   0.00000   -0.113707    0.113707
1813   0.81391   0.00000   -0.114044    0.114044
1814   0.81491   0.00000   -0.114179    0.114179
1815   0.81591   0.00000   -0.114120    0.114120
1816   0.81691   0.00000   -0.113874    0.113874
1817   0.81791   0.00000   -0.113447    0.113447
1818   0.81891   0.00000   -0.112844    0.112844
1819   0.81991   0.00000   -0.112072    0.112072
1820   0.82091   0.00000   -0.111134    0.111134
1821   0.82191   0.00000   -0.110034    0.110034
1822   0.82291   0.00000   -0.108776    0.108776
1823   0.82391   0.00000   -0.107363    0.107363
1824   0.82491   0.00000   -0.105795    0.105795
1825   0.82591   0.00000   -0.104073    0.104073
1826   0.82691   0.00000   -0.102198    0.102198
1827   0.82791   0.00000   -0.100168    0.100168
1828   0.82891   0.00000   -0.097981    0.097981
1829   0.82992   0.00000   -0.095634    0.095634
1830   0.83092   0.00000   -0.093125    0.093125
1831   0.83192   0.00000   -0.090449    0.090449
1832   0.83292   0.00000   -0.087601    0.087601
1833   0.83392   0.00000   -0.084576    0.084576
1834   0.83492   0.00000   -0.081368    0.081368
1835   0.83592   0.00000   -0.077970    0.077970
1836   0.83692   0.00000   -0.074376    0.074376
1837   0.83792   0.00000   -0.070578    0.070578
1838   0.83892   0.00000   -0.066571    0.066571
1839   0.83992   0.00000   -0.062348    0.062348
1840   0.84092   0.00000   -0.057900    0.057900
1841   0.84192   0.00000   -0.053223    0.053223
1842   0.84292   0.00000   -0.048310    0.048310
1843   0.84392   0.00000   -0.043156    0.043156
1844   0.84492   0.00000   -0.037756    0.037756
1845   0.84592   0.00000   -0.032107    0.032107
1846   0.84692   0.00000   -0.026205    0.026205
1847   0.84792   0.00000   -0.020050    0.020050
1848   0.84892   0.00000   -0.013639    0.013639
1849   0.84993   0.00000   -0.006976    0.006976
1850   0.85093   0.00000   -0.000061    0.000061
1851   0.85193   0.00000    0.007101    0.007101
1852   0.85293   0.00000    0.014505    0.014505
1853   0.85393   0.00000    0.022144    0.022144
1854   0.85493   0.00000    0.030007    0.030007
1855   0.85593   0.00000    0.038084    0.038084
1856   0.85693   0.00000    0.046363    0.046363
1857   0.85793   0.00000    0.054828    0.054828
1858   0.85893   0.00000    0.063463    0.063463
1859   0.85993   0.00000    0.072248    0.072248
1860   0.86093   0.00000    0.081163    0.081163
1861   0.86193   0.00000    0.090185    0.090185
1862   0.86293   0.00000    0.099291    0.099291
1863   0.86393   0.00000    0.108452    0.108452
1864   0.86493   0.00000    0.117642    0.117642
1865   0.86593   0.00000    0.126831    0.126831
1866   0.86693   0.00000    0.135987    0.135987
1867   0.86793   0.00000    0.145078    0.145078
1868   0.86893   0.00000    0.154069    0.154069
1869   0.86994   0.00000    0.162926    0.162926
1870   0.87094   0.00000    0.171612    0.171612
1871   0.87194   0.00000    0.180090    0.180090
1872   0.87294   0.00000    0.188323    0.188323
1873   0.87394   0.00000    0.196272    0.196272
1874   0.87494   0.00000    0.203899    0.203899
1875   0.87594   0.00000    0.211166    0.211166
1876   0.87694   0.00000    0.218034    0.218034
1877   0.87794   0.00000    0.224466    0.224466
1878   0.87894   0.00000    0.230423    0.230423
1879   0.87994   0.00000    0.235869    0.235869
1880   0.88094   0.00000    0.240769    0.240769
1881   0.88194   0.00000    0.245088    0.245088
1882   0.88294   0.00000    0.248792    0.248792
1883   0.88394   0.00000    0.251851    0.251851
1884   0.88494   0.00000    0.254235    0.254235
1885   0.88594   0.00000    0.255915    0.255915
1886   0.88694   0.00000    0.256868    0.256868
1887   0.88794   0.00000    0.257068    0.257068
1888   0.88894   0.00000    0.256496    0.256496
1889   0.88995   0.00000    0.255134    0.255134
1890   0.89095   0.00000    0.252967    0.252967
1891   0.89195   0.00000    0.249983    0.249983
1892   0.89295   0.00000    0.246172    0.246172
1893   0.89395   0.00000    0.241529    0.241529
1894   0.89495   0.00000    0.236052    0.236052
1895   0.89595   0.00000    0.229740    0.229740
1896   0.89695   0.00000    0.222597    0.222597
1897   0.89795   0.00000    0.214633    0.214633
1898   0.89895   0.00000    0.205856    0.205856
1899   0.89995   0.00000    0.196282    0.196282
1900   0.90095   0.00000    0.185927    0.185927
1901   0.90195   0.00000    0.174814    0.174814
1902   0.90295   0.00000    0.162966    0.162966
1903   0.90395   0.00000    0.150412    0.150412
1904   0.90495   0.00000    0.137180    0.137180
1905   0.90595   0.00000    0.123306    0.123306
1906   0.90695   0.00000    0.108826    0.108826
1907   0.90795   0.00000    0.093779    0.093779
1908   0.90895   0.00000    0.078207    0.078207
1909   0.90996   0.00000    0.062155    0.062155
1910   0.91096   0.00000    0.045669    0.045669
1911   0.91196   0.00000    0.028797    0.028797
1912   0.91296   0.00000    0.011591    0.011591
1913   0.91396   0.00000   -0.005897    0.005897
1914   0.91496   0.00000   -0.023615    0.023615
1915   0.91596   0.00000   -0.041506    0.041506
1916   0.91696   0.00000   -0.059515    0.059515
1917   0.91796   0.00000   -0.077586    0.077586
1918   0.91896   0.00000   -0.095662    0.095662
1919   0.91996   0.00000   -0.113684    0.113684
1920   0.92096   0.00000   -0.131597    0.131597
1921   0.92196   0.00000   -0.149342    0.149342
1922   0.92296   0.00000   -0.166864    0.166864
1923   0.92396   0.00000   -0.184107    0.184107
1924   0.92496   0.00000   -0.201016    0.201016
1925   0.92596   0.00000   -0.217537    0.217537
1926   0.92696   0.00000   -0.233619    0.233619
1927   0.92796   0.00000   -0.249210    0.249210
1928   0.92896   0.00000   -0.264264    0.264264
1929   0.92997   0.00000   -0.278732    0.278732
1930   0.93097   0.00000   -0.292571    0.292571
1931   0.93197   0.00000   -0.305740    0.305740
1932   0.93297   0.00000   -0.318198    0.318198
1933   0.93397   0.00000   -0.329910    0.329910
1934   0.93497   0.00000   -0.340843    0.340843
1935   0.93597   0.00000   -0.350965    0.350965
1936   0.93697   0.00000   -0.360249    0.360249
1937   0.93797   0.00000   -0.368673    0.368673
1938   0.93897   0.00000   -0.376213    0.376213
1939   0.93997   0.00000   -0.382854    0.382854
1940   0.94097   0.00000   -0.388580    0.388580
1941   0.94197   0.00000   -0.393382    0.393382
1942   0.94297   0.00000   -0.397252    0.397252
1943   0.94397   0.00000   -0.400186    0.400186
1944   0.94497   0.00000   -0.402183    0.402183
1945   0.94597   0.00000   -0.403248    0.403248
1946   0.94697   0.00000   -0.403385    0.403385
1947   0.94797   0.00000   -0.402604    0.402604
1948   0.94897   0.00000   -0.400918    0.400918
1949   0.94998   0.00000   -0.398342    0.398342
1950   0.95098   0.00000   -0.394894    0.394894
1951   0.95198   0.00000   -0.390595    0.390595
1952   0.95298   0.00000   -0.385470    0.385470
1953   0.95398   0.00000   -0.379544    0.379544
1954   0.95498   0.00000   -0.372846    0.372846
1955   0.95598   0.00000   -0.365406    0.365406
1956   0.95698   0.00000   -0.357257    0.357257
1957   0.95798   0.00000   -0.348434    0.348434
1958   0.95898   0.00000   -0.338972    0.338972
1959   0.95998   0.00000   -0.328908    0.328908
1960   0.96098   0.00000   -0.318280    0.318280
1961   0.96198   0.00000   -0.307129    0.307129
1962   0.96298   0.00000   -0.295494    0.295494
1963   0.96398   0.00000   -0.283416    0.283416
1964   0.96498   0.00000   -0.270935    0.270935
1965   0.96598   0.00000   -0.258094    0.258094
1966   0.96698   0.00000   -0.244931    0.244931
1967   0.96798   0.00000   -0.231490    0.231490
1968   0.96898   0.00000   -0.217808    0.217808
1969   0.96999   0.00000   -0.203927    0.203927
1970   0.97099   0.00000   -0.189886    0.189886
1971   0.97199   0.00000   -0.175721    0.175721
1972   0.97299   0.00000   -0.161469    0.161469
1973   0.97399   0.00000   -0.147166    0.147166
1974   0.97499   0.00000   -0.132846    0.132846
1975   0.97599   0.00000   -0.118542    0.118542
1976   0.97699   0.00000   -0.104283    0.104283
1977   0.97799   0.00000   -0.090099    0.090099
1978   0.97899   0.00000   -0.076016    0.076016
1979   0.97999   0.00000   -0.062061    0.062061
1980   0.98099   0.00000   -0.048255    0.048255
1981   0.98199   0.00000   -0.034620    0.034620
1982   0.98299   0.00000   -0.021175    0.021175
1983   0.98399   0.00000   -0.007937    0.007937
1984   0.98499   0.00000    0.005081    0.005081
1985   0.98599   0.00000    0.017865    0.017865
1986   0.98699   0.00000    0.030406    0.030406
1987   0.98799   0.00000    0.042694    0.042694
1988   0.98899   0.00000    0.054725    0.054725
1989   0.99000   0.00000    0.066494    0.066494
1990   0.99100   0.00000    0.077999    0.077999
1991   0.99200   0.00000    0.089240    0.089240
1992   0.99300   0.00000    0.100219    0.100219
1993   0.99400   0.00000    0.110939    0.110939
1994   0.99500   0.00000    0.121405    0.121405
1995   0.99600   0.00000    0.131625    0.131625
1996   0.99700   0.00000    0.141606    0.141606
1997   0.99800   0.00000    0.151358    0.151358
1998   0.99900   0.00000    0.160891    0.160891
1999   1.00000   0.00000    0.170218    0.170218
 
