 i       X     FEXACT   FI_UPWIND   ERR_UP
   0  -1.00000   0.00000    0.170870    0.170870
   1  -0.99900   0.00000    0.171206    0.171206
   2  -0.99800   0.00000    0.171542    0.171542
   3  -0.99700   0.00000    0.171880    0.171880
   4  -0.99600   0.00000    0.172219    0.172219
   5  -0.99500   0.00000    0.172559    0.172559
   6  -0.99400   0.00000    0.172901    0.172901
   7  -0.99300   0.00000    0.173243    0.173243
   8  -0.99200   0.00000    0.173587    0.173587
   9  -0.99100   0.00000    0.173931    0.173931
  10  -0.99000   0.00000    0.174277    0.174277
  11  -0.98899   0.00000    0.174624    0.174624
  12  -0.98799   0.00000    0.174973    0.174973
  13  -0.98699   0.00000    0.175322    0.175322
  14  -0.98599   0.00000    0.175673    0.175673
  15  -0.98499   0.00000    0.176024    0.176024
  16  -0.98399   0.00000    0.176377    0.176377
  17  -0.98299   0.00000    0.176731    0.176731
  18  -0.98199   0.00000    0.177086    0.177086
  19  -0.98099   0.00000    0.177442    0.177442
  20  -0.97999   0.00000    0.177799    0.177799
  21  -0.97899   0.00000    0.178157    0.178157
  22  -0.97799   0.00000    0.178516    0.178516
  23  -0.97699   0.00000    0.178877    0.178877
  24  -0.97599   0.00000    0.179238    0.179238
  25  -0.97499   0.00000    0.179601    0.179601
  26  -0.97399   0.00000    0.179964    0.179964
  27  -0.97299   0.00000    0.180329    0.180329
  28  -0.97199   0.00000    0.180694    0.180694
  29  -0.97099   0.00000    0.181061    0.181061
  30  -0.96999   0.00000    0.181428    0.181428
  31  -0.96898   0.00000    0.181796    0.181796
  32  -0.96798   0.00000    0.182166    0.182166
  33  -0.96698   0.00000    0.182536    0.182536
  34  -0.96598   0.00000    0.182908    0.182908
  35  -0.96498   0.00000    0.183280    0.183280
  36  -0.96398   0.00000    0.183653    0.183653
  37  -0.96298   0.00000    0.184028    0.184028
  38  -0.96198   0.00000    0.184403    0.184403
  39  -0.96098   0.00000    0.184780    0.184780
  40  -0.95998   0.00000    0.185157    0.185157
  41  -0.95898   0.00000    0.185535    0.185535
  42  -0.95798   0.00000    0.185915    0.185915
  43  -0.95698   0.00000    0.186295    0.186295
  44  -0.95598   0.00000    0.186676    0.186676
  45  -0.95498   0.00000    0.187059    0.187059
  46  -0.95398   0.00000    0.187442    0.187442
  47  -0.95298   0.00000    0.187826    0.187826
  48  -0.95198   0.00000    0.188211    0.188211
  49  -0.95098   0.00000    0.188597    0.188597
  50  -0.94998   0.00000    0.188984    0.188984
  51  -0.94897   0.00000    0.189372    0.189372
  52  -0.94797   0.00000    0.189761    0.189761
  53  -0.94697   0.00000    0.190150    0.190150
  54  -0.94597   0.00000    0.190541    0.190541
  55  -0.94497   0.00000    0.190932    0.190932
  56  -0.94397   0.00000    0.191324    0.191324
  57  -0.94297   0.00000    0.191717    0.191717
  58  -0.94197   0.00000    0.192111    0.192111
  59  -0.94097   0.00000    0.192505    0.192505
  60  -0.93997   0.00000    0.192901    0.192901
  61  -0.93897   0.00000    0.193297    0.193297
  62  -0.93797   0.00000    0.193694    0.193694
  63  -0.93697   0.00000    0.194092    0.194092
  64  -0.93597   0.00000    0.194491    0.194491
  65  -0.93497   0.00000    0.194891    0.194891
  66  -0.93397   0.00000    0.195291    0.195291
  67  -0.93297   0.00000    0.195692    0.195692
  68  -0.93197   0.00000    0.196094    0.196094
  69  -0.93097   0.00000    0.196496    0.196496
  70  -0.92996   0.00000    0.196900    0.196900
  71  -0.92896   0.00000    0.197304    0.197304
  72  -0.92796   0.00000    0.197709    0.197709
  73  -0.92696   0.00000    0.198114    0.198114
  74  -0.92596   0.00000    0.198520    0.198520
  75  -0.92496   0.00000    0.198927    0.198927
  76  -0.92396   0.00000    0.199335    0.199335
  77  -0.92296   0.00000    0.199744    0.199744
  78  -0.92196   0.00000    0.200153    0.200153
  79  -0.92096   0.00000    0.200563    0.200563
  80  -0.91996   0.00000    0.200974    0.200974
  81  -0.91896   0.00000    0.201386    0.201386
  82  -0.91796   0.00000    0.201798    0.201798
  83  -0.91696   0.00000    0.202211    0.202211
  84  -0.91596   0.00000    0.202625    0.202625
  85  -0.91496   0.00000    0.203039    0.203039
  86  -0.91396   0.00000    0.203455    0.203455
  87  -0.91296   0.00000    0.203870    0.203870
  88  -0.91196   0.00000    0.204287    0.204287
  89  -0.91096   0.00000    0.204704    0.204704
  90  -0.90995   0.00000    0.205122    0.205122
  91  -0.90895   0.00000    0.205540    0.205540
  92  -0.90795   0.00000    0.205959    0.205959
  93  -0.90695   0.00000    0.206379    0.206379
  94  -0.90595   0.00000    0.206799    0.206799
  95  -0.90495   0.00000    0.207220    0.207220
  96  -0.90395   0.00000    0.207642    0.207642
  97  -0.90295   0.00000    0.208064    0.208064
  98  -0.90195   0.00000    0.208486    0.208486
  99  -0.90095   0.00000    0.208909    0.208909
 100  -0.89995   0.00000    0.209333    0.209333
 101  -0.89895   0.00000    0.209757    0.209757
 102  -0.89795   0.00000    0.210182    0.210182
 103  -0.89695   0.00000    0.210607    0.210607
 104  -0.89595   0.00000    0.211033    0.211033
 105  -0.89495   0.00000    0.211460    0.211460
 106  -0.89395   0.00000    0.211886    0.211886
 107  -0.89295   0.00000    0.212314    0.212314
 108  -0.89195   0.00000    0.212742    0.212742
 109  -0.89095   0.00000    0.213170    0.213170
 110  -0.88994   0.00000    0.213599    0.213599
 111  -0.88894   0.00000    0.214028    0.214028
 112  -0.88794   0.00000    0.214458    0.214458
 113  -0.88694   0.00000    0.214889    0.214889
 114  -0.88594   0.00000    0.215319    0.215319
 115  -0.88494   0.00000    0.215751    0.215751
 116  -0.88394   0.00000    0.216182    0.216182
 117  -0.88294   0.00000    0.216614    0.216614
 118  -0.88194   0.00000    0.217047    0.217047
 119  -0.88094   0.00000    0.217480    0.217480
 120  -0.87994   0.00000    0.217913    0.217913
 121  -0.87894   0.00000    0.218347    0.218347
 122  -0.87794   0.00000    0.218781    0.218781
 123  -0.87694   0.00000    0.219216    0.219216
 124  -0.87594   0.00000    0.219651    0.219651
 125  -0.87494   0.00000    0.220087    0.220087
 126  -0.87394   0.00000    0.220522    0.220522
 127  -0.87294   0.00000    0.220959    0.220959
 128  -0.87194   0.00000    0.221395    0.221395
 129  -0.87094   0.00000    0.221832    0.221832
 130  -0.86993   0.00000    0.222269    0.222269
 131  -0.86893   0.00000    0.222707    0.222707
 132  -0.86793   0.00000    0.223145    0.223145
 133  -0.86693   0.00000    0.223583    0.223583
 134  -0.86593   0.00000    0.224022    0.224022
 135  -0.86493   0.00000    0.224461    0.224461
 136  -0.86393   0.00000    0.224900    0.224900
 137  -0.86293   0.00000    0.225340    0.225340
 138  -0.86193   0.00000    0.225780    0.225780
 139  -0.86093   0.00000    0.226220    0.226220
 140  -0.85993   0.00000    0.226660    0.226660
 141  -0.85893   0.00000    0.227101    0.227101
 142  -0.85793   0.00000    0.227542    0.227542
 143  -0.85693   0.00000    0.227983    0.227983
 144  -0.85593   0.00000    0.228424    0.228424
 145  -0.85493   0.00000    0.228866    0.228866
 146  -0.85393   0.00000    0.229308    0.229308
 147  -0.85293   0.00000    0.229750    0.229750
 148  -0.85193   0.00000    0.230192    0.230192
 149  -0.85093   0.00000    0.230635    0.230635
 150  -0.84992   0.00000    0.231077    0.231077
 151  -0.84892   0.00000    0.231520    0.231520
 152  -0.84792   0.00000    0.231963    0.231963
 153  -0.84692   0.00000    0.232406    0.232406
 154  -0.84592   0.00000    0.232850    0.232850
 155  -0.84492   0.00000    0.233293    0.233293
 156  -0.84392   0.00000    0.233737    0.233737
 157  -0.84292   0.00000    0.234181    0.234181
 158  -0.84192   0.00000    0.234625    0.234625
 159  -0.84092   0.00000    0.235069    0.235069
 160  -0.83992   0.00000    0.235513    0.235513
 161  -0.83892   0.00000    0.235958    0.235958
 162  -0.83792   0.00000    0.236402    0.236402
 163  -0.83692   0.00000    0.236846    0.236846
 164  -0.83592   0.00000    0.237291    0.237291
 165  -0.83492   0.00000    0.237735    0.237735
 166  -0.83392   0.00000    0.238179    0.238179
 167  -0.83292   0.00000    0.238623    0.238623
 168  -0.83192   0.00000    0.239068    0.239068
 169  -0.83092   0.00000    0.239512    0.239512
 170  -0.82991   0.00000    0.239956    0.239956
 171  -0.82891   0.00000    0.240400    0.240400
 172  -0.82791   0.00000    0.240845    0.240845
 173  -0.82691   0.00000    0.241289    0.241289
 174  -0.82591   0.00000    0.241733    0.241733
 175  -0.82491   0.00000    0.242178    0.242178
 176  -0.82391   0.00000    0.242622    0.242622
 177  -0.82291   0.00000    0.243066    0.243066
 178  -0.82191   0.00000    0.243510    0.243510
 179  -0.82091   0.00000    0.243955    0.243955
 180  -0.81991   0.00000    0.244399    0.244399
 181  -0.81891   0.00000    0.244843    0.244843
 182  -0.81791   0.00000    0.245287    0.245287
 183  -0.81691   0.00000    0.245732    0.245732
 184  -0.81591   0.00000    0.246176    0.246176
 185  -0.81491   0.00000    0.246620    0.246620
 186  -0.81391   0.00000    0.247064    0.247064
 187  -0.81291   0.00000    0.247509    0.247509
 188  -0.81191   0.00000    0.247953    0.247953
 189  -0.81091   0.00000    0.248397    0.248397
 190  -0.80990   0.00000    0.248841    0.248841
 191  -0.80890   0.00000    0.249286    0.249286
 192  -0.80790   0.00000    0.249730    0.249730
 193  -0.80690   0.00000    0.250174    0.250174
 194  -0.80590   0.00000    0.250618    0.250618
 195  -0.80490   0.00000    0.251062    0.251062
 196  -0.80390   0.00000    0.251507    0.251507
 197  -0.80290   0.00000    0.251951    0.251951
 198  -0.80190   0.00000    0.252395    0.252395
 199  -0.80090   0.00000    0.252839    0.252839
 200  -0.79990   0.00046    0.253283    0.252826
 201  -0.79890   0.00054    0.253727    0.253191
 202  -0.79790   0.00062    0.254171    0.253550
 203  -0.79690   0.00073    0.254616    0.253890
 204  -0.79590   0.00084    0.255060    0.254220
 205  -0.79490   0.00097    0.255504    0.254535
 206  -0.79390   0.00113    0.255948    0.254821
 207  -0.79290   0.00130    0.256392    0.255096
 208  -0.79190   0.00150    0.256837    0.255334
 209  -0.79090   0.00172    0.257281    0.255556
 210  -0.78989   0.00198    0.257725    0.255749
 211  -0.78889   0.00228    0.258169    0.255890
 212  -0.78789   0.00260    0.258613    0.256010
 213  -0.78689   0.00299    0.259057    0.256064
 214  -0.78589   0.00341    0.259501    0.256093
 215  -0.78489   0.00388    0.259945    0.256069
 216  -0.78389   0.00444    0.260388    0.255953
 217  -0.78289   0.00503    0.260831    0.255803
 218  -0.78189   0.00569    0.261274    0.255582
 219  -0.78089   0.00648    0.261716    0.255233
 220  -0.77989   0.00732    0.262158    0.254842
 221  -0.77889   0.00831    0.262600    0.254294
 222  -0.77789   0.00935    0.263042    0.253696
 223  -0.77689   0.01050    0.263483    0.252983
 224  -0.77589   0.01186    0.263923    0.252060
 225  -0.77489   0.01329    0.264364    0.251076
 226  -0.77389   0.01497    0.264804    0.249839
 227  -0.77289   0.01671    0.265244    0.248532
 228  -0.77189   0.01863    0.265683    0.247049
 229  -0.77089   0.02089    0.266122    0.245235
 230  -0.76988   0.02322    0.266561    0.243341
 231  -0.76888   0.02594    0.266999    0.241057
 232  -0.76788   0.02875    0.267437    0.238685
 233  -0.76688   0.03182    0.267875    0.236055
 234  -0.76588   0.03538    0.268312    0.232930
 235  -0.76488   0.03904    0.268749    0.229710
 236  -0.76388   0.04327    0.269185    0.225916
 237  -0.76288   0.04760    0.269621    0.222025
 238  -0.76188   0.05228    0.270057    0.217777
 239  -0.76088   0.05767    0.270492    0.212824
 240  -0.75988   0.06315    0.270927    0.207776
 241  -0.75888   0.06944    0.271362    0.201925
 242  -0.75788   0.07581    0.271796    0.195987
 243  -0.75688   0.08264    0.272229    0.189586
 244  -0.75588   0.09044    0.272662    0.182227
 245  -0.75488   0.09829    0.273095    0.174805
 246  -0.75388   0.10667    0.273527    0.166856
 247  -0.75288   0.11617    0.273959    0.157787
 248  -0.75188   0.12570    0.274390    0.148694
 249  -0.75088   0.13645    0.274821    0.138369
 250  -0.74987   0.14719    0.275252    0.128060
 251  -0.74887   0.15854    0.275682    0.117138
 252  -0.74787   0.17129    0.276111    0.104821
 253  -0.74687   0.18394    0.276540    0.092598
 254  -0.74587   0.19809    0.276968    0.078877
 255  -0.74487   0.21208    0.277396    0.065317
 256  -0.74387   0.22672    0.277823    0.051101
 257  -0.74287   0.24300    0.278250    0.035252
 258  -0.74187   0.25899    0.278676    0.019687
 259  -0.74087   0.27669    0.279102    0.002412
 260  -0.73987   0.29401    0.279527    0.014480
 261  -0.73887   0.31195    0.279951    0.031997
 262  -0.73787   0.33168    0.280375    0.051304
 263  -0.73687   0.35086    0.280799    0.070057
 264  -0.73587   0.37185    0.281221    0.090626
 265  -0.73487   0.39216    0.281643    0.110513
 266  -0.73387   0.41297    0.282065    0.130903
 267  -0.73287   0.43559    0.282485    0.153103
 268  -0.73187   0.45732    0.282905    0.174411
 269  -0.73087   0.48082    0.283325    0.197492
 270  -0.72986   0.50327    0.283744    0.219531
 271  -0.72886   0.52601    0.284162    0.241845
 272  -0.72786   0.55040    0.284580    0.265821
 273  -0.72686   0.57352    0.284996    0.288525
 274  -0.72586   0.59674    0.285412    0.311324
 275  -0.72486   0.62143    0.285828    0.335604
 276  -0.72386   0.64463    0.286242    0.358388
 277  -0.72286   0.66915    0.286656    0.382495
 278  -0.72186   0.69203    0.287069    0.404962
 279  -0.72086   0.71464    0.287482    0.427161
 280  -0.71986   0.73829    0.287893    0.450395
 281  -0.71886   0.76011    0.288304    0.471801
 282  -0.71786   0.78273    0.288714    0.494017
 283  -0.71686   0.80342    0.289124    0.514300
 284  -0.71586   0.82345    0.289532    0.533921
 285  -0.71486   0.84392    0.289940    0.553981
 286  -0.71386   0.86234    0.290348    0.571996
 287  -0.71286   0.88094    0.290754    0.590184
 288  -0.71186   0.89744    0.291160    0.606285
 289  -0.71086   0.91292    0.291565    0.621354
 290  -0.70985   0.92816    0.291969    0.636188
 291  -0.70885   0.94130    0.292372    0.648932
 292  -0.70785   0.95394    0.292775    0.661165
 293  -0.70685   0.96453    0.293177    0.671349
 294  -0.70585   0.97380    0.293578    0.680220
 295  -0.70485   0.98216    0.293978    0.688186
 296  -0.70385   0.98861    0.294377    0.694228
 297  -0.70285   0.99363    0.294776    0.698853
 298  -0.70185   0.99739    0.295174    0.702213
 299  -0.70085   0.99942    0.295570    0.703851
 300  -0.69985   0.99998    0.295966    0.704011
 301  -0.69885   0.99899    0.296362    0.702625
 302  -0.69785   0.99653    0.296756    0.699776
 303  -0.69685   0.99233    0.297149    0.695182
 304  -0.69585   0.98690    0.297542    0.689356
 305  -0.69485   0.97958    0.297934    0.681646
 306  -0.69385   0.97127    0.298324    0.672945
 307  -0.69285   0.96162    0.298714    0.662901
 308  -0.69185   0.94993    0.299104    0.650830
 309  -0.69085   0.93765    0.299492    0.638155
 310  -0.68984   0.92328    0.299879    0.623399
 311  -0.68884   0.90858    0.300266    0.608314
 312  -0.68784   0.89280    0.300652    0.592151
 313  -0.68684   0.87493    0.301037    0.573893
 314  -0.68584   0.85714    0.301421    0.555715
 315  -0.68484   0.83728    0.301804    0.535473
 316  -0.68384   0.81777    0.302186    0.515581
 317  -0.68284   0.79754    0.302567    0.494973
 318  -0.68184   0.77535    0.302948    0.472400
 319  -0.68084   0.75388    0.303327    0.450555
 320  -0.67984   0.73055    0.303705    0.426843
 321  -0.67884   0.70817    0.304082    0.404092
 322  -0.67784   0.68548    0.304459    0.381019
 323  -0.67684   0.66109    0.304834    0.356260
 324  -0.67584   0.63797    0.305208    0.332762
 325  -0.67484   0.61475    0.305582    0.309170
 326  -0.67384   0.59006    0.305954    0.284103
 327  -0.67284   0.56686    0.306325    0.260537
 328  -0.67184   0.54234    0.306696    0.235647
 329  -0.67084   0.51945    0.307065    0.212382
 330  -0.66983   0.49679    0.307433    0.189355
 331  -0.66883   0.47303    0.307801    0.165232
 332  -0.66783   0.45103    0.308167    0.142863
 333  -0.66683   0.42808    0.308532    0.119550
 334  -0.66583   0.40694    0.308897    0.098039
 335  -0.66483   0.38627    0.309260    0.077005
 336  -0.66383   0.36486    0.309622    0.055242
 337  -0.66283   0.34528    0.309984    0.035300
 338  -0.66183   0.32511    0.310344    0.014761
 339  -0.66083   0.30673    0.310704    0.003976
 340  -0.65983   0.28896    0.311062    0.022098
 341  -0.65883   0.27078    0.311420    0.040640
 342  -0.65783   0.25433    0.311776    0.057450
 343  -0.65683   0.23756    0.312131    0.074576
 344  -0.65583   0.22245    0.312485    0.090040
 345  -0.65483   0.20799    0.312838    0.104847
 346  -0.65383   0.19335    0.313190    0.119841
 347  -0.65283   0.18024    0.313541    0.133302
 348  -0.65183   0.16777    0.313891    0.146121
 349  -0.65083   0.15522    0.314240    0.159023
 350  -0.64982   0.14404    0.314588    0.170545
 351  -0.64882   0.13284    0.314934    0.182099
 352  -0.64782   0.12290    0.315280    0.192380
 353  -0.64682   0.11354    0.315624    0.202084
 354  -0.64582   0.10421    0.315967    0.211761
 355  -0.64482   0.09598    0.316310    0.220330
 356  -0.64382   0.08781    0.316651    0.228844
 357  -0.64282   0.08063    0.316991    0.236361
 358  -0.64182   0.07393    0.317330    0.243399
 359  -0.64082   0.06731    0.317668    0.250355
 360  -0.63982   0.06153    0.318004    0.256471
 361  -0.63882   0.05585    0.318340    0.262495
 362  -0.63782   0.05090    0.318674    0.267778
 363  -0.63682   0.04632    0.319008    0.272690
 364  -0.63582   0.04184    0.319340    0.277505
 365  -0.63482   0.03796    0.319671    0.281714
 366  -0.63382   0.03417    0.320001    0.285827
 367  -0.63282   0.03091    0.320330    0.289419
 368  -0.63182   0.02792    0.320657    0.292738
 369  -0.63082   0.02502    0.320984    0.295967
 370  -0.62981   0.02253    0.321310    0.298783
 371  -0.62881   0.02012    0.321634    0.301514
 372  -0.62781   0.01806    0.321957    0.303894
 373  -0.62681   0.01619    0.322279    0.306087
 374  -0.62581   0.01439    0.322599    0.308206
 375  -0.62481   0.01286    0.322919    0.310055
 376  -0.62381   0.01148    0.323237    0.311757
 377  -0.62281   0.01016    0.323554    0.313398
 378  -0.62181   0.00904    0.323869    0.314834
 379  -0.62081   0.00797    0.324184    0.316216
 380  -0.61981   0.00707    0.324497    0.317429
 381  -0.61881   0.00626    0.324808    0.318549
 382  -0.61781   0.00549    0.325119    0.319625
 383  -0.61681   0.00485    0.325428    0.320577
 384  -0.61581   0.00424    0.325736    0.321492
 385  -0.61481   0.00374    0.326043    0.322307
 386  -0.61381   0.00328    0.326348    0.323064
 387  -0.61281   0.00286    0.326653    0.323793
 388  -0.61181   0.00251    0.326956    0.324450
 389  -0.61081   0.00217    0.327257    0.325083
 390  -0.60980   0.00190    0.327558    0.325658
 391  -0.60880   0.00166    0.327857    0.326199
 392  -0.60780   0.00143    0.328155    0.326723
 393  -0.60680   0.00125    0.328452    0.327206
 394  -0.60580   0.00107    0.328747    0.327675
 395  -0.60480   0.00093    0.329041    0.328111
 396  -0.60380   0.00081    0.329334    0.328528
 397  -0.60280   0.00069    0.329625    0.328935
 398  -0.60180   0.00060    0.329915    0.329320
 399  -0.60080   0.00051    0.330204    0.329691
 400  -0.59980   0.00000    0.330492    0.330492
 401  -0.59880   0.00000    0.330778    0.330778
 402  -0.59780   0.00000    0.331063    0.331063
 403  -0.59680   0.00000    0.331347    0.331347
 404  -0.59580   0.00000    0.331629    0.331629
 405  -0.59480   0.00000    0.331911    0.331911
 406  -0.59380   0.00000    0.332190    0.332190
 407  -0.59280   0.00000    0.332469    0.332469
 408  -0.59180   0.00000    0.332746    0.332746
 409  -0.59080   0.00000    0.333022    0.333022
 410  -0.58979   0.00000    0.333297    0.333297
 411  -0.58879   0.00000    0.333570    0.333570
 412  -0.58779   0.00000    0.333842    0.333842
 413  -0.58679   0.00000    0.334113    0.334113
 414  -0.58579   0.00000    0.334383    0.334383
 415  -0.58479   0.00000    0.334651    0.334651
 416  -0.58379   0.00000    0.334918    0.334918
 417  -0.58279   0.00000    0.335183    0.335183
 418  -0.58179   0.00000    0.335447    0.335447
 419  -0.58079   0.00000    0.335710    0.335710
 420  -0.57979   0.00000    0.335971    0.335971
 421  -0.57879   0.00000    0.336231    0.336231
 422  -0.57779   0.00000    0.336489    0.336489
 423  -0.57679   0.00000    0.336745    0.336745
 424  -0.57579   0.00000    0.337000    0.337000
 425  -0.57479   0.00000    0.337254    0.337254
 426  -0.57379   0.00000    0.337506    0.337506
 427  -0.57279   0.00000    0.337757    0.337757
 428  -0.57179   0.00000    0.338006    0.338006
 429  -0.57079   0.00000    0.338254    0.338254
 430  -0.56978   0.00000    0.338500    0.338500
 431  -0.56878   0.00000    0.338744    0.338744
 432  -0.56778   0.00000    0.338988    0.338988
 433  -0.56678   0.00000    0.339229    0.339229
 434  -0.56578   0.00000    0.339470    0.339470
 435  -0.56478   0.00000    0.339708    0.339708
 436  -0.56378   0.00000    0.339945    0.339945
 437  -0.56278   0.00000    0.340181    0.340181
 438  -0.56178   0.00000    0.340415    0.340415
 439  -0.56078   0.00000    0.340648    0.340648
 440  -0.55978   0.00000    0.340879    0.340879
 441  -0.55878   0.00000    0.341109    0.341109
 442  -0.55778   0.00000    0.341338    0.341338
 443  -0.55678   0.00000    0.341564    0.341564
 444  -0.55578   0.00000    0.341790    0.341790
 445  -0.55478   0.00000    0.342013    0.342013
 446  -0.55378   0.00000    0.342236    0.342236
 447  -0.55278   0.00000    0.342457    0.342457
 448  -0.55178   0.00000    0.342676    0.342676
 449  -0.55078   0.00000    0.342894    0.342894
 450  -0.54977   0.00000    0.343110    0.343110
 451  -0.54877   0.00000    0.343325    0.343325
 452  -0.54777   0.00000    0.343538    0.343538
 453  -0.54677   0.00000    0.343750    0.343750
 454  -0.54577   0.00000    0.343961    0.343961
 455  -0.54477   0.00000    0.344170    0.344170
 456  -0.54377   0.00000    0.344377    0.344377
 457  -0.54277   0.00000    0.344583    0.344583
 458  -0.54177   0.00000    0.344787    0.344787
 459  -0.54077   0.00000    0.344990    0.344990
 460  -0.53977   0.00000    0.345192    0.345192
 461  -0.53877   0.00000    0.345392    0.345392
 462  -0.53777   0.00000    0.345590    0.345590
 463  -0.53677   0.00000    0.345787    0.345787
 464  -0.53577   0.00000    0.345983    0.345983
 465  -0.53477   0.00000    0.346177    0.346177
 466  -0.53377   0.00000    0.346370    0.346370
 467  -0.53277   0.00000    0.346561    0.346561
 468  -0.53177   0.00000    0.346750    0.346750
 469  -0.53077   0.00000    0.346939    0.346939
 470  -0.52976   0.00000    0.347125    0.347125
 471  -0.52876   0.00000    0.347311    0.347311
 472  -0.52776   0.00000    0.347494    0.347494
 473  -0.52676   0.00000    0.347677    0.347677
 474  -0.52576   0.00000    0.347857    0.347857
 475  -0.52476   0.00000    0.348037    0.348037
 476  -0.52376   0.00000    0.348214    0.348214
 477  -0.52276   0.00000    0.348391    0.348391
 478  -0.52176   0.00000    0.348565    0.348565
 479  -0.52076   0.00000    0.348739    0.348739
 480  -0.51976   0.00000    0.348911    0.348911
 481  -0.51876   0.00000    0.349081    0.349081
 482  -0.51776   0.00000    0.349250    0.349250
 483  -0.51676   0.00000    0.349417    0.349417
 484  -0.51576   0.00000    0.349583    0.349583
 485  -0.51476   0.00000    0.349747    0.349747
 486  -0.51376   0.00000    0.349910    0.349910
 487  -0.51276   0.00000    0.350071    0.350071
 488  -0.51176   0.00000    0.350231    0.350231
 489  -0.51076   0.00000    0.350390    0.350390
 490  -0.50975   0.00000    0.350547    0.350547
 491  -0.50875   0.00000    0.350702    0.350702
 492  -0.50775   0.00000    0.350856    0.350856
 493  -0.50675   0.00000    0.351008    0.351008
 494  -0.50575   0.00000    0.351159    0.351159
 495  -0.50475   0.00000    0.351309    0.351309
 496  -0.50375   0.00000    0.351457    0.351457
 497  -0.50275   0.00000    0.351603    0.351603
 498  -0.50175   0.00000    0.351748    0.351748
 499  -0.50075   0.00000    0.351892    0.351892
 500  -0.49975   0.00000    0.352034    0.352034
 501  -0.49875   0.00000    0.352174    0.352174
 502  -0.49775   0.00000    0.352313    0.352313
 503  -0.49675   0.00000    0.352451    0.352451
 504  -0.49575   0.00000    0.352587    0.352587
 505  -0.49475   0.00000    0.352721    0.352721
 506  -0.49375   0.00000    0.352855    0.352855
 507  -0.49275   0.00000    0.352986    0.352986
 508  -0.49175   0.00000    0.353116    0.353116
 509  -0.49075   0.00000    0.353245    0.353245
 510  -0.48974   0.00000    0.353372    0.353372
 511  -0.48874   0.00000    0.353498    0.353498
 512  -0.48774   0.00000    0.353622    0.353622
 513  -0.48674   0.00000    0.353744    0.353744
 514  -0.48574   0.00000    0.353865    0.353865
 515  -0.48474   0.00000    0.353985    0.353985
 516  -0.48374   0.00000    0.354103    0.354103
 517  -0.48274   0.00000    0.354220    0.354220
 518  -0.48174   0.00000    0.354335    0.354335
 519  -0.48074   0.00000    0.354449    0.354449
 520  -0.47974   0.00000    0.354561    0.354561
 521  -0.47874   0.00000    0.354672    0.354672
 522  -0.47774   0.00000    0.354781    0.354781
 523  -0.47674   0.00000    0.354889    0.354889
 524  -0.47574   0.00000    0.354995    0.354995
 525  -0.47474   0.00000    0.355100    0.355100
 526  -0.47374   0.00000    0.355203    0.355203
 527  -0.47274   0.00000    0.355305    0.355305
 528  -0.47174   0.00000    0.355405    0.355405
 529  -0.47074   0.00000    0.355504    0.355504
 530  -0.46973   0.00000    0.355601    0.355601
 531  -0.46873   0.00000    0.355697    0.355697
 532  -0.46773   0.00000    0.355791    0.355791
 533  -0.46673   0.00000    0.355884    0.355884
 534  -0.46573   0.00000    0.355975    0.355975
 535  -0.46473   0.00000    0.356065    0.356065
 536  -0.46373   0.00000    0.356154    0.356154
 537  -0.46273   0.00000    0.356241    0.356241
 538  -0.46173   0.00000    0.356326    0.356326
 539  -0.46073   0.00000    0.356410    0.356410
 540  -0.45973   0.00000    0.356492    0.356492
 541  -0.45873   0.00000    0.356573    0.356573
 542  -0.45773   0.00000    0.356653    0.356653
 543  -0.45673   0.00000    0.356731    0.356731
 544  -0.45573   0.00000    0.356808    0.356808
 545  -0.45473   0.00000    0.356884    0.356884
 546  -0.45373   0.00000    0.356958    0.356958
 547  -0.45273   0.00000    0.357032    0.357032
 548  -0.45173   0.00000    0.357104    0.357104
 549  -0.45073   0.00000    0.357174    0.357174
 550  -0.44972   0.00000    0.357243    0.357243
 551  -0.44872   0.00000    0.357311    0.357311
 552  -0.44772   0.00000    0.357378    0.357378
 553  -0.44672   0.00000    0.357443    0.357443
 554  -0.44572   0.00000    0.357508    0.357508
 555  -0.44472   0.00000    0.357570    0.357570
 556  -0.44372   0.00000    0.357632    0.357632
 557  -0.44272   0.00000    0.357692    0.357692
 558  -0.44172   0.00000    0.357751    0.357751
 559  -0.44072   0.00000    0.357809    0.357809
 560  -0.43972   0.00000    0.357865    0.357865
 561  -0.43872   0.00000    0.357920    0.357920
 562  -0.43772   0.00000    0.357974    0.357974
 563  -0.43672   0.00000    0.358026    0.358026
 564  -0.43572   0.00000    0.358077    0.358077
 565  -0.43472   0.00000    0.358127    0.358127
 566  -0.43372   0.00000    0.358176    0.358176
 567  -0.43272   0.00000    0.358223    0.358223
 568  -0.43172   0.00000    0.358269    0.358269
 569  -0.43072   0.00000    0.358314    0.358314
 570  -0.42971   0.00000    0.358358    0.358358
 571  -0.42871   0.00000    0.358400    0.358400
 572  -0.42771   0.00000    0.358441    0.358441
 573  -0.42671   0.00000    0.358481    0.358481
 574  -0.42571   0.00000    0.358519    0.358519
 575  -0.42471   0.00000    0.358557    0.358557
 576  -0.42371   0.00000    0.358593    0.358593
 577  -0.42271   0.00000    0.358627    0.358627
 578  -0.42171   0.00000    0.358661    0.358661
 579  -0.42071   0.00000    0.358693    0.358693
 580  -0.41971   0.00000    0.358724    0.358724
 581  -0.41871   0.00000    0.358754    0.358754
 582  -0.41771   0.00000    0.358782    0.358782
 583  -0.41671   0.00000    0.358809    0.358809
 584  -0.41571   0.00000    0.358835    0.358835
 585  -0.41471   0.00000    0.358860    0.358860
 586  -0.41371   0.00000    0.358883    0.358883
 587  -0.41271   0.00000    0.358905    0.358905
 588  -0.41171   0.00000    0.358926    0.358926
 589  -0.41071   0.00000    0.358946    0.358946
 590  -0.40970   0.00000    0.358964    0.358964
 591  -0.40870   0.00000    0.358982    0.358982
 592  -0.40770   0.00000    0.358998    0.358998
 593  -0.40670   0.00000    0.359014    0.359014
 594  -0.40570   0.00000    0.359028    0.359028
 595  -0.40470   0.00000    0.359041    0.359041
 596  -0.40370   0.00000    0.359053    0.359053
 597  -0.40270   0.00000    0.359063    0.359063
 598  -0.40170   0.00000    0.359073    0.359073
 599  -0.40070   0.00000    0.359082    0.359082
 600  -0.39970   1.00000    0.359089    0.640911
 601  -0.39870   1.00000    0.359095    0.640905
 602  -0.39770   1.00000    0.359100    0.640900
 603  -0.39670   1.00000    0.359104    0.640895
 604  -0.39570   1.00000    0.359107    0.640893
 605  -0.39470   1.00000    0.359109    0.640891
 606  -0.39370   1.00000    0.359110    0.640890
 607  -0.39270   1.00000    0.359110    0.640890
 608  -0.39170   1.00000    0.359108    0.640892
 609  -0.39070   1.00000    0.359106    0.640894
 610  -0.38969   1.00000    0.359102    0.640898
 611  -0.38869   1.00000    0.359097    0.640903
 612  -0.38769   1.00000    0.359092    0.640908
 613  -0.38669   1.00000    0.359085    0.640915
 614  -0.38569   1.00000    0.359077    0.640923
 615  -0.38469   1.00000    0.359068    0.640932
 616  -0.38369   1.00000    0.359058    0.640942
 617  -0.38269   1.00000    0.359047    0.640953
 618  -0.38169   1.00000    0.359034    0.640966
 619  -0.38069   1.00000    0.359021    0.640979
 620  -0.37969   1.00000    0.359007    0.640993
 621  -0.37869   1.00000    0.358991    0.641009
 622  -0.37769   1.00000    0.358975    0.641025
 623  -0.37669   1.00000    0.358958    0.641042
 624  -0.37569   1.00000    0.358939    0.641061
 625  -0.37469   1.00000    0.358920    0.641080
 626  -0.37369   1.00000    0.358900    0.641100
 627  -0.37269   1.00000    0.358878    0.641122
 628  -0.37169   1.00000    0.358856    0.641144
 629  -0.37069   1.00000    0.358833    0.641167
 630  -0.36968   1.00000    0.358808    0.641192
 631  -0.36868   1.00000    0.358783    0.641217
 632  -0.36768   1.00000    0.358756    0.641244
 633  -0.36668   1.00000    0.358729    0.641271
 634  -0.36568   1.00000    0.358701    0.641299
 635  -0.36468   1.00000    0.358671    0.641329
 636  -0.36368   1.00000    0.358641    0.641359
 637  -0.36268   1.00000    0.358610    0.641390
 638  -0.36168   1.00000    0.358577    0.641423
 639  -0.36068   1.00000    0.358544    0.641456
 640  -0.35968   1.00000    0.358510    0.641490
 641  -0.35868   1.00000    0.358475    0.641525
 642  -0.35768   1.00000    0.358438    0.641562
 643  -0.35668   1.00000    0.358401    0.641599
 644  -0.35568   1.00000    0.358363    0.641637
 645  -0.35468   1.00000    0.358323    0.641677
 646  -0.35368   1.00000    0.358283    0.641717
 647  -0.35268   1.00000    0.358242    0.641758
 648  -0.35168   1.00000    0.358200    0.641800
 649  -0.35068   1.00000    0.358157    0.641843
 650  -0.34967   1.00000    0.358113    0.641887
 651  -0.34867   1.00000    0.358068    0.641932
 652  -0.34767   1.00000    0.358022    0.641978
 653  -0.34667   1.00000    0.357976    0.642024
 654  -0.34567   1.00000    0.357929    0.642071
 655  -0.34467   1.00000    0.357881    0.642120
 656  -0.34367   1.00000    0.357831    0.642169
 657  -0.34267   1.00000    0.357782    0.642218
 658  -0.34167   1.00000    0.357731    0.642269
 659  -0.34067   1.00000    0.357679    0.642321
 660  -0.33967   1.00000    0.357627    0.642373
 661  -0.33867   1.00000    0.357574    0.642426
 662  -0.33767   1.00000    0.357520    0.642480
 663  -0.33667   1.00000    0.357465    0.642535
 664  -0.33567   1.00000    0.357409    0.642591
 665  -0.33467   1.00000    0.357352    0.642648
 666  -0.33367   1.00000    0.357295    0.642705
 667  -0.33267   1.00000    0.357236    0.642764
 668  -0.33167   1.00000    0.357177    0.642823
 669  -0.33067   1.00000    0.357117    0.642883
 670  -0.32966   1.00000    0.357056    0.642944
 671  -0.32866   1.00000    0.356994    0.643006
 672  -0.32766   1.00000    0.356932    0.643068
 673  -0.32666   1.00000    0.356868    0.643132
 674  -0.32566   1.00000    0.356804    0.643196
 675  -0.32466   1.00000    0.356739    0.643261
 676  -0.32366   1.00000    0.356674    0.643326
 677  -0.32266   1.00000    0.356607    0.643393
 678  -0.32166   1.00000    0.356540    0.643460
 679  -0.32066   1.00000    0.356472    0.643528
 680  -0.31966   1.00000    0.356403    0.643597
 681  -0.31866   1.00000    0.356334    0.643666
 682  -0.31766   1.00000    0.356264    0.643736
 683  -0.31666   1.00000    0.356193    0.643807
 684  -0.31566   1.00000    0.356121    0.643879
 685  -0.31466   1.00000    0.356049    0.643951
 686  -0.31366   1.00000    0.355976    0.644024
 687  -0.31266   1.00000    0.355902    0.644098
 688  -0.31166   1.00000    0.355827    0.644173
 689  -0.31066   1.00000    0.355752    0.644248
 690  -0.30965   1.00000    0.355676    0.644324
 691  -0.30865   1.00000    0.355599    0.644401
 692  -0.30765   1.00000    0.355521    0.644479
 693  -0.30665   1.00000    0.355443    0.644557
 694  -0.30565   1.00000    0.355363    0.644637
 695  -0.30465   1.00000    0.355284    0.644716
 696  -0.30365   1.00000    0.355203    0.644797
 697  -0.30265   1.00000    0.355122    0.644878
 698  -0.30165   1.00000    0.355040    0.644960
 699  -0.30065   1.00000    0.354957    0.645043
 700  -0.29965   1.00000    0.354874    0.645126
 701  -0.29865   1.00000    0.354790    0.645210
 702  -0.29765   1.00000    0.354705    0.645295
 703  -0.29665   1.00000    0.354620    0.645380
 704  -0.29565   1.00000    0.354535    0.645465
 705  -0.29465   1.00000    0.354448    0.645552
 706  -0.29365   1.00000    0.354361    0.645639
 707  -0.29265   1.00000    0.354273    0.645727
 708  -0.29165   1.00000    0.354185    0.645815
 709  -0.29065   1.00000    0.354096    0.645904
 710  -0.28964   1.00000    0.354007    0.645993
 711  -0.28864   1.00000    0.353917    0.646083
 712  -0.28764   1.00000    0.353826    0.646174
 713  -0.28664   1.00000    0.353735    0.646265
 714  -0.28564   1.00000    0.353643    0.646357
 715  -0.28464   1.00000    0.353551    0.646449
 716  -0.28364   1.00000    0.353458    0.646542
 717  -0.28264   1.00000    0.353365    0.646635
 718  -0.28164   1.00000    0.353271    0.646729
 719  -0.28064   1.00000    0.353177    0.646823
 720  -0.27964   1.00000    0.353082    0.646918
 721  -0.27864   1.00000    0.352986    0.647014
 722  -0.27764   1.00000    0.352890    0.647110
 723  -0.27664   1.00000    0.352794    0.647206
 724  -0.27564   1.00000    0.352697    0.647303
 725  -0.27464   1.00000    0.352599    0.647401
 726  -0.27364   1.00000    0.352501    0.647499
 727  -0.27264   1.00000    0.352403    0.647597
 728  -0.27164   1.00000    0.352304    0.647696
 729  -0.27064   1.00000    0.352205    0.647795
 730  -0.26963   1.00000    0.352105    0.647895
 731  -0.26863   1.00000    0.352005    0.647995
 732  -0.26763   1.00000    0.351904    0.648096
 733  -0.26663   1.00000    0.351803    0.648197
 734  -0.26563   1.00000    0.351702    0.648299
 735  -0.26463   1.00000    0.351600    0.648400
 736  -0.26363   1.00000    0.351497    0.648503
 737  -0.26263   1.00000    0.351394    0.648606
 738  -0.26163   1.00000    0.351291    0.648709
 739  -0.26063   1.00000    0.351187    0.648813
 740  -0.25963   1.00000    0.351083    0.648917
 741  -0.25863   1.00000    0.350979    0.649021
 742  -0.25763   1.00000    0.350874    0.649126
 743  -0.25663   1.00000    0.350769    0.649231
 744  -0.25563   1.00000    0.350663    0.649337
 745  -0.25463   1.00000    0.350557    0.649443
 746  -0.25363   1.00000    0.350451    0.649549
 747  -0.25263   1.00000    0.350344    0.649656
 748  -0.25163   1.00000    0.350237    0.649763
 749  -0.25063   1.00000    0.350129    0.649871
 750  -0.24962   1.00000    0.350021    0.649979
 751  -0.24862   1.00000    0.349912    0.650087
 752  -0.24762   1.00000    0.349804    0.650196
 753  -0.24662   1.00000    0.349695    0.650305
 754  -0.24562   1.00000    0.349585    0.650415
 755  -0.24462   1.00000    0.349475    0.650525
 756  -0.24362   1.00000    0.349365    0.650635
 757  -0.24262   1.00000    0.349255    0.650745
 758  -0.24162   1.00000    0.349144    0.650856
 759  -0.24062   1.00000    0.349033    0.650967
 760  -0.23962   1.00000    0.348921    0.651079
 761  -0.23862   1.00000    0.348809    0.651191
 762  -0.23762   1.00000    0.348697    0.651303
 763  -0.23662   1.00000    0.348584    0.651416
 764  -0.23562   1.00000    0.348471    0.651529
 765  -0.23462   1.00000    0.348358    0.651642
 766  -0.23362   1.00000    0.348245    0.651755
 767  -0.23262   1.00000    0.348131    0.651869
 768  -0.23162   1.00000    0.348016    0.651984
 769  -0.23062   1.00000    0.347902    0.652098
 770  -0.22961   1.00000    0.347787    0.652213
 771  -0.22861   1.00000    0.347672    0.652328
 772  -0.22761   1.00000    0.347556    0.652444
 773  -0.22661   1.00000    0.347440    0.652560
 774  -0.22561   1.00000    0.347324    0.652676
 775  -0.22461   1.00000    0.347208    0.652792
 776  -0.22361   1.00000    0.347091    0.652909
 777  -0.22261   1.00000    0.346974    0.653026
 778  -0.22161   1.00000    0.346856    0.653144
 779  -0.22061   1.00000    0.346739    0.653261
 780  -0.21961   1.00000    0.346621    0.653379
 781  -0.21861   1.00000    0.346502    0.653498
 782  -0.21761   1.00000    0.346384    0.653616
 783  -0.21661   1.00000    0.346265    0.653735
 784  -0.21561   1.00000    0.346147    0.653853
 785  -0.21461   1.00000    0.346028    0.653972
 786  -0.21361   1.00000    0.345910    0.654090
 787  -0.21261   1.00000    0.345791    0.654209
 788  -0.21161   1.00000    0.345673    0.654327
 789  -0.21061   1.00000    0.345554    0.654446
 790  -0.20960   1.00000    0.345436    0.654564
 791  -0.20860   1.00000    0.345317    0.654683
 792  -0.20760   1.00000    0.345199    0.654801
 793  -0.20660   1.00000    0.345080    0.654920
 794  -0.20560   1.00000    0.344962    0.655038
 795  -0.20460   1.00000    0.344843    0.655157
 796  -0.20360   1.00000    0.344725    0.655275
 797  -0.20260   1.00000    0.344606    0.655394
 798  -0.20160   1.00000    0.344488    0.655512
 799  -0.20060   1.00000    0.344369    0.655631
 800  -0.19960   0.00000    0.344251    0.344251
 801  -0.19860   0.00000    0.344132    0.344132
 802  -0.19760   0.00000    0.344014    0.344014
 803  -0.19660   0.00000    0.343895    0.343895
 804  -0.19560   0.00000    0.343777    0.343777
 805  -0.19460   0.00000    0.343659    0.343659
 806  -0.19360   0.00000    0.343540    0.343540
 807  -0.19260   0.00000    0.343422    0.343422
 808  -0.19160   0.00000    0.343303    0.343303
 809  -0.19060   0.00000    0.343185    0.343185
 810  -0.18959   0.00000    0.343066    0.343066
 811  -0.18859   0.00000    0.342948    0.342948
 812  -0.18759   0.00000    0.342829    0.342829
 813  -0.18659   0.00000    0.342711    0.342711
 814  -0.18559   0.00000    0.342592    0.342592
 815  -0.18459   0.00000    0.342474    0.342474
 816  -0.18359   0.00000    0.342355    0.342355
 817  -0.18259   0.00000    0.342237    0.342237
 818  -0.18159   0.00000    0.342118    0.342118
 819  -0.18059   0.00000    0.342000    0.342000
 820  -0.17959   0.00000    0.341881    0.341881
 821  -0.17859   0.00000    0.341763    0.341763
 822  -0.17759   0.00000    0.341644    0.341644
 823  -0.17659   0.00000    0.341526    0.341526
 824  -0.17559   0.00000    0.341407    0.341407
 825  -0.17459   0.00000    0.341289    0.341289
 826  -0.17359   0.00000    0.341170    0.341170
 827  -0.17259   0.00000    0.341052    0.341052
 828  -0.17159   0.00000    0.340933    0.340933
 829  -0.17059   0.00000    0.340815    0.340815
 830  -0.16958   0.00000    0.340696    0.340696
 831  -0.16858   0.00000    0.340578    0.340578
 832  -0.16758   0.00000    0.340459    0.340459
 833  -0.16658   0.00000    0.340341    0.340341
 834  -0.16558   0.00000    0.340222    0.340222
 835  -0.16458   0.00000    0.340104    0.340104
 836  -0.16358   0.00000    0.339985    0.339985
 837  -0.16258   0.00000    0.339867    0.339867
 838  -0.16158   0.00000    0.339748    0.339748
 839  -0.16058   0.00000    0.339630    0.339630
 840  -0.15958   0.00000    0.339511    0.339511
 841  -0.15858   0.00000    0.339393    0.339393
 842  -0.15758   0.00000    0.339274    0.339274
 843  -0.15658   0.00000    0.339156    0.339156
 844  -0.15558   0.00000    0.339037    0.339037
 845  -0.15458   0.00000    0.338919    0.338919
 846  -0.15358   0.00000    0.338800    0.338800
 847  -0.15258   0.00000    0.338682    0.338682
 848  -0.15158   0.00000    0.338563    0.338563
 849  -0.15058   0.00000    0.338445    0.338445
 850  -0.14957   0.00000    0.338326    0.338326
 851  -0.14857   0.00000    0.338208    0.338208
 852  -0.14757   0.00000    0.338089    0.338089
 853  -0.14657   0.00000    0.337971    0.337971
 854  -0.14557   0.00000    0.337852    0.337852
 855  -0.14457   0.00000    0.337734    0.337734
 856  -0.14357   0.00000    0.337615    0.337615
 857  -0.14257   0.00000    0.337497    0.337497
 858  -0.14157   0.00000    0.337378    0.337378
 859  -0.14057   0.00000    0.337260    0.337260
 860  -0.13957   0.00000    0.337141    0.337141
 861  -0.13857   0.00000    0.337023    0.337023
 862  -0.13757   0.00000    0.336904    0.336904
 863  -0.13657   0.00000    0.336786    0.336786
 864  -0.13557   0.00000    0.336667    0.336667
 865  -0.13457   0.00000    0.336549    0.336549
 866  -0.13357   0.00000    0.336430    0.336430
 867  -0.13257   0.00000    0.336312    0.336312
 868  -0.13157   0.00000    0.336193    0.336193
 869  -0.13057   0.00000    0.336075    0.336075
 870  -0.12956   0.00000    0.335956    0.335956
 871  -0.12856   0.00000    0.335838    0.335838
 872  -0.12756   0.00000    0.335719    0.335719
 873  -0.12656   0.00000    0.335601    0.335601
 874  -0.12556   0.00000    0.335482    0.335482
 875  -0.12456   0.00000    0.335364    0.335364
 876  -0.12356   0.00000    0.335245    0.335245
 877  -0.12256   0.00000    0.335127    0.335127
 878  -0.12156   0.00000    0.335008    0.335008
 879  -0.12056   0.00000    0.334890    0.334890
 880  -0.11956   0.00000    0.334771    0.334771
 881  -0.11856   0.00000    0.334653    0.334653
 882  -0.11756   0.00000    0.334534    0.334534
 883  -0.11656   0.00000    0.334416    0.334416
 884  -0.11556   0.00000    0.334297    0.334297
 885  -0.11456   0.00000    0.334179    0.334179
 886  -0.11356   0.00000    0.334060    0.334060
 887  -0.11256   0.00000    0.333942    0.333942
 888  -0.11156   0.00000    0.333824    0.333824
 889  -0.11056   0.00000    0.333705    0.333705
 890  -0.10955   0.00000    0.333587    0.333587
 891  -0.10855   0.00000    0.333468    0.333468
 892  -0.10755   0.00000    0.333350    0.333350
 893  -0.10655   0.00000    0.333231    0.333231
 894  -0.10555   0.00000    0.333113    0.333113
 895  -0.10455   0.00000    0.332994    0.332994
 896  -0.10355   0.00000    0.332876    0.332876
 897  -0.10255   0.00000    0.332757    0.332757
 898  -0.10155   0.00000    0.332639    0.332639
 899  -0.10055   0.00000    0.332520    0.332520
 900  -0.09955   0.00000    0.332402    0.332402
 901  -0.09855   0.00000    0.332283    0.332283
 902  -0.09755   0.00000    0.332165    0.332165
 903  -0.09655   0.00000    0.332046    0.332046
 904  -0.09555   0.00000    0.331928    0.331928
 905  -0.09455   0.00000    0.331809    0.331809
 906  -0.09355   0.00000    0.331691    0.331691
 907  -0.09255   0.00000    0.331572    0.331572
 908  -0.09155   0.00000    0.331454    0.331454
 909  -0.09055   0.00000    0.331335    0.331335
 910  -0.08954   0.00000    0.331217    0.331217
 911  -0.08854   0.00000    0.331098    0.331098
 912  -0.08754   0.00000    0.330980    0.330980
 913  -0.08654   0.00000    0.330861    0.330861
 914  -0.08554   0.00000    0.330743    0.330743
 915  -0.08454   0.00000    0.330624    0.330624
 916  -0.08354   0.00000    0.330506    0.330506
 917  -0.08254   0.00000    0.330387    0.330387
 918  -0.08154   0.00000    0.330269    0.330269
 919  -0.08054   0.00000    0.330150    0.330150
 920  -0.07954   0.00000    0.330032    0.330032
 921  -0.07854   0.00000    0.329913    0.329913
 922  -0.07754   0.00000    0.329795    0.329795
 923  -0.07654   0.00000    0.329676    0.329676
 924  -0.07554   0.00000    0.329558    0.329558
 925  -0.07454   0.00000    0.329439    0.329439
 926  -0.07354   0.00000    0.329320    0.329320
 927  -0.07254   0.00000    0.329201    0.329201
 928  -0.07154   0.00000    0.329082    0.329082
 929  -0.07054   0.00000    0.328964    0.328964
 930  -0.06953   0.00000    0.328845    0.328845
 931  -0.06853   0.00000    0.328726    0.328726
 932  -0.06753   0.00000    0.328607    0.328607
 933  -0.06653   0.00000    0.328489    0.328489
 934  -0.06553   0.00000    0.328370    0.328370
 935  -0.06453   0.00000    0.328251    0.328251
 936  -0.06353   0.00000    0.328132    0.328132
 937  -0.06253   0.00000    0.328013    0.328013
 938  -0.06153   0.00000    0.327895    0.327895
 939  -0.06053   0.00000    0.327776    0.327776
 940  -0.05953   0.00000    0.327657    0.327657
 941  -0.05853   0.00000    0.327538    0.327538
 942  -0.05753   0.00000    0.327419    0.327419
 943  -0.05653   0.00000    0.327301    0.327301
 944  -0.05553   0.00000    0.327182    0.327182
 945  -0.05453   0.00000    0.327063    0.327063
 946  -0.05353   0.00000    0.326944    0.326944
 947  -0.05253   0.00000    0.326825    0.326825
 948  -0.05153   0.00000    0.326707    0.326707
 949  -0.05053   0.00000    0.326588    0.326588
 950  -0.04952   0.00000    0.326469    0.326469
 951  -0.04852   0.00000    0.326350    0.326350
 952  -0.04752   0.00000    0.326231    0.326231
 953  -0.04652   0.00000    0.326113    0.326113
 954  -0.04552   0.00000    0.325994    0.325994
 955  -0.04452   0.00000    0.325875    0.325875
 956  -0.04352   0.00000    0.325756    0.325756
 957  -0.04252   0.00000    0.325638    0.325638
 958  -0.04152   0.00000    0.325519    0.325519
 959  -0.04052   0.00000    0.325400    0.325400
 960  -0.03952   0.00000    0.325281    0.325281
 961  -0.03852   0.00000    0.325162    0.325162
 962  -0.03752   0.00000    0.325044    0.325044
 963  -0.03652   0.00000    0.324925    0.324925
 964  -0.03552   0.00000    0.324806    0.324806
 965  -0.03452   0.00000    0.324687    0.324687
 966  -0.03352   0.00000    0.324568    0.324568
 967  -0.03252   0.00000    0.324450    0.324450
 968  -0.03152   0.00000    0.324331    0.324331
 969  -0.03052   0.00000    0.324212    0.324212
 970  -0.02951   0.00000    0.324093    0.324093
 971  -0.02851   0.00000    0.323974    0.323974
 972  -0.02751   0.00000    0.323856    0.323856
 973  -0.02651   0.00000    0.323737    0.323737
 974  -0.02551   0.00000    0.323618    0.323618
 975  -0.02451   0.00000    0.323499    0.323499
 976  -0.02351   0.00000    0.323380    0.323380
 977  -0.02251   0.00000    0.323262    0.323262
 978  -0.02151   0.00000    0.323143    0.323143
 979  -0.02051   0.00000    0.323024    0.323024
 980  -0.01951   0.00000    0.322905    0.322905
 981  -0.01851   0.00000    0.322787    0.322787
 982  -0.01751   0.00000    0.322668    0.322668
 983  -0.01651   0.00000    0.322549    0.322549
 984  -0.01551   0.00000    0.322430    0.322430
 985  -0.01451   0.00000    0.322311    0.322311
 986  -0.01351   0.00000    0.322193    0.322193
 987  -0.01251   0.00000    0.322074    0.322074
 988  -0.01151   0.00000    0.321955    0.321955
 989  -0.01051   0.00000    0.321836    0.321836
 990  -0.00950   0.00000    0.321717    0.321717
 991  -0.00850   0.00000    0.321599    0.321599
 992  -0.00750   0.00000    0.321480    0.321480
 993  -0.00650   0.00000    0.321361    0.321361
 994  -0.00550   0.00000    0.321242    0.321242
 995  -0.00450   0.00000    0.321123    0.321123
 996  -0.00350   0.00000    0.321005    0.321005
 997  -0.00250   0.00000    0.320886    0.320886
 998  -0.00150   0.00000    0.320767    0.320767
 999  -0.00050   0.00000    0.320648    0.320648
1000   0.00050   0.00488    0.320529    0.315647
1001   0.00150   0.01526    0.320411    0.305152
1002   0.00250   0.02502    0.320292    0.295267
1003   0.00350   0.03479    0.320173    0.285383
1004   0.00450   0.04517    0.320054    0.274888
1005   0.00550   0.05493    0.319936    0.265004
1006   0.00650   0.06531    0.319817    0.254509
1007   0.00750   0.07507    0.319698    0.244625
1008   0.00850   0.08484    0.319579    0.234740
1009   0.00950   0.09521    0.319460    0.224245
1010   0.01051   0.10498    0.319342    0.214361
1011   0.01151   0.11536    0.319223    0.203866
1012   0.01251   0.12512    0.319104    0.193982
1013   0.01351   0.13489    0.318985    0.184097
1014   0.01451   0.14526    0.318866    0.173603
1015   0.01551   0.15503    0.318748    0.163718
1016   0.01651   0.16479    0.318629    0.153834
1017   0.01751   0.17517    0.318510    0.143339
1018   0.01851   0.18494    0.318391    0.133455
1019   0.01951   0.19531    0.318272    0.122960
1020   0.02051   0.20508    0.318154    0.113075
1021   0.02151   0.21484    0.318035    0.103191
1022   0.02251   0.22522    0.317916    0.092696
1023   0.02351   0.23499    0.317797    0.082812
1024   0.02451   0.24536    0.317678    0.072317
1025   0.02551   0.25513    0.317560    0.062433
1026   0.02651   0.26489    0.317441    0.052548
1027   0.02751   0.27527    0.317322    0.042054
1028   0.02851   0.28503    0.317203    0.032169
1029   0.02951   0.29541    0.317084    0.021674
1030   0.03052   0.30518    0.316966    0.011790
1031   0.03152   0.31494    0.316847    0.001906
1032   0.03252   0.32532    0.316728    0.008589
1033   0.03352   0.33508    0.316609    0.018474
1034   0.03452   0.34546    0.316491    0.028968
1035   0.03552   0.35522    0.316372    0.038853
1036   0.03652   0.36499    0.316253    0.048737
1037   0.03752   0.37537    0.316134    0.059232
1038   0.03852   0.38513    0.316015    0.069116
1039   0.03952   0.39490    0.315897    0.079001
1040   0.04052   0.40527    0.315778    0.089496
1041   0.04152   0.41504    0.315659    0.099380
1042   0.04252   0.42542    0.315540    0.109875
1043   0.04352   0.43518    0.315421    0.119759
1044   0.04452   0.44495    0.315303    0.129644
1045   0.04552   0.45532    0.315184    0.140138
1046   0.04652   0.46509    0.315065    0.150023
1047   0.04752   0.47546    0.314946    0.160518
1048   0.04852   0.48523    0.314827    0.170402
1049   0.04952   0.49500    0.314709    0.180286
1050   0.05053   0.50537    0.314590    0.190781
1051   0.05153   0.51514    0.314471    0.200666
1052   0.05253   0.52551    0.314352    0.211161
1053   0.05353   0.53528    0.314232    0.221046
1054   0.05453   0.54504    0.314112    0.230932
1055   0.05553   0.55542    0.313992    0.241428
1056   0.05653   0.56519    0.313871    0.251314
1057   0.05753   0.57556    0.313750    0.261811
1058   0.05853   0.58533    0.313629    0.271698
1059   0.05953   0.59509    0.313508    0.281585
1060   0.06053   0.60547    0.313386    0.292083
1061   0.06153   0.61523    0.313264    0.301970
1062   0.06253   0.62561    0.313142    0.312469
1063   0.06353   0.63538    0.313019    0.322357
1064   0.06453   0.64514    0.312896    0.332246
1065   0.06553   0.65552    0.312772    0.342745
1066   0.06653   0.66528    0.312649    0.352635
1067   0.06753   0.67505    0.312525    0.362524
1068   0.06853   0.68542    0.312400    0.373025
1069   0.06953   0.69519    0.312276    0.382915
1070   0.07054   0.70557    0.312151    0.393416
1071   0.07154   0.71533    0.312025    0.403307
1072   0.07254   0.72510    0.311900    0.413198
1073   0.07354   0.73547    0.311774    0.423700
1074   0.07454   0.74524    0.311647    0.433592
1075   0.07554   0.75562    0.311521    0.444095
1076   0.07654   0.76538    0.311394    0.453987
1077   0.07754   0.77515    0.311266    0.463880
1078   0.07854   0.78552    0.311139    0.474384
1079   0.07954   0.79529    0.311010    0.484278
1080   0.08054   0.80566    0.310882    0.494782
1081   0.08154   0.81543    0.310753    0.504676
1082   0.08254   0.82520    0.310624    0.514571
1083   0.08354   0.83557    0.310495    0.525077
1084   0.08454   0.84534    0.310365    0.534972
1085   0.08554   0.85571    0.310235    0.545478
1086   0.08654   0.86548    0.310104    0.555374
1087   0.08754   0.87524    0.309973    0.565271
1088   0.08854   0.88562    0.309842    0.575778
1089   0.08954   0.89539    0.309711    0.585675
1090   0.09055   0.90515    0.309579    0.595573
1091   0.09155   0.91553    0.309446    0.606081
1092   0.09255   0.92529    0.309313    0.615980
1093   0.09355   0.93567    0.309180    0.626489
1094   0.09455   0.94543    0.309047    0.636388
1095   0.09555   0.95520    0.308913    0.646288
1096   0.09655   0.96558    0.308778    0.656798
1097   0.09755   0.97534    0.308644    0.666698
1098   0.09855   0.98572    0.308508    0.677209
1099   0.09955   0.99548    0.308373    0.687111
1100   0.10055   0.99475    0.308237    0.686514
1101   0.10155   0.98438    0.308100    0.676275
1102   0.10255   0.97461    0.307964    0.666646
1103   0.10355   0.96423    0.307826    0.656407
1104   0.10455   0.95447    0.307689    0.646779
1105   0.10555   0.94470    0.307551    0.637152
1106   0.10655   0.93433    0.307412    0.626914
1107   0.10755   0.92456    0.307273    0.617287
1108   0.10855   0.91418    0.307134    0.607051
1109   0.10955   0.90442    0.306994    0.597425
1110   0.11056   0.89465    0.306854    0.587800
1111   0.11156   0.88428    0.306713    0.577564
1112   0.11256   0.87451    0.306572    0.567940
1113   0.11356   0.86414    0.306430    0.557705
1114   0.11456   0.85437    0.306288    0.548082
1115   0.11556   0.84460    0.306146    0.538459
1116   0.11656   0.83423    0.306003    0.528226
1117   0.11756   0.82446    0.305859    0.518603
1118   0.11856   0.81470    0.305716    0.508982
1119   0.11956   0.80432    0.305571    0.498750
1120   0.12056   0.79456    0.305426    0.489129
1121   0.12156   0.78418    0.305281    0.478898
1122   0.12256   0.77441    0.305136    0.469279
1123   0.12356   0.76465    0.304989    0.459659
1124   0.12456   0.75427    0.304842    0.449430
1125   0.12556   0.74451    0.304695    0.439812
1126   0.12656   0.73413    0.304547    0.429584
1127   0.12756   0.72437    0.304399    0.419966
1128   0.12856   0.71460    0.304250    0.410350
1129   0.12956   0.70422    0.304100    0.400123
1130   0.13057   0.69446    0.303950    0.390508
1131   0.13157   0.68408    0.303800    0.380282
1132   0.13257   0.67432    0.303649    0.370668
1133   0.13357   0.66455    0.303497    0.361054
1134   0.13457   0.65417    0.303345    0.350830
1135   0.13557   0.64441    0.303192    0.341217
1136   0.13657   0.63403    0.303038    0.330995
1137   0.13757   0.62427    0.302884    0.321383
1138   0.13857   0.61450    0.302730    0.311772
1139   0.13957   0.60413    0.302575    0.301551
1140   0.14057   0.59436    0.302419    0.291941
1141   0.14157   0.58459    0.302263    0.282332
1142   0.14257   0.57422    0.302106    0.272113
1143   0.14357   0.56445    0.301948    0.262505
1144   0.14457   0.55408    0.301790    0.252287
1145   0.14557   0.54431    0.301631    0.242680
1146   0.14657   0.53455    0.301472    0.233074
1147   0.14757   0.52417    0.301312    0.222858
1148   0.14857   0.51440    0.301151    0.213253
1149   0.14957   0.50403    0.300990    0.203039
1150   0.15058   0.49426    0.300828    0.193435
1151   0.15158   0.48450    0.300665    0.183832
1152   0.15258   0.47412    0.300502    0.173619
1153   0.15358   0.46436    0.300338    0.164017
1154   0.15458   0.45398    0.300174    0.153806
1155   0.15558   0.44421    0.300009    0.144205
1156   0.15658   0.43445    0.299843    0.134605
1157   0.15758   0.42407    0.299677    0.124395
1158   0.15858   0.41431    0.299510    0.114797
1159   0.15958   0.40393    0.299342    0.104589
1160   0.16058   0.39417    0.299174    0.094991
1161   0.16158   0.38440    0.299004    0.085395
1162   0.16258   0.37402    0.298835    0.075189
1163   0.16358   0.36426    0.298664    0.065594
1164   0.16458   0.35388    0.298492    0.055389
1165   0.16558   0.34412    0.298320    0.045796
1166   0.16658   0.33435    0.298147    0.036203
1167   0.16758   0.32397    0.297974    0.026001
1168   0.16858   0.31421    0.297799    0.016410
1169   0.16958   0.30444    0.297624    0.006819
1170   0.17059   0.29407    0.297448    0.003381
1171   0.17159   0.28430    0.297271    0.012970
1172   0.17259   0.27393    0.297094    0.023168
1173   0.17359   0.26416    0.296916    0.032756
1174   0.17459   0.25439    0.296737    0.042342
1175   0.17559   0.24402    0.296557    0.052539
1176   0.17659   0.23425    0.296377    0.062124
1177   0.17759   0.22388    0.296196    0.072319
1178   0.17859   0.21411    0.296014    0.081903
1179   0.17959   0.20435    0.295831    0.091486
1180   0.18059   0.19397    0.295648    0.101678
1181   0.18159   0.18420    0.295464    0.111260
1182   0.18259   0.17383    0.295279    0.121451
1183   0.18359   0.16406    0.295093    0.131031
1184   0.18459   0.15430    0.294907    0.140610
1185   0.18559   0.14392    0.294720    0.150799
1186   0.18659   0.13416    0.294532    0.160377
1187   0.18759   0.12378    0.294344    0.170565
1188   0.18859   0.11401    0.294155    0.180141
1189   0.18959   0.10425    0.293965    0.189717
1190   0.19060   0.09387    0.293774    0.199902
1191   0.19160   0.08411    0.293582    0.209476
1192   0.19260   0.07434    0.293390    0.219049
1193   0.19360   0.06396    0.293197    0.229232
1194   0.19460   0.05420    0.293003    0.238804
1195   0.19560   0.04382    0.292809    0.248986
1196   0.19660   0.03406    0.292614    0.258556
1197   0.19760   0.02429    0.292418    0.268126
1198   0.19860   0.01392    0.292221    0.278305
1199   0.19960   0.00415    0.292024    0.287873
1200   0.20060   0.00000    0.291825    0.291825
1201   0.20160   0.00000    0.291626    0.291626
1202   0.20260   0.00000    0.291427    0.291427
1203   0.20360   0.00000    0.291226    0.291226
1204   0.20460   0.00000    0.291025    0.291025
1205   0.20560   0.00000    0.290822    0.290822
1206   0.20660   0.00000    0.290619    0.290619
1207   0.20760   0.00000    0.290415    0.290415
1208   0.20860   0.00000    0.290210    0.290210
1209   0.20960   0.00000    0.290004    0.290004
1210   0.21061   0.00000    0.289798    0.289798
1211   0.21161   0.00000    0.289590    0.289590
1212   0.21261   0.00000    0.289382    0.289382
1213   0.21361   0.00000    0.289173    0.289173
1214   0.21461   0.00000    0.288963    0.288963
1215   0.21561   0.00000    0.288752    0.288752
1216   0.21661   0.00000    0.288540    0.288540
1217   0.21761   0.00000    0.288328    0.288328
1218   0.21861   0.00000    0.288114    0.288114
1219   0.21961   0.00000    0.287900    0.287900
1220   0.22061   0.00000    0.287685    0.287685
1221   0.22161   0.00000    0.287469    0.287469
1222   0.22261   0.00000    0.287252    0.287252
1223   0.22361   0.00000    0.287035    0.287035
1224   0.22461   0.00000    0.286816    0.286816
1225   0.22561   0.00000    0.286597    0.286597
1226   0.22661   0.00000    0.286377    0.286377
1227   0.22761   0.00000    0.286156    0.286156
1228   0.22861   0.00000    0.285934    0.285934
1229   0.22961   0.00000    0.285711    0.285711
1230   0.23062   0.00000    0.285488    0.285488
1231   0.23162   0.00000    0.285263    0.285263
1232   0.23262   0.00000    0.285038    0.285038
1233   0.23362   0.00000    0.284812    0.284812
1234   0.23462   0.00000    0.284585    0.284585
1235   0.23562   0.00000    0.284357    0.284357
1236   0.23662   0.00000    0.284128    0.284128
1237   0.23762   0.00000    0.283899    0.283899
1238   0.23862   0.00000    0.283668    0.283668
1239   0.23962   0.00000    0.283437    0.283437
1240   0.24062   0.00000    0.283205    0.283205
1241   0.24162   0.00000    0.282972    0.282972
1242   0.24262   0.00000    0.282738    0.282738
1243   0.24362   0.00000    0.282504    0.282504
1244   0.24462   0.00000    0.282268    0.282268
1245   0.24562   0.00000    0.282032    0.282032
1246   0.24662   0.00000    0.281795    0.281795
1247   0.24762   0.00000    0.281557    0.281557
1248   0.24862   0.00000    0.281318    0.281318
1249   0.24962   0.00000    0.281078    0.281078
1250   0.25063   0.00000    0.280837    0.280837
1251   0.25163   0.00000    0.280596    0.280596
1252   0.25263   0.00000    0.280354    0.280354
1253   0.25363   0.00000    0.280111    0.280111
1254   0.25463   0.00000    0.279867    0.279867
1255   0.25563   0.00000    0.279622    0.279622
1256   0.25663   0.00000    0.279376    0.279376
1257   0.25763   0.00000    0.279129    0.279129
1258   0.25863   0.00000    0.278882    0.278882
1259   0.25963   0.00000    0.278634    0.278634
1260   0.26063   0.00000    0.278385    0.278385
1261   0.26163   0.00000    0.278135    0.278135
1262   0.26263   0.00000    0.277884    0.277884
1263   0.26363   0.00000    0.277632    0.277632
1264   0.26463   0.00000    0.277380    0.277380
1265   0.26563   0.00000    0.277126    0.277126
1266   0.26663   0.00000    0.276872    0.276872
1267   0.26763   0.00000    0.276616    0.276616
1268   0.26863   0.00000    0.276360    0.276360
1269   0.26963   0.00000    0.276103    0.276103
1270   0.27064   0.00000    0.275845    0.275845
1271   0.27164   0.00000    0.275586    0.275586
1272   0.27264   0.00000    0.275326    0.275326
1273   0.27364   0.00000    0.275065    0.275065
1274   0.27464   0.00000    0.274804    0.274804
1275   0.27564   0.00000    0.274541    0.274541
1276   0.27664   0.00000    0.274278    0.274278
1277   0.27764   0.00000    0.274014    0.274014
1278   0.27864   0.00000    0.273749    0.273749
1279   0.27964   0.00000    0.273483    0.273483
1280   0.28064   0.00000    0.273217    0.273217
1281   0.28164   0.00000    0.272949    0.272949
1282   0.28264   0.00000    0.272681    0.272681
1283   0.28364   0.00000    0.272412    0.272412
1284   0.28464   0.00000    0.272142    0.272142
1285   0.28564   0.00000    0.271871    0.271871
1286   0.28664   0.00000    0.271599    0.271599
1287   0.28764   0.00000    0.271326    0.271326
1288   0.28864   0.00000    0.271053    0.271053
1289   0.28964   0.00000    0.270779    0.270779
1290   0.29065   0.00000    0.270504    0.270504
1291   0.29165   0.00000    0.270228    0.270228
1292   0.29265   0.00000    0.269951    0.269951
1293   0.29365   0.00000    0.269673    0.269673
1294   0.29465   0.00000    0.269394    0.269394
1295   0.29565   0.00000    0.269115    0.269115
1296   0.29665   0.00000    0.268835    0.268835
1297   0.29765   0.00000    0.268554    0.268554
1298   0.29865   0.00000    0.268272    0.268272
1299   0.29965   0.00000    0.267989    0.267989
1300   0.30065   0.00000    0.267705    0.267705
1301   0.30165   0.00000    0.267421    0.267421
1302   0.30265   0.00000    0.267135    0.267135
1303   0.30365   0.00000    0.266849    0.266849
1304   0.30465   0.00000    0.266562    0.266562
1305   0.30565   0.00000    0.266274    0.266274
1306   0.30665   0.00000    0.265985    0.265985
1307   0.30765   0.00000    0.265696    0.265696
1308   0.30865   0.00000    0.265405    0.265405
1309   0.30965   0.00000    0.265114    0.265114
1310   0.31066   0.00000    0.264822    0.264822
1311   0.31166   0.00000    0.264529    0.264529
1312   0.31266   0.00000    0.264235    0.264235
1313   0.31366   0.00000    0.263940    0.263940
1314   0.31466   0.00000    0.263645    0.263645
1315   0.31566   0.00000    0.263348    0.263348
1316   0.31666   0.00000    0.263051    0.263051
1317   0.31766   0.00000    0.262753    0.262753
1318   0.31866   0.00000    0.262454    0.262454
1319   0.31966   0.00000    0.262154    0.262154
1320   0.32066   0.00000    0.261853    0.261853
1321   0.32166   0.00000    0.261552    0.261552
1322   0.32266   0.00000    0.261249    0.261249
1323   0.32366   0.00000    0.260946    0.260946
1324   0.32466   0.00000    0.260642    0.260642
1325   0.32566   0.00000    0.260337    0.260337
1326   0.32666   0.00000    0.260032    0.260032
1327   0.32766   0.00000    0.259726    0.259726
1328   0.32866   0.00000    0.259419    0.259419
1329   0.32966   0.00000    0.259111    0.259111
1330   0.33067   0.00000    0.258802    0.258802
1331   0.33167   0.00000    0.258493    0.258493
1332   0.33267   0.00000    0.258183    0.258183
1333   0.33367   0.00000    0.257872    0.257872
1334   0.33467   0.00000    0.257561    0.257561
1335   0.33567   0.00000    0.257248    0.257248
1336   0.33667   0.00000    0.256935    0.256935
1337   0.33767   0.00000    0.256622    0.256622
1338   0.33867   0.00000    0.256307    0.256307
1339   0.33967   0.00000    0.255992    0.255992
1340   0.34067   0.00000    0.255676    0.255676
1341   0.34167   0.00000    0.255359    0.255359
1342   0.34267   0.00000    0.255042    0.255042
1343   0.34367   0.00000    0.254724    0.254724
1344   0.34467   0.00000    0.254405    0.254405
1345   0.34567   0.00000    0.254085    0.254085
1346   0.34667   0.00000    0.253765    0.253765
1347   0.34767   0.00000    0.253443    0.253443
1348   0.34867   0.00000    0.253121    0.253121
1349   0.34967   0.00000    0.252799    0.252799
1350   0.35068   0.00000    0.252475    0.252475
1351   0.35168   0.00000    0.252151    0.252151
1352   0.35268   0.00000    0.251826    0.251826
1353   0.35368   0.00000    0.251500    0.251500
1354   0.35468   0.00000    0.251174    0.251174
1355   0.35568   0.00000    0.250847    0.250847
1356   0.35668   0.00000    0.250519    0.250519
1357   0.35768   0.00000    0.250190    0.250190
1358   0.35868   0.00000    0.249861    0.249861
1359   0.35968   0.00000    0.249531    0.249531
1360   0.36068   0.00000    0.249200    0.249200
1361   0.36168   0.00000    0.248868    0.248868
1362   0.36268   0.00000    0.248536    0.248536
1363   0.36368   0.00000    0.248204    0.248204
1364   0.36468   0.00000    0.247870    0.247870
1365   0.36568   0.00000    0.247536    0.247536
1366   0.36668   0.00000    0.247201    0.247201
1367   0.36768   0.00000    0.246866    0.246866
1368   0.36868   0.00000    0.246530    0.246530
1369   0.36968   0.00000    0.246193    0.246193
1370   0.37069   0.00000    0.245856    0.245856
1371   0.37169   0.00000    0.245518    0.245518
1372   0.37269   0.00000    0.245179    0.245179
1373   0.37369   0.00000    0.244840    0.244840
1374   0.37469   0.00000    0.244500    0.244500
1375   0.37569   0.00000    0.244160    0.244160
1376   0.37669   0.00000    0.243819    0.243819
1377   0.37769   0.00000    0.243478    0.243478
1378   0.37869   0.00000    0.243136    0.243136
1379   0.37969   0.00000    0.242793    0.242793
1380   0.38069   0.00000    0.242450    0.242450
1381   0.38169   0.00000    0.242106    0.242106
1382   0.38269   0.00000    0.241762    0.241762
1383   0.38369   0.00000    0.241417    0.241417
1384   0.38469   0.00000    0.241071    0.241071
1385   0.38569   0.00000    0.240726    0.240726
1386   0.38669   0.00000    0.240379    0.240379
1387   0.38769   0.00000    0.240032    0.240032
1388   0.38869   0.00000    0.239685    0.239685
1389   0.38969   0.00000    0.239337    0.239337
1390   0.39070   0.00000    0.238988    0.238988
1391   0.39170   0.00000    0.238639    0.238639
1392   0.39270   0.00000    0.238290    0.238290
1393   0.39370   0.00000    0.237940    0.237940
1394   0.39470   0.00000    0.237589    0.237589
1395   0.39570   0.00000    0.237238    0.237238
1396   0.39670   0.00000    0.236887    0.236887
1397   0.39770   0.00000    0.236535    0.236535
1398   0.39870   0.00000    0.236182    0.236182
1399   0.39970   0.00000    0.235829    0.235829
1400   0.40070   0.11776    0.235476    0.117715
1401   0.40170   0.18212    0.235122    0.053002
1402   0.40270   0.23122    0.234768    0.003543
1403   0.40370   0.26902    0.234413    0.034606
1404   0.40470   0.30373    0.234058    0.069670
1405   0.40570   0.33281    0.233702    0.099110
1406   0.40670   0.35929    0.233346    0.125940
1407   0.40770   0.38516    0.232990    0.152166
1408   0.40870   0.40777    0.232633    0.175134
1409   0.40970   0.43025    0.232276    0.197974
1410   0.41071   0.45017    0.231918    0.218249
1411   0.41171   0.46904    0.231560    0.237477
1412   0.41271   0.48807    0.231202    0.256871
1413   0.41371   0.50514    0.230843    0.274298
1414   0.41471   0.52246    0.230484    0.291981
1415   0.41571   0.53808    0.230124    0.307953
1416   0.41671   0.55308    0.229764    0.323313
1417   0.41771   0.56840    0.229404    0.338994
1418   0.41871   0.58228    0.229043    0.353237
1419   0.41971   0.59650    0.228682    0.367819
1420   0.42071   0.60942    0.228321    0.381100
1421   0.42171   0.62192    0.227959    0.393961
1422   0.42271   0.63477    0.227597    0.407168
1423   0.42371   0.64647    0.227234    0.419236
1424   0.42471   0.65782    0.226872    0.430950
1425   0.42571   0.66952    0.226509    0.443007
1426   0.42671   0.68019    0.226145    0.454049
1427   0.42771   0.69121    0.225782    0.465426
1428   0.42871   0.70128    0.225418    0.475857
1429   0.42971   0.71107    0.225054    0.486013
1430   0.43072   0.72118    0.224689    0.496490
1431   0.43172   0.73043    0.224325    0.506109
1432   0.43272   0.74000    0.223960    0.516040
1433   0.43372   0.74876    0.223594    0.525165
1434   0.43472   0.75729    0.223229    0.534063
1435   0.43572   0.76612    0.222864    0.543254
1436   0.43672   0.77421    0.222498    0.551708
1437   0.43772   0.78257    0.222132    0.560441
1438   0.43872   0.79024    0.221765    0.568478
1439   0.43972   0.79772    0.221399    0.576321
1440   0.44072   0.80546    0.221032    0.584427
1441   0.44172   0.81255    0.220666    0.591888
1442   0.44272   0.81990    0.220299    0.599599
1443   0.44372   0.82663    0.219932    0.606700
1444   0.44472   0.83320    0.219564    0.613631
1445   0.44572   0.83999    0.219197    0.620793
1446   0.44672   0.84622    0.218829    0.627389
1447   0.44772   0.85266    0.218461    0.634202
1448   0.44872   0.85857    0.218093    0.640477
1449   0.44972   0.86433    0.217725    0.646602
1450   0.45073   0.87028    0.217357    0.652925
1451   0.45173   0.87574    0.216989    0.658748
1452   0.45273   0.88105    0.216621    0.664430
1453   0.45373   0.88654    0.216253    0.670290
1454   0.45473   0.89157    0.215884    0.675687
1455   0.45573   0.89677    0.215516    0.681250
1456   0.45673   0.90152    0.215148    0.686371
1457   0.45773   0.90614    0.214780    0.691362
1458   0.45873   0.91091    0.214412    0.696502
1459   0.45973   0.91527    0.214044    0.701230
1460   0.46073   0.91977    0.213675    0.706095
1461   0.46173   0.92388    0.213307    0.710569
1462   0.46273   0.92786    0.212939    0.714922
1463   0.46373   0.93196    0.212571    0.719394
1464   0.46473   0.93571    0.212203    0.723503
1465   0.46573   0.93955    0.211834    0.727717
1466   0.46673   0.94305    0.211466    0.731587
1467   0.46773   0.94644    0.211098    0.735344
1468   0.46873   0.94992    0.210730    0.739188
1469   0.46973   0.95307    0.210361    0.742714
1470   0.47074   0.95631    0.209993    0.746316
1471   0.47174   0.95924    0.209625    0.749615
1472   0.47274   0.96206    0.209256    0.752807
1473   0.47374   0.96495    0.208888    0.756057
1474   0.47474   0.96755    0.208520    0.759029
1475   0.47574   0.97005    0.208152    0.761895
1476   0.47674   0.97259    0.207783    0.764803
1477   0.47774   0.97487    0.207415    0.767454
1478   0.47874   0.97718    0.207047    0.770135
1479   0.47974   0.97925    0.206679    0.772575
1480   0.48074   0.98122    0.206310    0.774914
1481   0.48174   0.98321    0.205942    0.777265
1482   0.48274   0.98497    0.205574    0.779396
1483   0.48374   0.98673    0.205206    0.781527
1484   0.48474   0.98829    0.204837    0.783453
1485   0.48574   0.98975    0.204469    0.785279
1486   0.48674   0.99119    0.204101    0.787089
1487   0.48774   0.99245    0.203733    0.788713
1488   0.48874   0.99367    0.203366    0.790308
1489   0.48974   0.99473    0.202998    0.791731
1490   0.49075   0.99569    0.202631    0.793056
1491   0.49175   0.99660    0.202264    0.794336
1492   0.49275   0.99736    0.201897    0.795462
1493   0.49375   0.99806    0.201530    0.796530
1494   0.49475   0.99862    0.201164    0.797458
1495   0.49575   0.99909    0.200797    0.798290
1496   0.49675   0.99948    0.200431    0.799045
1497   0.49775   0.99974    0.200065    0.799680
1498   0.49875   0.99993    0.199700    0.800226
1499   0.49975   1.00000    0.199334    0.800663
1500   0.50075   0.99997    0.198969    0.801004
1501   0.50175   0.99984    0.198604    0.801240
1502   0.50275   0.99962    0.198239    0.801384
1503   0.50375   0.99931    0.197875    0.801432
1504   0.50475   0.99887    0.197510    0.801356
1505   0.50575   0.99835    0.197146    0.801206
1506   0.50675   0.99770    0.196783    0.800920
1507   0.50775   0.99699    0.196420    0.800572
1508   0.50875   0.99618    0.196057    0.800127
1509   0.50975   0.99522    0.195694    0.799526
1510   0.51076   0.99421    0.195332    0.798882
1511   0.51176   0.99304    0.194970    0.798068
1512   0.51276   0.99183    0.194608    0.797222
1513   0.51376   0.99053    0.194247    0.796278
1514   0.51476   0.98903    0.193886    0.795145
1515   0.51576   0.98752    0.193526    0.793998
1516   0.51676   0.98581    0.193166    0.792647
1517   0.51776   0.98410    0.192806    0.791294
1518   0.51876   0.98229    0.192447    0.789841
1519   0.51976   0.98025    0.192088    0.788163
1520   0.52076   0.97823    0.191730    0.786501
1521   0.52176   0.97597    0.191372    0.784600
1522   0.52276   0.97374    0.191014    0.782726
1523   0.52376   0.97141    0.190657    0.780748
1524   0.52476   0.96881    0.190300    0.778510
1525   0.52576   0.96626    0.189944    0.776316
1526   0.52676   0.96360    0.189588    0.774016
1527   0.52776   0.96066    0.189233    0.771432
1528   0.52876   0.95779    0.188878    0.768910
1529   0.52976   0.95461    0.188524    0.766088
1530   0.53077   0.95151    0.188170    0.763340
1531   0.53177   0.94830    0.187817    0.760481
1532   0.53277   0.94476    0.187464    0.757297
1533   0.53377   0.94132    0.187112    0.754205
1534   0.53477   0.93753    0.186760    0.750772
1535   0.53577   0.93385    0.186409    0.747441
1536   0.53677   0.93005    0.186058    0.743993
1537   0.53777   0.92588    0.185708    0.740176
1538   0.53877   0.92184    0.185358    0.736481
1539   0.53977   0.91741    0.185009    0.732398
1540   0.54077   0.91311    0.184660    0.728449
1541   0.54177   0.90869    0.184313    0.724373
1542   0.54277   0.90385    0.183965    0.719882
1543   0.54377   0.89916    0.183618    0.715541
1544   0.54477   0.89403    0.183272    0.710762
1545   0.54577   0.88907    0.182927    0.706147
1546   0.54677   0.88398    0.182582    0.701396
1547   0.54777   0.87841    0.182238    0.696174
1548   0.54877   0.87303    0.181894    0.691133
1549   0.54977   0.86715    0.181551    0.685599
1550   0.55078   0.86147    0.181209    0.680259
1551   0.55178   0.85564    0.180867    0.674769
1552   0.55278   0.84927    0.180527    0.668746
1553   0.55378   0.84312    0.180187    0.662937
1554   0.55478   0.83682    0.179847    0.656968
1555   0.55578   0.82993    0.179509    0.650425
1556   0.55678   0.82329    0.179171    0.644115
1557   0.55778   0.81603    0.178834    0.637201
1558   0.55878   0.80903    0.178498    0.630532
1559   0.55978   0.80184    0.178162    0.623681
1560   0.56078   0.79401    0.177827    0.616179
1561   0.56178   0.78643    0.177493    0.608940
1562   0.56278   0.77817    0.177160    0.601012
1563   0.56378   0.77019    0.176827    0.593361
1564   0.56478   0.76199    0.176495    0.585500
1565   0.56578   0.75305    0.176164    0.576890
1566   0.56678   0.74441    0.175834    0.568575
1567   0.56778   0.73497    0.175504    0.559465
1568   0.56878   0.72584    0.175175    0.550662
1569   0.56978   0.71646    0.174847    0.541609
1570   0.57079   0.70620    0.174520    0.531685
1571   0.57179   0.69628    0.174194    0.522083
1572   0.57279   0.68542    0.173868    0.511550
1573   0.57379   0.67489    0.173543    0.501350
1574   0.57479   0.66406    0.173220    0.490839
1575   0.57579   0.65219    0.172896    0.479292
1576   0.57679   0.64066    0.172574    0.468089
1577   0.57779   0.62877    0.172253    0.456521
1578   0.57879   0.61572    0.171933    0.443789
1579   0.57979   0.60302    0.171613    0.431402
1580   0.58079   0.58904    0.171294    0.417743
1581   0.58179   0.57540    0.170977    0.404425
1582   0.58279   0.56126    0.170660    0.390604
1583   0.58379   0.54565    0.170344    0.375307
1584   0.58479   0.53035    0.170029    0.360322
1585   0.58579   0.51339    0.169715    0.343677
1586   0.58679   0.49670    0.169402    0.327303
1587   0.58779   0.47924    0.169089    0.310148
1588   0.58879   0.45972    0.168778    0.290946
1589   0.58979   0.44035    0.168468    0.271880
1590   0.59080   0.41853    0.168159    0.250371
1591   0.59180   0.39665    0.167851    0.228802
1592   0.59280   0.37324    0.167544    0.205697
1593   0.59380   0.34634    0.167238    0.179099
1594   0.59480   0.31864    0.166933    0.151707
1595   0.59580   0.28593    0.166628    0.119297
1596   0.59680   0.25088    0.166325    0.084557
1597   0.59780   0.20962    0.166023    0.043596
1598   0.59880   0.15343    0.165722    0.012290
1599   0.59980   0.06439    0.165422    0.101032
1600   0.60080   0.00000    0.165123    0.165123
1601   0.60180   0.00000    0.164824    0.164824
1602   0.60280   0.00000    0.164527    0.164527
1603   0.60380   0.00000    0.164231    0.164231
1604   0.60480   0.00000    0.163936    0.163936
1605   0.60580   0.00000    0.163642    0.163642
1606   0.60680   0.00000    0.163349    0.163349
1607   0.60780   0.00000    0.163058    0.163058
1608   0.60880   0.00000    0.162767    0.162767
1609   0.60980   0.00000    0.162477    0.162477
1610   0.61081   0.00000    0.162189    0.162189
1611   0.61181   0.00000    0.161902    0.161902
1612   0.61281   0.00000    0.161615    0.161615
1613   0.61381   0.00000    0.161330    0.161330
1614   0.61481   0.00000    0.161046    0.161046
1615   0.61581   0.00000    0.160764    0.160764
1616   0.61681   0.00000    0.160482    0.160482
1617   0.61781   0.00000    0.160202    0.160202
1618   0.61881   0.00000    0.159922    0.159922
1619   0.61981   0.00000    0.159644    0.159644
1620   0.62081   0.00000    0.159367    0.159367
1621   0.62181   0.00000    0.159092    0.159092
1622   0.62281   0.00000    0.158817    0.158817
1623   0.62381   0.00000    0.158544    0.158544
1624   0.62481   0.00000    0.158272    0.158272
1625   0.62581   0.00000    0.158001    0.158001
1626   0.62681   0.00000    0.157731    0.157731
1627   0.62781   0.00000    0.157463    0.157463
1628   0.62881   0.00000    0.157196    0.157196
1629   0.62981   0.00000    0.156930    0.156930
1630   0.63082   0.00000    0.156665    0.156665
1631   0.63182   0.00000    0.156402    0.156402
1632   0.63282   0.00000    0.156140    0.156140
1633   0.63382   0.00000    0.155879    0.155879
1634   0.63482   0.00000    0.155620    0.155620
1635   0.63582   0.00000    0.155362    0.155362
1636   0.63682   0.00000    0.155105    0.155105
1637   0.63782   0.00000    0.154849    0.154849
1638   0.63882   0.00000    0.154595    0.154595
1639   0.63982   0.00000    0.154342    0.154342
1640   0.64082   0.00000    0.154090    0.154090
1641   0.64182   0.00000    0.153840    0.153840
1642   0.64282   0.00000    0.153591    0.153591
1643   0.64382   0.00000    0.153343    0.153343
1644   0.64482   0.00000    0.153097    0.153097
1645   0.64582   0.00000    0.152852    0.152852
1646   0.64682   0.00000    0.152608    0.152608
1647   0.64782   0.00000    0.152366    0.152366
1648   0.64882   0.00000    0.152125    0.152125
1649   0.64982   0.00000    0.151886    0.151886
1650   0.65083   0.00000    0.151648    0.151648
1651   0.65183   0.00000    0.151411    0.151411
1652   0.65283   0.00000    0.151176    0.151176
1653   0.65383   0.00000    0.150943    0.150943
1654   0.65483   0.00000    0.150711    0.150711
1655   0.65583   0.00000    0.150481    0.150481
1656   0.65683   0.00000    0.150252    0.150252
1657   0.65783   0.00000    0.150024    0.150024
1658   0.65883   0.00000    0.149798    0.149798
1659   0.65983   0.00000    0.149574    0.149574
1660   0.66083   0.00000    0.149351    0.149351
1661   0.66183   0.00000    0.149129    0.149129
1662   0.66283   0.00000    0.148909    0.148909
1663   0.66383   0.00000    0.148690    0.148690
1664   0.66483   0.00000    0.148473    0.148473
1665   0.66583   0.00000    0.148258    0.148258
1666   0.66683   0.00000    0.148044    0.148044
1667   0.66783   0.00000    0.147831    0.147831
1668   0.66883   0.00000    0.147620    0.147620
1669   0.66983   0.00000    0.147411    0.147411
1670   0.67084   0.00000    0.147202    0.147202
1671   0.67184   0.00000    0.146996    0.146996
1672   0.67284   0.00000    0.146791    0.146791
1673   0.67384   0.00000    0.146587    0.146587
1674   0.67484   0.00000    0.146385    0.146385
1675   0.67584   0.00000    0.146184    0.146184
1676   0.67684   0.00000    0.145985    0.145985
1677   0.67784   0.00000    0.145787    0.145787
1678   0.67884   0.00000    0.145591    0.145591
1679   0.67984   0.00000    0.145396    0.145396
1680   0.68084   0.00000    0.145202    0.145202
1681   0.68184   0.00000    0.145011    0.145011
1682   0.68284   0.00000    0.144820    0.144820
1683   0.68384   0.00000    0.144631    0.144631
1684   0.68484   0.00000    0.144444    0.144444
1685   0.68584   0.00000    0.144258    0.144258
1686   0.68684   0.00000    0.144074    0.144074
1687   0.68784   0.00000    0.143891    0.143891
1688   0.68884   0.00000    0.143709    0.143709
1689   0.68984   0.00000    0.143529    0.143529
1690   0.69085   0.00000    0.143351    0.143351
1691   0.69185   0.00000    0.143174    0.143174
1692   0.69285   0.00000    0.142999    0.142999
1693   0.69385   0.00000    0.142825    0.142825
1694   0.69485   0.00000    0.142652    0.142652
1695   0.69585   0.00000    0.142481    0.142481
1696   0.69685   0.00000    0.142312    0.142312
1697   0.69785   0.00000    0.142144    0.142144
1698   0.69885   0.00000    0.141977    0.141977
1699   0.69985   0.00000    0.141812    0.141812
1700   0.70085   0.00000    0.141649    0.141649
1701   0.70185   0.00000    0.141488    0.141488
1702   0.70285   0.00000    0.141328    0.141328
1703   0.70385   0.00000    0.141169    0.141169
1704   0.70485   0.00000    0.141012    0.141012
1705   0.70585   0.00000    0.140857    0.140857
1706   0.70685   0.00000    0.140704    0.140704
1707   0.70785   0.00000    0.140552    0.140552
1708   0.70885   0.00000    0.140402    0.140402
1709   0.70985   0.00000    0.140253    0.140253
1710   0.71086   0.00000    0.140106    0.140106
1711   0.71186   0.00000    0.139961    0.139961
1712   0.71286   0.00000    0.139818    0.139818
1713   0.71386   0.00000    0.139676    0.139676
1714   0.71486   0.00000    0.139536    0.139536
1715   0.71586   0.00000    0.139397    0.139397
1716   0.71686   0.00000    0.139261    0.139261
1717   0.71786   0.00000    0.139126    0.139126
1718   0.71886   0.00000    0.138992    0.138992
1719   0.71986   0.00000    0.138860    0.138860
1720   0.72086   0.00000    0.138730    0.138730
1721   0.72186   0.00000    0.138602    0.138602
1722   0.72286   0.00000    0.138476    0.138476
1723   0.72386   0.00000    0.138351    0.138351
1724   0.72486   0.00000    0.138227    0.138227
1725   0.72586   0.00000    0.138106    0.138106
1726   0.72686   0.00000    0.137986    0.137986
1727   0.72786   0.00000    0.137868    0.137868
1728   0.72886   0.00000    0.137751    0.137751
1729   0.72986   0.00000    0.137637    0.137637
1730   0.73087   0.00000    0.137524    0.137524
1731   0.73187   0.00000    0.137412    0.137412
1732   0.73287   0.00000    0.137303    0.137303
1733   0.73387   0.00000    0.137195    0.137195
1734   0.73487   0.00000    0.137089    0.137089
1735   0.73587   0.00000    0.136985    0.136985
1736   0.73687   0.00000    0.136882    0.136882
1737   0.73787   0.00000    0.136781    0.136781
1738   0.73887   0.00000    0.136682    0.136682
1739   0.73987   0.00000    0.136584    0.136584
1740   0.74087   0.00000    0.136489    0.136489
1741   0.74187   0.00000    0.136395    0.136395
1742   0.74287   0.00000    0.136303    0.136303
1743   0.74387   0.00000    0.136212    0.136212
1744   0.74487   0.00000    0.136123    0.136123
1745   0.74587   0.00000    0.136036    0.136036
1746   0.74687   0.00000    0.135951    0.135951
1747   0.74787   0.00000    0.135867    0.135867
1748   0.74887   0.00000    0.135786    0.135786
1749   0.74987   0.00000    0.135706    0.135706
1750   0.75088   0.00000    0.135628    0.135628
1751   0.75188   0.00000    0.135552    0.135552
1752   0.75288   0.00000    0.135477    0.135477
1753   0.75388   0.00000    0.135404    0.135404
1754   0.75488   0.00000    0.135334    0.135334
1755   0.75588   0.00000    0.135265    0.135265
1756   0.75688   0.00000    0.135197    0.135197
1757   0.75788   0.00000    0.135132    0.135132
1758   0.75888   0.00000    0.135068    0.135068
1759   0.75988   0.00000    0.135007    0.135007
1760   0.76088   0.00000    0.134947    0.134947
1761   0.76188   0.00000    0.134889    0.134889
1762   0.76288   0.00000    0.134832    0.134832
1763   0.76388   0.00000    0.134778    0.134778
1764   0.76488   0.00000    0.134725    0.134725
1765   0.76588   0.00000    0.134674    0.134674
1766   0.76688   0.00000    0.134625    0.134625
1767   0.76788   0.00000    0.134578    0.134578
1768   0.76888   0.00000    0.134533    0.134533
1769   0.76988   0.00000    0.134489    0.134489
1770   0.77089   0.00000    0.134447    0.134447
1771   0.77189   0.00000    0.134407    0.134407
1772   0.77289   0.00000    0.134369    0.134369
1773   0.77389   0.00000    0.134333    0.134333
1774   0.77489   0.00000    0.134298    0.134298
1775   0.77589   0.00000    0.134266    0.134266
1776   0.77689   0.00000    0.134235    0.134235
1777   0.77789   0.00000    0.134206    0.134206
1778   0.77889   0.00000    0.134179    0.134179
1779   0.77989   0.00000    0.134154    0.134154
1780   0.78089   0.00000    0.134130    0.134130
1781   0.78189   0.00000    0.134108    0.134108
1782   0.78289   0.00000    0.134089    0.134089
1783   0.78389   0.00000    0.134071    0.134071
1784   0.78489   0.00000    0.134055    0.134055
1785   0.78589   0.00000    0.134040    0.134040
1786   0.78689   0.00000    0.134028    0.134028
1787   0.78789   0.00000    0.134017    0.134017
1788   0.78889   0.00000    0.134008    0.134008
1789   0.78990   0.00000    0.134001    0.134001
1790   0.79090   0.00000    0.133996    0.133996
1791   0.79190   0.00000    0.133993    0.133993
1792   0.79290   0.00000    0.133991    0.133991
1793   0.79390   0.00000    0.133992    0.133992
1794   0.79490   0.00000    0.133994    0.133994
1795   0.79590   0.00000    0.133998    0.133998
1796   0.79690   0.00000    0.134004    0.134004
1797   0.79790   0.00000    0.134012    0.134012
1798   0.79890   0.00000    0.134021    0.134021
1799   0.79990   0.00000    0.134033    0.134033
1800   0.80090   0.00000    0.134046    0.134046
1801   0.80190   0.00000    0.134061    0.134061
1802   0.80290   0.00000    0.134078    0.134078
1803   0.80390   0.00000    0.134097    0.134097
1804   0.80490   0.00000    0.134118    0.134118
1805   0.80590   0.00000    0.134140    0.134140
1806   0.80690   0.00000    0.134165    0.134165
1807   0.80790   0.00000    0.134191    0.134191
1808   0.80890   0.00000    0.134219    0.134219
1809   0.80991   0.00000    0.134249    0.134249
1810   0.81091   0.00000    0.134281    0.134281
1811   0.81191   0.00000    0.134315    0.134315
1812   0.81291   0.00000    0.134350    0.134350
1813   0.81391   0.00000    0.134387    0.134387
1814   0.81491   0.00000    0.134427    0.134427
1815   0.81591   0.00000    0.134468    0.134468
1816   0.81691   0.00000    0.134510    0.134510
1817   0.81791   0.00000    0.134555    0.134555
1818   0.81891   0.00000    0.134601    0.134601
1819   0.81991   0.00000    0.134650    0.134650
1820   0.82091   0.00000    0.134700    0.134700
1821   0.82191   0.00000    0.134752    0.134752
1822   0.82291   0.00000    0.134806    0.134806
1823   0.82391   0.00000    0.134861    0.134861
1824   0.82491   0.00000    0.134919    0.134919
1825   0.82591   0.00000    0.134978    0.134978
1826   0.82691   0.00000    0.135039    0.135039
1827   0.82791   0.00000    0.135102    0.135102
1828   0.82891   0.00000    0.135167    0.135167
1829   0.82992   0.00000    0.135234    0.135234
1830   0.83092   0.00000    0.135302    0.135302
1831   0.83192   0.00000    0.135372    0.135372
1832   0.83292   0.00000    0.135445    0.135445
1833   0.83392   0.00000    0.135518    0.135518
1834   0.83492   0.00000    0.135594    0.135594
1835   0.83592   0.00000    0.135672    0.135672
1836   0.83692   0.00000    0.135751    0.135751
1837   0.83792   0.00000    0.135832    0.135832
1838   0.83892   0.00000    0.135915    0.135915
1839   0.83992   0.00000    0.136000    0.136000
1840   0.84092   0.00000    0.136087    0.136087
1841   0.84192   0.00000    0.136175    0.136175
1842   0.84292   0.00000    0.136266    0.136266
1843   0.84392   0.00000    0.136358    0.136358
1844   0.84492   0.00000    0.136452    0.136452
1845   0.84592   0.00000    0.136547    0.136547
1846   0.84692   0.00000    0.136645    0.136645
1847   0.84792   0.00000    0.136744    0.136744
1848   0.84892   0.00000    0.136846    0.136846
1849   0.84993   0.00000    0.136949    0.136949
1850   0.85093   0.00000    0.137053    0.137053
1851   0.85193   0.00000    0.137160    0.137160
1852   0.85293   0.00000    0.137268    0.137268
1853   0.85393   0.00000    0.137379    0.137379
1854   0.85493   0.00000    0.137491    0.137491
1855   0.85593   0.00000    0.137605    0.137605
1856   0.85693   0.00000    0.137720    0.137720
1857   0.85793   0.00000    0.137838    0.137838
1858   0.85893   0.00000    0.137957    0.137957
1859   0.85993   0.00000    0.138078    0.138078
1860   0.86093   0.00000    0.138201    0.138201
1861   0.86193   0.00000    0.138325    0.138325
1862   0.86293   0.00000    0.138451    0.138451
1863   0.86393   0.00000    0.138579    0.138579
1864   0.86493   0.00000    0.138709    0.138709
1865   0.86593   0.00000    0.138840    0.138840
1866   0.86693   0.00000    0.138973    0.138973
1867   0.86793   0.00000    0.139108    0.139108
1868   0.86893   0.00000    0.139245    0.139245
1869   0.86994   0.00000    0.139383    0.139383
1870   0.87094   0.00000    0.139523    0.139523
1871   0.87194   0.00000    0.139665    0.139665
1872   0.87294   0.00000    0.139809    0.139809
1873   0.87394   0.00000    0.139954    0.139954
1874   0.87494   0.00000    0.140101    0.140101
1875   0.87594   0.00000    0.140250    0.140250
1876   0.87694   0.00000    0.140400    0.140400
1877   0.87794   0.00000    0.140552    0.140552
1878   0.87894   0.00000    0.140706    0.140706
1879   0.87994   0.00000    0.140861    0.140861
1880   0.88094   0.00000    0.141019    0.141019
1881   0.88194   0.00000    0.141178    0.141178
1882   0.88294   0.00000    0.141338    0.141338
1883   0.88394   0.00000    0.141501    0.141501
1884   0.88494   0.00000    0.141665    0.141665
1885   0.88594   0.00000    0.141830    0.141830
1886   0.88694   0.00000    0.141998    0.141998
1887   0.88794   0.00000    0.142167    0.142167
1888   0.88894   0.00000    0.142338    0.142338
1889   0.88995   0.00000    0.142510    0.142510
1890   0.89095   0.00000    0.142685    0.142685
1891   0.89195   0.00000    0.142860    0.142860
1892   0.89295   0.00000    0.143038    0.143038
1893   0.89395   0.00000    0.143217    0.143217
1894   0.89495   0.00000    0.143398    0.143398
1895   0.89595   0.00000    0.143581    0.143581
1896   0.89695   0.00000    0.143765    0.143765
1897   0.89795   0.00000    0.143951    0.143951
1898   0.89895   0.00000    0.144139    0.144139
1899   0.89995   0.00000    0.144328    0.144328
1900   0.90095   0.00000    0.144519    0.144519
1901   0.90195   0.00000    0.144711    0.144711
1902   0.90295   0.00000    0.144906    0.144906
1903   0.90395   0.00000    0.145102    0.145102
1904   0.90495   0.00000    0.145299    0.145299
1905   0.90595   0.00000    0.145498    0.145498
1906   0.90695   0.00000    0.145699    0.145699
1907   0.90795   0.00000    0.145902    0.145902
1908   0.90895   0.00000    0.146106    0.146106
1909   0.90996   0.00000    0.146311    0.146311
1910   0.91096   0.00000    0.146519    0.146519
1911   0.91196   0.00000    0.146728    0.146728
1912   0.91296   0.00000    0.146938    0.146938
1913   0.91396   0.00000    0.147150    0.147150
1914   0.91496   0.00000    0.147363    0.147363
1915   0.91596   0.00000    0.147578    0.147578
1916   0.91696   0.00000    0.147794    0.147794
1917   0.91796   0.00000    0.148012    0.148012
1918   0.91896   0.00000    0.148231    0.148231
1919   0.91996   0.00000    0.148452    0.148452
1920   0.92096   0.00000    0.148674    0.148674
1921   0.92196   0.00000    0.148898    0.148898
1922   0.92296   0.00000    0.149123    0.149123
1923   0.92396   0.00000    0.149350    0.149350
1924   0.92496   0.00000    0.149578    0.149578
1925   0.92596   0.00000    0.149808    0.149808
1926   0.92696   0.00000    0.150039    0.150039
1927   0.92796   0.00000    0.150272    0.150272
1928   0.92896   0.00000    0.150507    0.150507
1929   0.92997   0.00000    0.150742    0.150742
1930   0.93097   0.00000    0.150980    0.150980
1931   0.93197   0.00000    0.151218    0.151218
1932   0.93297   0.00000    0.151459    0.151459
1933   0.93397   0.00000    0.151700    0.151700
1934   0.93497   0.00000    0.151944    0.151944
1935   0.93597   0.00000    0.152188    0.152188
1936   0.93697   0.00000    0.152435    0.152435
1937   0.93797   0.00000    0.152682    0.152682
1938   0.93897   0.00000    0.152932    0.152932
1939   0.93997   0.00000    0.153182    0.153182
1940   0.94097   0.00000    0.153434    0.153434
1941   0.94197   0.00000    0.153688    0.153688
1942   0.94297   0.00000    0.153943    0.153943
1943   0.94397   0.00000    0.154200    0.154200
1944   0.94497   0.00000    0.154458    0.154458
1945   0.94597   0.00000    0.154718    0.154718
1946   0.94697   0.00000    0.154979    0.154979
1947   0.94797   0.00000    0.155241    0.155241
1948   0.94897   0.00000    0.155506    0.155506
1949   0.94998   0.00000    0.155771    0.155771
1950   0.95098   0.00000    0.156038    0.156038
1951   0.95198   0.00000    0.156307    0.156307
1952   0.95298   0.00000    0.156577    0.156577
1953   0.95398   0.00000    0.156848    0.156848
1954   0.95498   0.00000    0.157122    0.157122
1955   0.95598   0.00000    0.157396    0.157396
1956   0.95698   0.00000    0.157672    0.157672
1957   0.95798   0.00000    0.157950    0.157950
1958   0.95898   0.00000    0.158229    0.158229
1959   0.95998   0.00000    0.158509    0.158509
1960   0.96098   0.00000    0.158791    0.158791
1961   0.96198   0.00000    0.159075    0.159075
1962   0.96298   0.00000    0.159360    0.159360
1963   0.96398   0.00000    0.159646    0.159646
1964   0.96498   0.00000    0.159934    0.159934
1965   0.96598   0.00000    0.160223    0.160223
1966   0.96698   0.00000    0.160514    0.160514
1967   0.96798   0.00000    0.160807    0.160807
1968   0.96898   0.00000    0.161101    0.161101
1969   0.96999   0.00000    0.161396    0.161396
1970   0.97099   0.00000    0.161693    0.161693
1971   0.97199   0.00000    0.161991    0.161991
1972   0.97299   0.00000    0.162290    0.162290
1973   0.97399   0.00000    0.162591    0.162591
1974   0.97499   0.00000    0.162893    0.162893
1975   0.97599   0.00000    0.163197    0.163197
1976   0.97699   0.00000    0.163502    0.163502
1977   0.97799   0.00000    0.163808    0.163808
1978   0.97899   0.00000    0.164116    0.164116
1979   0.97999   0.00000    0.164424    0.164424
1980   0.98099   0.00000    0.164734    0.164734
1981   0.98199   0.00000    0.165046    0.165046
1982   0.98299   0.00000    0.165359    0.165359
1983   0.98399   0.00000    0.165673    0.165673
1984   0.98499   0.00000    0.165988    0.165988
1985   0.98599   0.00000    0.166304    0.166304
1986   0.98699   0.00000    0.166622    0.166622
1987   0.98799   0.00000    0.166942    0.166942
1988   0.98899   0.00000    0.167262    0.167262
1989   0.99000   0.00000    0.167584    0.167584
1990   0.99100   0.00000    0.167907    0.167907
1991   0.99200   0.00000    0.168231    0.168231
1992   0.99300   0.00000    0.168556    0.168556
1993   0.99400   0.00000    0.168883    0.168883
1994   0.99500   0.00000    0.169211    0.169211
1995   0.99600   0.00000    0.169541    0.169541
1996   0.99700   0.00000    0.169871    0.169871
1997   0.99800   0.00000    0.170203    0.170203
1998   0.99900   0.00000    0.170536    0.170536
1999   1.00000   0.00000    0.170870    0.170870
 
