 i       X     FEXACT   FI_LAXF   ERR_LAXF
   0  -1.00000   0.00000    0.214160    0.214160
   1  -0.99900   0.00000    0.214533    0.214533
   2  -0.99800   0.00000    0.214462    0.214462
   3  -0.99700   0.00000    0.214836    0.214836
   4  -0.99600   0.00000    0.214765    0.214765
   5  -0.99500   0.00000    0.215141    0.215141
   6  -0.99400   0.00000    0.215071    0.215071
   7  -0.99300   0.00000    0.215448    0.215448
   8  -0.99200   0.00000    0.215379    0.215379
   9  -0.99100   0.00000    0.215757    0.215757
  10  -0.99000   0.00000    0.215689    0.215689
  11  -0.98899   0.00000    0.216068    0.216068
  12  -0.98799   0.00000    0.216000    0.216000
  13  -0.98699   0.00000    0.216381    0.216381
  14  -0.98599   0.00000    0.216314    0.216314
  15  -0.98499   0.00000    0.216696    0.216696
  16  -0.98399   0.00000    0.216630    0.216630
  17  -0.98299   0.00000    0.217012    0.217012
  18  -0.98199   0.00000    0.216947    0.216947
  19  -0.98099   0.00000    0.217331    0.217331
  20  -0.97999   0.00000    0.217267    0.217267
  21  -0.97899   0.00000    0.217652    0.217652
  22  -0.97799   0.00000    0.217588    0.217588
  23  -0.97699   0.00000    0.217974    0.217974
  24  -0.97599   0.00000    0.217912    0.217912
  25  -0.97499   0.00000    0.218299    0.218299
  26  -0.97399   0.00000    0.218237    0.218237
  27  -0.97299   0.00000    0.218625    0.218625
  28  -0.97199   0.00000    0.218564    0.218564
  29  -0.97099   0.00000    0.218953    0.218953
  30  -0.96999   0.00000    0.218893    0.218893
  31  -0.96898   0.00000    0.219283    0.219283
  32  -0.96798   0.00000    0.219224    0.219224
  33  -0.96698   0.00000    0.219615    0.219615
  34  -0.96598   0.00000    0.219557    0.219557
  35  -0.96498   0.00000    0.219948    0.219948
  36  -0.96398   0.00000    0.219891    0.219891
  37  -0.96298   0.00000    0.220284    0.220284
  38  -0.96198   0.00000    0.220227    0.220227
  39  -0.96098   0.00000    0.220621    0.220621
  40  -0.95998   0.00000    0.220564    0.220564
  41  -0.95898   0.00000    0.220959    0.220959
  42  -0.95798   0.00000    0.220904    0.220904
  43  -0.95698   0.00000    0.221299    0.221299
  44  -0.95598   0.00000    0.221245    0.221245
  45  -0.95498   0.00000    0.221641    0.221641
  46  -0.95398   0.00000    0.221588    0.221588
  47  -0.95298   0.00000    0.221985    0.221985
  48  -0.95198   0.00000    0.221932    0.221932
  49  -0.95098   0.00000    0.222330    0.222330
  50  -0.94998   0.00000    0.222278    0.222278
  51  -0.94897   0.00000    0.222677    0.222677
  52  -0.94797   0.00000    0.222626    0.222626
  53  -0.94697   0.00000    0.223026    0.223026
  54  -0.94597   0.00000    0.222975    0.222975
  55  -0.94497   0.00000    0.223376    0.223376
  56  -0.94397   0.00000    0.223326    0.223326
  57  -0.94297   0.00000    0.223728    0.223728
  58  -0.94197   0.00000    0.223679    0.223679
  59  -0.94097   0.00000    0.224081    0.224081
  60  -0.93997   0.00000    0.224033    0.224033
  61  -0.93897   0.00000    0.224436    0.224436
  62  -0.93797   0.00000    0.224388    0.224388
  63  -0.93697   0.00000    0.224792    0.224792
  64  -0.93597   0.00000    0.224745    0.224745
  65  -0.93497   0.00000    0.225150    0.225150
  66  -0.93397   0.00000    0.225104    0.225104
  67  -0.93297   0.00000    0.225509    0.225509
  68  -0.93197   0.00000    0.225463    0.225463
  69  -0.93097   0.00000    0.225869    0.225869
  70  -0.92996   0.00000    0.225825    0.225825
  71  -0.92896   0.00000    0.226231    0.226231
  72  -0.92796   0.00000    0.226187    0.226187
  73  -0.92696   0.00000    0.226594    0.226594
  74  -0.92596   0.00000    0.226552    0.226552
  75  -0.92496   0.00000    0.226959    0.226959
  76  -0.92396   0.00000    0.226917    0.226917
  77  -0.92296   0.00000    0.227325    0.227325
  78  -0.92196   0.00000    0.227284    0.227284
  79  -0.92096   0.00000    0.227692    0.227692
  80  -0.91996   0.00000    0.227652    0.227652
  81  -0.91896   0.00000    0.228061    0.228061
  82  -0.91796   0.00000    0.228021    0.228021
  83  -0.91696   0.00000    0.228431    0.228431
  84  -0.91596   0.00000    0.228392    0.228392
  85  -0.91496   0.00000    0.228803    0.228803
  86  -0.91396   0.00000    0.228764    0.228764
  87  -0.91296   0.00000    0.229175    0.229175
  88  -0.91196   0.00000    0.229138    0.229138
  89  -0.91096   0.00000    0.229549    0.229549
  90  -0.90995   0.00000    0.229513    0.229513
  91  -0.90895   0.00000    0.229924    0.229924
  92  -0.90795   0.00000    0.229889    0.229889
  93  -0.90695   0.00000    0.230301    0.230301
  94  -0.90595   0.00000    0.230266    0.230266
  95  -0.90495   0.00000    0.230678    0.230678
  96  -0.90395   0.00000    0.230644    0.230644
  97  -0.90295   0.00000    0.231057    0.231057
  98  -0.90195   0.00000    0.231024    0.231024
  99  -0.90095   0.00000    0.231438    0.231438
 100  -0.89995   0.00000    0.231405    0.231405
 101  -0.89895   0.00000    0.231819    0.231819
 102  -0.89795   0.00000    0.231787    0.231787
 103  -0.89695   0.00000    0.232201    0.232201
 104  -0.89595   0.00000    0.232170    0.232170
 105  -0.89495   0.00000    0.232585    0.232585
 106  -0.89395   0.00000    0.232554    0.232554
 107  -0.89295   0.00000    0.232970    0.232970
 108  -0.89195   0.00000    0.232940    0.232940
 109  -0.89095   0.00000    0.233355    0.233355
 110  -0.88994   0.00000    0.233327    0.233327
 111  -0.88894   0.00000    0.233742    0.233742
 112  -0.88794   0.00000    0.233714    0.233714
 113  -0.88694   0.00000    0.234130    0.234130
 114  -0.88594   0.00000    0.234103    0.234103
 115  -0.88494   0.00000    0.234519    0.234519
 116  -0.88394   0.00000    0.234493    0.234493
 117  -0.88294   0.00000    0.234910    0.234910
 118  -0.88194   0.00000    0.234884    0.234884
 119  -0.88094   0.00000    0.235301    0.235301
 120  -0.87994   0.00000    0.235276    0.235276
 121  -0.87894   0.00000    0.235693    0.235693
 122  -0.87794   0.00000    0.235669    0.235669
 123  -0.87694   0.00000    0.236086    0.236086
 124  -0.87594   0.00000    0.236063    0.236063
 125  -0.87494   0.00000    0.236480    0.236480
 126  -0.87394   0.00000    0.236458    0.236458
 127  -0.87294   0.00000    0.236875    0.236875
 128  -0.87194   0.00000    0.236853    0.236853
 129  -0.87094   0.00000    0.237271    0.237271
 130  -0.86993   0.00000    0.237250    0.237250
 131  -0.86893   0.00000    0.237668    0.237668
 132  -0.86793   0.00000    0.237647    0.237647
 133  -0.86693   0.00000    0.238065    0.238065
 134  -0.86593   0.00000    0.238045    0.238045
 135  -0.86493   0.00000    0.238463    0.238463
 136  -0.86393   0.00000    0.238444    0.238444
 137  -0.86293   0.00000    0.238862    0.238862
 138  -0.86193   0.00000    0.238844    0.238844
 139  -0.86093   0.00000    0.239261    0.239261
 140  -0.85993   0.00000    0.239244    0.239244
 141  -0.85893   0.00000    0.239662    0.239662
 142  -0.85793   0.00000    0.239645    0.239645
 143  -0.85693   0.00000    0.240062    0.240062
 144  -0.85593   0.00000    0.240047    0.240047
 145  -0.85493   0.00000    0.240464    0.240464
 146  -0.85393   0.00000    0.240449    0.240449
 147  -0.85293   0.00000    0.240866    0.240866
 148  -0.85193   0.00000    0.240852    0.240852
 149  -0.85093   0.00000    0.241269    0.241269
 150  -0.84992   0.00000    0.241256    0.241256
 151  -0.84892   0.00000    0.241673    0.241673
 152  -0.84792   0.00000    0.241660    0.241660
 153  -0.84692   0.00000    0.242077    0.242077
 154  -0.84592   0.00000    0.242065    0.242065
 155  -0.84492   0.00000    0.242482    0.242482
 156  -0.84392   0.00000    0.242471    0.242471
 157  -0.84292   0.00000    0.242887    0.242887
 158  -0.84192   0.00000    0.242877    0.242877
 159  -0.84092   0.00000    0.243293    0.243293
 160  -0.83992   0.00000    0.243284    0.243284
 161  -0.83892   0.00000    0.243700    0.243700
 162  -0.83792   0.00000    0.243691    0.243691
 163  -0.83692   0.00000    0.244108    0.244108
 164  -0.83592   0.00000    0.244099    0.244099
 165  -0.83492   0.00000    0.244516    0.244516
 166  -0.83392   0.00000    0.244508    0.244508
 167  -0.83292   0.00000    0.244924    0.244924
 168  -0.83192   0.00000    0.244918    0.244918
 169  -0.83092   0.00000    0.245334    0.245334
 170  -0.82991   0.00000    0.245327    0.245327
 171  -0.82891   0.00000    0.245743    0.245743
 172  -0.82791   0.00000    0.245738    0.245738
 173  -0.82691   0.00000    0.246154    0.246154
 174  -0.82591   0.00000    0.246149    0.246149
 175  -0.82491   0.00000    0.246564    0.246564
 176  -0.82391   0.00000    0.246560    0.246560
 177  -0.82291   0.00000    0.246975    0.246975
 178  -0.82191   0.00000    0.246972    0.246972
 179  -0.82091   0.00000    0.247387    0.247387
 180  -0.81991   0.00000    0.247384    0.247384
 181  -0.81891   0.00000    0.247799    0.247799
 182  -0.81791   0.00000    0.247797    0.247797
 183  -0.81691   0.00000    0.248211    0.248211
 184  -0.81591   0.00000    0.248210    0.248210
 185  -0.81491   0.00000    0.248624    0.248624
 186  -0.81391   0.00000    0.248623    0.248623
 187  -0.81291   0.00000    0.249036    0.249036
 188  -0.81191   0.00000    0.249037    0.249037
 189  -0.81091   0.00000    0.249449    0.249449
 190  -0.80990   0.00000    0.249450    0.249450
 191  -0.80890   0.00000    0.249862    0.249862
 192  -0.80790   0.00000    0.249864    0.249864
 193  -0.80690   0.00000    0.250275    0.250275
 194  -0.80590   0.00000    0.250277    0.250277
 195  -0.80490   0.00000    0.250688    0.250688
 196  -0.80390   0.00000    0.250691    0.250691
 197  -0.80290   0.00000    0.251101    0.251101
 198  -0.80190   0.00000    0.251105    0.251105
 199  -0.80090   0.00000    0.251514    0.251514
 200  -0.79990   0.00046    0.251519    0.251062
 201  -0.79890   0.00054    0.251927    0.251391
 202  -0.79790   0.00062    0.251933    0.251312
 203  -0.79690   0.00073    0.252340    0.251614
 204  -0.79590   0.00084    0.252347    0.251508
 205  -0.79490   0.00097    0.252753    0.251784
 206  -0.79390   0.00113    0.252761    0.251634
 207  -0.79290   0.00130    0.253166    0.251869
 208  -0.79190   0.00150    0.253175    0.251672
 209  -0.79090   0.00172    0.253579    0.251855
 210  -0.78989   0.00198    0.253589    0.251613
 211  -0.78889   0.00228    0.253992    0.251713
 212  -0.78789   0.00260    0.254003    0.251400
 213  -0.78689   0.00299    0.254405    0.251412
 214  -0.78589   0.00341    0.254417    0.251008
 215  -0.78489   0.00388    0.254818    0.250942
 216  -0.78389   0.00444    0.254831    0.250395
 217  -0.78289   0.00503    0.255232    0.250203
 218  -0.78189   0.00569    0.255245    0.249553
 219  -0.78089   0.00648    0.255645    0.249162
 220  -0.77989   0.00732    0.255659    0.248342
 221  -0.77889   0.00831    0.256058    0.247751
 222  -0.77789   0.00935    0.256073    0.246727
 223  -0.77689   0.01050    0.256471    0.245971
 224  -0.77589   0.01186    0.256487    0.244623
 225  -0.77489   0.01329    0.256884    0.243596
 226  -0.77389   0.01497    0.256901    0.241935
 227  -0.77289   0.01671    0.257297    0.240585
 228  -0.77189   0.01863    0.257315    0.238680
 229  -0.77089   0.02089    0.257710    0.236823
 230  -0.76988   0.02322    0.257729    0.234509
 231  -0.76888   0.02594    0.258123    0.232181
 232  -0.76788   0.02875    0.258143    0.229390
 233  -0.76688   0.03182    0.258537    0.226716
 234  -0.76588   0.03538    0.258556    0.223174
 235  -0.76488   0.03904    0.258950    0.219911
 236  -0.76388   0.04327    0.258970    0.215701
 237  -0.76288   0.04760    0.259363    0.211767
 238  -0.76188   0.05228    0.259384    0.207105
 239  -0.76088   0.05767    0.259777    0.202108
 240  -0.75988   0.06315    0.259798    0.196647
 241  -0.75888   0.06944    0.260190    0.190753
 242  -0.75788   0.07581    0.260212    0.184404
 243  -0.75688   0.08264    0.260603    0.177960
 244  -0.75588   0.09044    0.260626    0.170191
 245  -0.75488   0.09829    0.261017    0.162726
 246  -0.75388   0.10667    0.261040    0.154369
 247  -0.75288   0.11617    0.261430    0.145258
 248  -0.75188   0.12570    0.261454    0.135758
 249  -0.75088   0.13645    0.261843    0.125391
 250  -0.74987   0.14719    0.261868    0.114677
 251  -0.74887   0.15854    0.262257    0.103713
 252  -0.74787   0.17129    0.262282    0.090993
 253  -0.74687   0.18394    0.262670    0.078728
 254  -0.74587   0.19809    0.262696    0.064605
 255  -0.74487   0.21208    0.263083    0.051003
 256  -0.74387   0.22672    0.263110    0.036388
 257  -0.74287   0.24300    0.263496    0.020498
 258  -0.74187   0.25899    0.263524    0.004534
 259  -0.74087   0.27669    0.263908    0.012781
 260  -0.73987   0.29401    0.263938    0.030069
 261  -0.73887   0.31195    0.264321    0.047628
 262  -0.73787   0.33168    0.264351    0.067328
 263  -0.73687   0.35086    0.264733    0.086122
 264  -0.73587   0.37185    0.264764    0.107084
 265  -0.73487   0.39216    0.265145    0.127011
 266  -0.73387   0.41297    0.265176    0.147791
 267  -0.73287   0.43559    0.265557    0.170032
 268  -0.73187   0.45732    0.265589    0.191728
 269  -0.73087   0.48082    0.265968    0.214849
 270  -0.72986   0.50327    0.266000    0.237274
 271  -0.72886   0.52601    0.266379    0.259629
 272  -0.72786   0.55040    0.266412    0.283988
 273  -0.72686   0.57352    0.266789    0.306732
 274  -0.72586   0.59674    0.266823    0.329913
 275  -0.72486   0.62143    0.267199    0.354233
 276  -0.72386   0.64463    0.267234    0.377397
 277  -0.72286   0.66915    0.267609    0.401542
 278  -0.72186   0.69203    0.267644    0.424387
 279  -0.72086   0.71464    0.268018    0.446625
 280  -0.71986   0.73829    0.268054    0.470234
 281  -0.71886   0.76011    0.268427    0.491679
 282  -0.71786   0.78273    0.268464    0.514268
 283  -0.71686   0.80342    0.268835    0.534589
 284  -0.71586   0.82345    0.268873    0.554580
 285  -0.71486   0.84392    0.269243    0.574678
 286  -0.71386   0.86234    0.269282    0.593061
 287  -0.71286   0.88094    0.269650    0.611288
 288  -0.71186   0.89744    0.269690    0.627755
 289  -0.71086   0.91292    0.270057    0.642861
 290  -0.70985   0.92816    0.270097    0.658060
 291  -0.70885   0.94130    0.270463    0.670841
 292  -0.70785   0.95394    0.270504    0.683437
 293  -0.70685   0.96453    0.270868    0.693658
 294  -0.70585   0.97380    0.270910    0.702888
 295  -0.70485   0.98216    0.271273    0.710892
 296  -0.70385   0.98861    0.271315    0.717291
 297  -0.70285   0.99363    0.271676    0.721952
 298  -0.70185   0.99739    0.271719    0.725667
 299  -0.70085   0.99942    0.272079    0.727342
 300  -0.69985   0.99998    0.272123    0.727854
 301  -0.69885   0.99899    0.272481    0.726505
 302  -0.69785   0.99653    0.272526    0.724005
 303  -0.69685   0.99233    0.272883    0.719448
 304  -0.69585   0.98690    0.272928    0.713970
 305  -0.69485   0.97958    0.273284    0.706296
 306  -0.69385   0.97127    0.273330    0.697940
 307  -0.69285   0.96162    0.273683    0.687932
 308  -0.69185   0.94993    0.273730    0.676203
 309  -0.69085   0.93765    0.274082    0.663564
 310  -0.68984   0.92328    0.274130    0.649149
 311  -0.68884   0.90858    0.274480    0.634100
 312  -0.68784   0.89280    0.274528    0.618274
 313  -0.68684   0.87493    0.274877    0.600053
 314  -0.68584   0.85714    0.274926    0.582210
 315  -0.68484   0.83728    0.275273    0.562005
 316  -0.68384   0.81777    0.275322    0.542445
 317  -0.68284   0.79754    0.275667    0.521873
 318  -0.68184   0.77535    0.275718    0.499630
 319  -0.68084   0.75388    0.276061    0.477821
 320  -0.67984   0.73055    0.276112    0.454437
 321  -0.67884   0.70817    0.276454    0.431721
 322  -0.67784   0.68548    0.276505    0.408972
 323  -0.67684   0.66109    0.276846    0.384248
 324  -0.67584   0.63797    0.276898    0.361073
 325  -0.67484   0.61475    0.277236    0.337516
 326  -0.67384   0.59006    0.277289    0.312768
 327  -0.67284   0.56686    0.277626    0.289237
 328  -0.67184   0.54234    0.277679    0.264663
 329  -0.67084   0.51945    0.278014    0.241433
 330  -0.66983   0.49679    0.278068    0.218720
 331  -0.66883   0.47303    0.278401    0.194632
 332  -0.66783   0.45103    0.278456    0.172573
 333  -0.66683   0.42808    0.278787    0.149295
 334  -0.66583   0.40694    0.278843    0.128092
 335  -0.66483   0.38627    0.279172    0.107093
 336  -0.66383   0.36486    0.279229    0.085636
 337  -0.66283   0.34528    0.279556    0.065728
 338  -0.66183   0.32511    0.279613    0.045492
 339  -0.66083   0.30673    0.279938    0.026789
 340  -0.65983   0.28896    0.279996    0.008967
 341  -0.65883   0.27078    0.280320    0.009540
 342  -0.65783   0.25433    0.280378    0.026053
 343  -0.65683   0.23756    0.280700    0.043145
 344  -0.65583   0.22245    0.280759    0.058314
 345  -0.65483   0.20799    0.281079    0.073088
 346  -0.65383   0.19335    0.281139    0.087789
 347  -0.65283   0.18024    0.281457    0.101218
 348  -0.65183   0.16777    0.281518    0.113747
 349  -0.65083   0.15522    0.281833    0.126617
 350  -0.64982   0.14404    0.281895    0.137853
 351  -0.64882   0.13284    0.282209    0.149373
 352  -0.64782   0.12290    0.282271    0.159371
 353  -0.64682   0.11354    0.282583    0.169043
 354  -0.64582   0.10421    0.282646    0.178439
 355  -0.64482   0.09598    0.282955    0.186976
 356  -0.64382   0.08781    0.283019    0.195212
 357  -0.64282   0.08063    0.283327    0.202697
 358  -0.64182   0.07393    0.283391    0.209461
 359  -0.64082   0.06731    0.283697    0.216384
 360  -0.63982   0.06153    0.283762    0.222229
 361  -0.63882   0.05585    0.284066    0.228221
 362  -0.63782   0.05090    0.284132    0.233236
 363  -0.63682   0.04632    0.284434    0.238117
 364  -0.63582   0.04184    0.284501    0.242665
 365  -0.63482   0.03796    0.284800    0.246844
 366  -0.63382   0.03417    0.284868    0.250694
 367  -0.63282   0.03091    0.285166    0.254255
 368  -0.63182   0.02792    0.285234    0.257314
 369  -0.63082   0.02502    0.285530    0.260513
 370  -0.62981   0.02253    0.285598    0.263071
 371  -0.62881   0.02012    0.285892    0.265772
 372  -0.62781   0.01806    0.285962    0.267899
 373  -0.62681   0.01619    0.286254    0.270061
 374  -0.62581   0.01439    0.286324    0.271931
 375  -0.62481   0.01286    0.286614    0.273750
 376  -0.62381   0.01148    0.286685    0.275205
 377  -0.62281   0.01016    0.286972    0.276817
 378  -0.62181   0.00904    0.287044    0.278008
 379  -0.62081   0.00797    0.287330    0.279362
 380  -0.61981   0.00707    0.287402    0.280335
 381  -0.61881   0.00626    0.287686    0.281426
 382  -0.61781   0.00549    0.287759    0.282265
 383  -0.61681   0.00485    0.288041    0.283190
 384  -0.61581   0.00424    0.288114    0.283871
 385  -0.61481   0.00374    0.288394    0.284658
 386  -0.61381   0.00328    0.288469    0.285184
 387  -0.61281   0.00286    0.288747    0.285887
 388  -0.61181   0.00251    0.288821    0.286315
 389  -0.61081   0.00217    0.289097    0.286923
 390  -0.60980   0.00190    0.289173    0.287273
 391  -0.60880   0.00166    0.289447    0.287789
 392  -0.60780   0.00143    0.289523    0.288091
 393  -0.60680   0.00125    0.289795    0.288550
 394  -0.60580   0.00107    0.289872    0.288800
 395  -0.60480   0.00093    0.290142    0.289212
 396  -0.60380   0.00081    0.290220    0.289414
 397  -0.60280   0.00069    0.290488    0.289798
 398  -0.60180   0.00060    0.290566    0.289970
 399  -0.60080   0.00051    0.290832    0.290318
 400  -0.59980   0.00000    0.290911    0.290911
 401  -0.59880   0.00000    0.291175    0.291175
 402  -0.59780   0.00000    0.291255    0.291255
 403  -0.59680   0.00000    0.291516    0.291516
 404  -0.59580   0.00000    0.291597    0.291597
 405  -0.59480   0.00000    0.291856    0.291856
 406  -0.59380   0.00000    0.291938    0.291938
 407  -0.59280   0.00000    0.292195    0.292195
 408  -0.59180   0.00000    0.292277    0.292277
 409  -0.59080   0.00000    0.292533    0.292533
 410  -0.58979   0.00000    0.292616    0.292616
 411  -0.58879   0.00000    0.292869    0.292869
 412  -0.58779   0.00000    0.292952    0.292952
 413  -0.58679   0.00000    0.293204    0.293204
 414  -0.58579   0.00000    0.293288    0.293288
 415  -0.58479   0.00000    0.293537    0.293537
 416  -0.58379   0.00000    0.293622    0.293622
 417  -0.58279   0.00000    0.293869    0.293869
 418  -0.58179   0.00000    0.293954    0.293954
 419  -0.58079   0.00000    0.294199    0.294199
 420  -0.57979   0.00000    0.294285    0.294285
 421  -0.57879   0.00000    0.294528    0.294528
 422  -0.57779   0.00000    0.294614    0.294614
 423  -0.57679   0.00000    0.294855    0.294855
 424  -0.57579   0.00000    0.294942    0.294942
 425  -0.57479   0.00000    0.295180    0.295180
 426  -0.57379   0.00000    0.295268    0.295268
 427  -0.57279   0.00000    0.295504    0.295504
 428  -0.57179   0.00000    0.295592    0.295592
 429  -0.57079   0.00000    0.295826    0.295826
 430  -0.56978   0.00000    0.295915    0.295915
 431  -0.56878   0.00000    0.296146    0.296146
 432  -0.56778   0.00000    0.296236    0.296236
 433  -0.56678   0.00000    0.296465    0.296465
 434  -0.56578   0.00000    0.296555    0.296555
 435  -0.56478   0.00000    0.296782    0.296782
 436  -0.56378   0.00000    0.296873    0.296873
 437  -0.56278   0.00000    0.297097    0.297097
 438  -0.56178   0.00000    0.297189    0.297189
 439  -0.56078   0.00000    0.297411    0.297411
 440  -0.55978   0.00000    0.297503    0.297503
 441  -0.55878   0.00000    0.297722    0.297722
 442  -0.55778   0.00000    0.297815    0.297815
 443  -0.55678   0.00000    0.298032    0.298032
 444  -0.55578   0.00000    0.298126    0.298126
 445  -0.55478   0.00000    0.298341    0.298341
 446  -0.55378   0.00000    0.298435    0.298435
 447  -0.55278   0.00000    0.298647    0.298647
 448  -0.55178   0.00000    0.298742    0.298742
 449  -0.55078   0.00000    0.298952    0.298952
 450  -0.54977   0.00000    0.299047    0.299047
 451  -0.54877   0.00000    0.299255    0.299255
 452  -0.54777   0.00000    0.299351    0.299351
 453  -0.54677   0.00000    0.299556    0.299556
 454  -0.54577   0.00000    0.299653    0.299653
 455  -0.54477   0.00000    0.299856    0.299856
 456  -0.54377   0.00000    0.299953    0.299953
 457  -0.54277   0.00000    0.300153    0.300153
 458  -0.54177   0.00000    0.300251    0.300251
 459  -0.54077   0.00000    0.300449    0.300449
 460  -0.53977   0.00000    0.300547    0.300547
 461  -0.53877   0.00000    0.300742    0.300742
 462  -0.53777   0.00000    0.300841    0.300841
 463  -0.53677   0.00000    0.301034    0.301034
 464  -0.53577   0.00000    0.301134    0.301134
 465  -0.53477   0.00000    0.301324    0.301324
 466  -0.53377   0.00000    0.301424    0.301424
 467  -0.53277   0.00000    0.301612    0.301612
 468  -0.53177   0.00000    0.301713    0.301713
 469  -0.53077   0.00000    0.301898    0.301898
 470  -0.52976   0.00000    0.301999    0.301999
 471  -0.52876   0.00000    0.302183    0.302183
 472  -0.52776   0.00000    0.302284    0.302284
 473  -0.52676   0.00000    0.302465    0.302465
 474  -0.52576   0.00000    0.302567    0.302567
 475  -0.52476   0.00000    0.302745    0.302745
 476  -0.52376   0.00000    0.302847    0.302847
 477  -0.52276   0.00000    0.303023    0.303023
 478  -0.52176   0.00000    0.303126    0.303126
 479  -0.52076   0.00000    0.303300    0.303300
 480  -0.51976   0.00000    0.303403    0.303403
 481  -0.51876   0.00000    0.303574    0.303574
 482  -0.51776   0.00000    0.303678    0.303678
 483  -0.51676   0.00000    0.303846    0.303846
 484  -0.51576   0.00000    0.303951    0.303951
 485  -0.51476   0.00000    0.304117    0.304117
 486  -0.51376   0.00000    0.304222    0.304222
 487  -0.51276   0.00000    0.304385    0.304385
 488  -0.51176   0.00000    0.304491    0.304491
 489  -0.51076   0.00000    0.304651    0.304651
 490  -0.50975   0.00000    0.304758    0.304758
 491  -0.50875   0.00000    0.304916    0.304916
 492  -0.50775   0.00000    0.305022    0.305022
 493  -0.50675   0.00000    0.305178    0.305178
 494  -0.50575   0.00000    0.305285    0.305285
 495  -0.50475   0.00000    0.305439    0.305439
 496  -0.50375   0.00000    0.305546    0.305546
 497  -0.50275   0.00000    0.305697    0.305697
 498  -0.50175   0.00000    0.305805    0.305805
 499  -0.50075   0.00000    0.305953    0.305953
 500  -0.49975   0.00000    0.306061    0.306061
 501  -0.49875   0.00000    0.306207    0.306207
 502  -0.49775   0.00000    0.306316    0.306316
 503  -0.49675   0.00000    0.306460    0.306460
 504  -0.49575   0.00000    0.306569    0.306569
 505  -0.49475   0.00000    0.306710    0.306710
 506  -0.49375   0.00000    0.306819    0.306819
 507  -0.49275   0.00000    0.306958    0.306958
 508  -0.49175   0.00000    0.307068    0.307068
 509  -0.49075   0.00000    0.307204    0.307204
 510  -0.48974   0.00000    0.307314    0.307314
 511  -0.48874   0.00000    0.307448    0.307448
 512  -0.48774   0.00000    0.307559    0.307559
 513  -0.48674   0.00000    0.307690    0.307690
 514  -0.48574   0.00000    0.307801    0.307801
 515  -0.48474   0.00000    0.307929    0.307929
 516  -0.48374   0.00000    0.308041    0.308041
 517  -0.48274   0.00000    0.308167    0.308167
 518  -0.48174   0.00000    0.308279    0.308279
 519  -0.48074   0.00000    0.308402    0.308402
 520  -0.47974   0.00000    0.308515    0.308515
 521  -0.47874   0.00000    0.308636    0.308636
 522  -0.47774   0.00000    0.308749    0.308749
 523  -0.47674   0.00000    0.308867    0.308867
 524  -0.47574   0.00000    0.308981    0.308981
 525  -0.47474   0.00000    0.309096    0.309096
 526  -0.47374   0.00000    0.309211    0.309211
 527  -0.47274   0.00000    0.309323    0.309323
 528  -0.47174   0.00000    0.309438    0.309438
 529  -0.47074   0.00000    0.309548    0.309548
 530  -0.46973   0.00000    0.309664    0.309664
 531  -0.46873   0.00000    0.309771    0.309771
 532  -0.46773   0.00000    0.309887    0.309887
 533  -0.46673   0.00000    0.309992    0.309992
 534  -0.46573   0.00000    0.310108    0.310108
 535  -0.46473   0.00000    0.310210    0.310210
 536  -0.46373   0.00000    0.310327    0.310327
 537  -0.46273   0.00000    0.310427    0.310427
 538  -0.46173   0.00000    0.310543    0.310543
 539  -0.46073   0.00000    0.310641    0.310641
 540  -0.45973   0.00000    0.310758    0.310758
 541  -0.45873   0.00000    0.310852    0.310852
 542  -0.45773   0.00000    0.310970    0.310970
 543  -0.45673   0.00000    0.311062    0.311062
 544  -0.45573   0.00000    0.311180    0.311180
 545  -0.45473   0.00000    0.311270    0.311270
 546  -0.45373   0.00000    0.311388    0.311388
 547  -0.45273   0.00000    0.311475    0.311475
 548  -0.45173   0.00000    0.311594    0.311594
 549  -0.45073   0.00000    0.311678    0.311678
 550  -0.44972   0.00000    0.311798    0.311798
 551  -0.44872   0.00000    0.311879    0.311879
 552  -0.44772   0.00000    0.311999    0.311999
 553  -0.44672   0.00000    0.312078    0.312078
 554  -0.44572   0.00000    0.312198    0.312198
 555  -0.44472   0.00000    0.312275    0.312275
 556  -0.44372   0.00000    0.312395    0.312395
 557  -0.44272   0.00000    0.312469    0.312469
 558  -0.44172   0.00000    0.312590    0.312590
 559  -0.44072   0.00000    0.312661    0.312661
 560  -0.43972   0.00000    0.312782    0.312782
 561  -0.43872   0.00000    0.312851    0.312851
 562  -0.43772   0.00000    0.312973    0.312973
 563  -0.43672   0.00000    0.313039    0.313039
 564  -0.43572   0.00000    0.313161    0.313161
 565  -0.43472   0.00000    0.313225    0.313225
 566  -0.43372   0.00000    0.313347    0.313347
 567  -0.43272   0.00000    0.313408    0.313408
 568  -0.43172   0.00000    0.313531    0.313531
 569  -0.43072   0.00000    0.313589    0.313589
 570  -0.42971   0.00000    0.313712    0.313712
 571  -0.42871   0.00000    0.313768    0.313768
 572  -0.42771   0.00000    0.313891    0.313891
 573  -0.42671   0.00000    0.313945    0.313945
 574  -0.42571   0.00000    0.314068    0.314068
 575  -0.42471   0.00000    0.314119    0.314119
 576  -0.42371   0.00000    0.314243    0.314243
 577  -0.42271   0.00000    0.314291    0.314291
 578  -0.42171   0.00000    0.314415    0.314415
 579  -0.42071   0.00000    0.314461    0.314461
 580  -0.41971   0.00000    0.314586    0.314586
 581  -0.41871   0.00000    0.314629    0.314629
 582  -0.41771   0.00000    0.314754    0.314754
 583  -0.41671   0.00000    0.314795    0.314795
 584  -0.41571   0.00000    0.314920    0.314920
 585  -0.41471   0.00000    0.314958    0.314958
 586  -0.41371   0.00000    0.315083    0.315083
 587  -0.41271   0.00000    0.315119    0.315119
 588  -0.41171   0.00000    0.315245    0.315245
 589  -0.41071   0.00000    0.315278    0.315278
 590  -0.40970   0.00000    0.315404    0.315404
 591  -0.40870   0.00000    0.315435    0.315435
 592  -0.40770   0.00000    0.315561    0.315561
 593  -0.40670   0.00000    0.315589    0.315589
 594  -0.40570   0.00000    0.315715    0.315715
 595  -0.40470   0.00000    0.315741    0.315741
 596  -0.40370   0.00000    0.315868    0.315868
 597  -0.40270   0.00000    0.315891    0.315891
 598  -0.40170   0.00000    0.316018    0.316018
 599  -0.40070   0.00000    0.316038    0.316038
 600  -0.39970   1.00000    0.316166    0.683834
 601  -0.39870   1.00000    0.316184    0.683816
 602  -0.39770   1.00000    0.316311    0.683689
 603  -0.39670   1.00000    0.316327    0.683673
 604  -0.39570   1.00000    0.316455    0.683545
 605  -0.39470   1.00000    0.316468    0.683532
 606  -0.39370   1.00000    0.316596    0.683404
 607  -0.39270   1.00000    0.316606    0.683394
 608  -0.39170   1.00000    0.316735    0.683265
 609  -0.39070   1.00000    0.316743    0.683257
 610  -0.38969   1.00000    0.316871    0.683129
 611  -0.38869   1.00000    0.316877    0.683123
 612  -0.38769   1.00000    0.317006    0.682994
 613  -0.38669   1.00000    0.317009    0.682991
 614  -0.38569   1.00000    0.317138    0.682862
 615  -0.38469   1.00000    0.317138    0.682862
 616  -0.38369   1.00000    0.317268    0.682732
 617  -0.38269   1.00000    0.317265    0.682735
 618  -0.38169   1.00000    0.317395    0.682605
 619  -0.38069   1.00000    0.317391    0.682609
 620  -0.37969   1.00000    0.317520    0.682480
 621  -0.37869   1.00000    0.317513    0.682487
 622  -0.37769   1.00000    0.317643    0.682357
 623  -0.37669   1.00000    0.317634    0.682366
 624  -0.37569   1.00000    0.317764    0.682236
 625  -0.37469   1.00000    0.317752    0.682248
 626  -0.37369   1.00000    0.317883    0.682117
 627  -0.37269   1.00000    0.317868    0.682132
 628  -0.37169   1.00000    0.317999    0.682001
 629  -0.37069   1.00000    0.317982    0.682018
 630  -0.36968   1.00000    0.318113    0.681887
 631  -0.36868   1.00000    0.318093    0.681907
 632  -0.36768   1.00000    0.318224    0.681776
 633  -0.36668   1.00000    0.318202    0.681798
 634  -0.36568   1.00000    0.318334    0.681666
 635  -0.36468   1.00000    0.318309    0.681691
 636  -0.36368   1.00000    0.318441    0.681559
 637  -0.36268   1.00000    0.318414    0.681586
 638  -0.36168   1.00000    0.318546    0.681454
 639  -0.36068   1.00000    0.318516    0.681484
 640  -0.35968   1.00000    0.318648    0.681352
 641  -0.35868   1.00000    0.318616    0.681384
 642  -0.35768   1.00000    0.318749    0.681252
 643  -0.35668   1.00000    0.318714    0.681286
 644  -0.35568   1.00000    0.318847    0.681153
 645  -0.35468   1.00000    0.318810    0.681190
 646  -0.35368   1.00000    0.318942    0.681058
 647  -0.35268   1.00000    0.318903    0.681097
 648  -0.35168   1.00000    0.319036    0.680964
 649  -0.35068   1.00000    0.318994    0.681006
 650  -0.34967   1.00000    0.319127    0.680873
 651  -0.34867   1.00000    0.319083    0.680917
 652  -0.34767   1.00000    0.319216    0.680784
 653  -0.34667   1.00000    0.319170    0.680830
 654  -0.34567   1.00000    0.319303    0.680697
 655  -0.34467   1.00000    0.319254    0.680746
 656  -0.34367   1.00000    0.319387    0.680613
 657  -0.34267   1.00000    0.319336    0.680664
 658  -0.34167   1.00000    0.319469    0.680531
 659  -0.34067   1.00000    0.319416    0.680584
 660  -0.33967   1.00000    0.319549    0.680451
 661  -0.33867   1.00000    0.319493    0.680507
 662  -0.33767   1.00000    0.319627    0.680373
 663  -0.33667   1.00000    0.319568    0.680431
 664  -0.33567   1.00000    0.319702    0.680298
 665  -0.33467   1.00000    0.319641    0.680359
 666  -0.33367   1.00000    0.319775    0.680225
 667  -0.33267   1.00000    0.319712    0.680288
 668  -0.33167   1.00000    0.319846    0.680154
 669  -0.33067   1.00000    0.319781    0.680219
 670  -0.32966   1.00000    0.319914    0.680086
 671  -0.32866   1.00000    0.319847    0.680153
 672  -0.32766   1.00000    0.319981    0.680019
 673  -0.32666   1.00000    0.319911    0.680089
 674  -0.32566   1.00000    0.320045    0.679955
 675  -0.32466   1.00000    0.319972    0.680028
 676  -0.32366   1.00000    0.320106    0.679893
 677  -0.32266   1.00000    0.320032    0.679968
 678  -0.32166   1.00000    0.320166    0.679834
 679  -0.32066   1.00000    0.320089    0.679911
 680  -0.31966   1.00000    0.320223    0.679777
 681  -0.31866   1.00000    0.320144    0.679856
 682  -0.31766   1.00000    0.320278    0.679722
 683  -0.31666   1.00000    0.320197    0.679803
 684  -0.31566   1.00000    0.320331    0.679669
 685  -0.31466   1.00000    0.320247    0.679753
 686  -0.31366   1.00000    0.320381    0.679619
 687  -0.31266   1.00000    0.320295    0.679705
 688  -0.31166   1.00000    0.320429    0.679571
 689  -0.31066   1.00000    0.320341    0.679659
 690  -0.30965   1.00000    0.320475    0.679525
 691  -0.30865   1.00000    0.320385    0.679615
 692  -0.30765   1.00000    0.320519    0.679481
 693  -0.30665   1.00000    0.320426    0.679574
 694  -0.30565   1.00000    0.320560    0.679440
 695  -0.30465   1.00000    0.320465    0.679535
 696  -0.30365   1.00000    0.320599    0.679401
 697  -0.30265   1.00000    0.320502    0.679498
 698  -0.30165   1.00000    0.320636    0.679364
 699  -0.30065   1.00000    0.320537    0.679463
 700  -0.29965   1.00000    0.320671    0.679329
 701  -0.29865   1.00000    0.320569    0.679431
 702  -0.29765   1.00000    0.320703    0.679297
 703  -0.29665   1.00000    0.320600    0.679400
 704  -0.29565   1.00000    0.320734    0.679266
 705  -0.29465   1.00000    0.320628    0.679372
 706  -0.29365   1.00000    0.320762    0.679238
 707  -0.29265   1.00000    0.320653    0.679347
 708  -0.29165   1.00000    0.320787    0.679213
 709  -0.29065   1.00000    0.320677    0.679323
 710  -0.28964   1.00000    0.320811    0.679189
 711  -0.28864   1.00000    0.320698    0.679302
 712  -0.28764   1.00000    0.320832    0.679168
 713  -0.28664   1.00000    0.320717    0.679283
 714  -0.28564   1.00000    0.320851    0.679149
 715  -0.28464   1.00000    0.320734    0.679266
 716  -0.28364   1.00000    0.320868    0.679132
 717  -0.28264   1.00000    0.320748    0.679252
 718  -0.28164   1.00000    0.320882    0.679118
 719  -0.28064   1.00000    0.320761    0.679239
 720  -0.27964   1.00000    0.320894    0.679106
 721  -0.27864   1.00000    0.320771    0.679229
 722  -0.27764   1.00000    0.320904    0.679096
 723  -0.27664   1.00000    0.320779    0.679221
 724  -0.27564   1.00000    0.320912    0.679088
 725  -0.27464   1.00000    0.320784    0.679216
 726  -0.27364   1.00000    0.320918    0.679082
 727  -0.27264   1.00000    0.320788    0.679212
 728  -0.27164   1.00000    0.320921    0.679079
 729  -0.27064   1.00000    0.320789    0.679211
 730  -0.26963   1.00000    0.320922    0.679078
 731  -0.26863   1.00000    0.320788    0.679212
 732  -0.26763   1.00000    0.320921    0.679079
 733  -0.26663   1.00000    0.320785    0.679215
 734  -0.26563   1.00000    0.320918    0.679082
 735  -0.26463   1.00000    0.320779    0.679221
 736  -0.26363   1.00000    0.320912    0.679088
 737  -0.26263   1.00000    0.320772    0.679228
 738  -0.26163   1.00000    0.320904    0.679096
 739  -0.26063   1.00000    0.320762    0.679238
 740  -0.25963   1.00000    0.320895    0.679105
 741  -0.25863   1.00000    0.320750    0.679250
 742  -0.25763   1.00000    0.320882    0.679118
 743  -0.25663   1.00000    0.320736    0.679264
 744  -0.25563   1.00000    0.320868    0.679132
 745  -0.25463   1.00000    0.320719    0.679281
 746  -0.25363   1.00000    0.320851    0.679149
 747  -0.25263   1.00000    0.320701    0.679299
 748  -0.25163   1.00000    0.320832    0.679168
 749  -0.25063   1.00000    0.320680    0.679320
 750  -0.24962   1.00000    0.320811    0.679189
 751  -0.24862   1.00000    0.320657    0.679343
 752  -0.24762   1.00000    0.320788    0.679212
 753  -0.24662   1.00000    0.320632    0.679368
 754  -0.24562   1.00000    0.320763    0.679237
 755  -0.24462   1.00000    0.320605    0.679395
 756  -0.24362   1.00000    0.320735    0.679265
 757  -0.24262   1.00000    0.320575    0.679425
 758  -0.24162   1.00000    0.320706    0.679294
 759  -0.24062   1.00000    0.320543    0.679457
 760  -0.23962   1.00000    0.320674    0.679326
 761  -0.23862   1.00000    0.320509    0.679491
 762  -0.23762   1.00000    0.320640    0.679360
 763  -0.23662   1.00000    0.320473    0.679527
 764  -0.23562   1.00000    0.320604    0.679396
 765  -0.23462   1.00000    0.320435    0.679565
 766  -0.23362   1.00000    0.320565    0.679435
 767  -0.23262   1.00000    0.320395    0.679605
 768  -0.23162   1.00000    0.320525    0.679475
 769  -0.23062   1.00000    0.320352    0.679648
 770  -0.22961   1.00000    0.320482    0.679518
 771  -0.22861   1.00000    0.320307    0.679693
 772  -0.22761   1.00000    0.320437    0.679563
 773  -0.22661   1.00000    0.320261    0.679739
 774  -0.22561   1.00000    0.320390    0.679610
 775  -0.22461   1.00000    0.320212    0.679788
 776  -0.22361   1.00000    0.320341    0.679659
 777  -0.22261   1.00000    0.320161    0.679839
 778  -0.22161   1.00000    0.320289    0.679711
 779  -0.22061   1.00000    0.320107    0.679893
 780  -0.21961   1.00000    0.320236    0.679764
 781  -0.21861   1.00000    0.320052    0.679948
 782  -0.21761   1.00000    0.320180    0.679820
 783  -0.21661   1.00000    0.319995    0.680005
 784  -0.21561   1.00000    0.320123    0.679877
 785  -0.21461   1.00000    0.319935    0.680065
 786  -0.21361   1.00000    0.320063    0.679937
 787  -0.21261   1.00000    0.319874    0.680126
 788  -0.21161   1.00000    0.320001    0.679999
 789  -0.21061   1.00000    0.319810    0.680190
 790  -0.20960   1.00000    0.319937    0.680063
 791  -0.20860   1.00000    0.319744    0.680256
 792  -0.20760   1.00000    0.319871    0.680129
 793  -0.20660   1.00000    0.319676    0.680324
 794  -0.20560   1.00000    0.319802    0.680198
 795  -0.20460   1.00000    0.319606    0.680394
 796  -0.20360   1.00000    0.319732    0.680268
 797  -0.20260   1.00000    0.319534    0.680466
 798  -0.20160   1.00000    0.319660    0.680340
 799  -0.20060   1.00000    0.319460    0.680540
 800  -0.19960   0.00000    0.319585    0.319585
 801  -0.19860   0.00000    0.319384    0.319384
 802  -0.19760   0.00000    0.319508    0.319508
 803  -0.19660   0.00000    0.319305    0.319305
 804  -0.19560   0.00000    0.319430    0.319430
 805  -0.19460   0.00000    0.319225    0.319225
 806  -0.19360   0.00000    0.319349    0.319349
 807  -0.19260   0.00000    0.319143    0.319143
 808  -0.19160   0.00000    0.319267    0.319267
 809  -0.19060   0.00000    0.319058    0.319058
 810  -0.18959   0.00000    0.319182    0.319182
 811  -0.18859   0.00000    0.318972    0.318972
 812  -0.18759   0.00000    0.319095    0.319095
 813  -0.18659   0.00000    0.318883    0.318883
 814  -0.18559   0.00000    0.319006    0.319006
 815  -0.18459   0.00000    0.318793    0.318793
 816  -0.18359   0.00000    0.318915    0.318915
 817  -0.18259   0.00000    0.318700    0.318700
 818  -0.18159   0.00000    0.318822    0.318822
 819  -0.18059   0.00000    0.318605    0.318605
 820  -0.17959   0.00000    0.318727    0.318727
 821  -0.17859   0.00000    0.318509    0.318509
 822  -0.17759   0.00000    0.318630    0.318630
 823  -0.17659   0.00000    0.318410    0.318410
 824  -0.17559   0.00000    0.318531    0.318531
 825  -0.17459   0.00000    0.318309    0.318309
 826  -0.17359   0.00000    0.318430    0.318430
 827  -0.17259   0.00000    0.318207    0.318207
 828  -0.17159   0.00000    0.318327    0.318327
 829  -0.17059   0.00000    0.318102    0.318102
 830  -0.16958   0.00000    0.318222    0.318222
 831  -0.16858   0.00000    0.317995    0.317995
 832  -0.16758   0.00000    0.318114    0.318114
 833  -0.16658   0.00000    0.317886    0.317886
 834  -0.16558   0.00000    0.318005    0.318005
 835  -0.16458   0.00000    0.317775    0.317775
 836  -0.16358   0.00000    0.317894    0.317894
 837  -0.16258   0.00000    0.317663    0.317663
 838  -0.16158   0.00000    0.317781    0.317781
 839  -0.16058   0.00000    0.317548    0.317548
 840  -0.15958   0.00000    0.317665    0.317665
 841  -0.15858   0.00000    0.317431    0.317431
 842  -0.15758   0.00000    0.317548    0.317548
 843  -0.15658   0.00000    0.317312    0.317312
 844  -0.15558   0.00000    0.317429    0.317429
 845  -0.15458   0.00000    0.317191    0.317191
 846  -0.15358   0.00000    0.317308    0.317308
 847  -0.15258   0.00000    0.317069    0.317069
 848  -0.15158   0.00000    0.317185    0.317185
 849  -0.15058   0.00000    0.316944    0.316944
 850  -0.14957   0.00000    0.317059    0.317059
 851  -0.14857   0.00000    0.316817    0.316817
 852  -0.14757   0.00000    0.316932    0.316932
 853  -0.14657   0.00000    0.316689    0.316689
 854  -0.14557   0.00000    0.316803    0.316803
 855  -0.14457   0.00000    0.316558    0.316558
 856  -0.14357   0.00000    0.316672    0.316672
 857  -0.14257   0.00000    0.316426    0.316426
 858  -0.14157   0.00000    0.316539    0.316539
 859  -0.14057   0.00000    0.316291    0.316291
 860  -0.13957   0.00000    0.316404    0.316404
 861  -0.13857   0.00000    0.316155    0.316155
 862  -0.13757   0.00000    0.316267    0.316267
 863  -0.13657   0.00000    0.316016    0.316016
 864  -0.13557   0.00000    0.316128    0.316128
 865  -0.13457   0.00000    0.315876    0.315876
 866  -0.13357   0.00000    0.315987    0.315987
 867  -0.13257   0.00000    0.315734    0.315734
 868  -0.13157   0.00000    0.315844    0.315844
 869  -0.13057   0.00000    0.315590    0.315590
 870  -0.12956   0.00000    0.315699    0.315699
 871  -0.12856   0.00000    0.315443    0.315443
 872  -0.12756   0.00000    0.315553    0.315553
 873  -0.12656   0.00000    0.315296    0.315296
 874  -0.12556   0.00000    0.315404    0.315404
 875  -0.12456   0.00000    0.315146    0.315146
 876  -0.12356   0.00000    0.315254    0.315254
 877  -0.12256   0.00000    0.314994    0.314994
 878  -0.12156   0.00000    0.315101    0.315101
 879  -0.12056   0.00000    0.314840    0.314840
 880  -0.11956   0.00000    0.314947    0.314947
 881  -0.11856   0.00000    0.314685    0.314685
 882  -0.11756   0.00000    0.314791    0.314791
 883  -0.11656   0.00000    0.314527    0.314527
 884  -0.11556   0.00000    0.314633    0.314633
 885  -0.11456   0.00000    0.314368    0.314368
 886  -0.11356   0.00000    0.314473    0.314473
 887  -0.11256   0.00000    0.314207    0.314207
 888  -0.11156   0.00000    0.314312    0.314312
 889  -0.11056   0.00000    0.314044    0.314044
 890  -0.10955   0.00000    0.314148    0.314148
 891  -0.10855   0.00000    0.313880    0.313880
 892  -0.10755   0.00000    0.313983    0.313983
 893  -0.10655   0.00000    0.313713    0.313713
 894  -0.10555   0.00000    0.313816    0.313816
 895  -0.10455   0.00000    0.313545    0.313545
 896  -0.10355   0.00000    0.313647    0.313647
 897  -0.10255   0.00000    0.313375    0.313375
 898  -0.10155   0.00000    0.313476    0.313476
 899  -0.10055   0.00000    0.313203    0.313203
 900  -0.09955   0.00000    0.313304    0.313304
 901  -0.09855   0.00000    0.313030    0.313030
 902  -0.09755   0.00000    0.313130    0.313130
 903  -0.09655   0.00000    0.312854    0.312854
 904  -0.09555   0.00000    0.312954    0.312954
 905  -0.09455   0.00000    0.312677    0.312677
 906  -0.09355   0.00000    0.312776    0.312776
 907  -0.09255   0.00000    0.312498    0.312498
 908  -0.09155   0.00000    0.312597    0.312597
 909  -0.09055   0.00000    0.312318    0.312318
 910  -0.08954   0.00000    0.312416    0.312416
 911  -0.08854   0.00000    0.312136    0.312136
 912  -0.08754   0.00000    0.312233    0.312233
 913  -0.08654   0.00000    0.311952    0.311952
 914  -0.08554   0.00000    0.312048    0.312048
 915  -0.08454   0.00000    0.311766    0.311766
 916  -0.08354   0.00000    0.311862    0.311862
 917  -0.08254   0.00000    0.311579    0.311579
 918  -0.08154   0.00000    0.311674    0.311674
 919  -0.08054   0.00000    0.311391    0.311391
 920  -0.07954   0.00000    0.311484    0.311484
 921  -0.07854   0.00000    0.311201    0.311201
 922  -0.07754   0.00000    0.311293    0.311293
 923  -0.07654   0.00000    0.311009    0.311009
 924  -0.07554   0.00000    0.311101    0.311101
 925  -0.07454   0.00000    0.310816    0.310816
 926  -0.07354   0.00000    0.310907    0.310907
 927  -0.07254   0.00000    0.310621    0.310621
 928  -0.07154   0.00000    0.310711    0.310711
 929  -0.07054   0.00000    0.310425    0.310425
 930  -0.06953   0.00000    0.310514    0.310514
 931  -0.06853   0.00000    0.310228    0.310228
 932  -0.06753   0.00000    0.310316    0.310316
 933  -0.06653   0.00000    0.310029    0.310029
 934  -0.06553   0.00000    0.310116    0.310116
 935  -0.06453   0.00000    0.309828    0.309828
 936  -0.06353   0.00000    0.309914    0.309914
 937  -0.06253   0.00000    0.309626    0.309626
 938  -0.06153   0.00000    0.309711    0.309711
 939  -0.06053   0.00000    0.309423    0.309423
 940  -0.05953   0.00000    0.309507    0.309507
 941  -0.05853   0.00000    0.309218    0.309218
 942  -0.05753   0.00000    0.309301    0.309301
 943  -0.05653   0.00000    0.309011    0.309011
 944  -0.05553   0.00000    0.309093    0.309093
 945  -0.05453   0.00000    0.308803    0.308803
 946  -0.05353   0.00000    0.308884    0.308884
 947  -0.05253   0.00000    0.308594    0.308594
 948  -0.05153   0.00000    0.308674    0.308674
 949  -0.05053   0.00000    0.308383    0.308383
 950  -0.04952   0.00000    0.308462    0.308462
 951  -0.04852   0.00000    0.308171    0.308171
 952  -0.04752   0.00000    0.308249    0.308249
 953  -0.04652   0.00000    0.307958    0.307958
 954  -0.04552   0.00000    0.308034    0.308034
 955  -0.04452   0.00000    0.307743    0.307743
 956  -0.04352   0.00000    0.307818    0.307818
 957  -0.04252   0.00000    0.307526    0.307526
 958  -0.04152   0.00000    0.307601    0.307601
 959  -0.04052   0.00000    0.307309    0.307309
 960  -0.03952   0.00000    0.307382    0.307382
 961  -0.03852   0.00000    0.307090    0.307090
 962  -0.03752   0.00000    0.307162    0.307162
 963  -0.03652   0.00000    0.306869    0.306869
 964  -0.03552   0.00000    0.306941    0.306941
 965  -0.03452   0.00000    0.306648    0.306648
 966  -0.03352   0.00000    0.306718    0.306718
 967  -0.03252   0.00000    0.306425    0.306425
 968  -0.03152   0.00000    0.306494    0.306494
 969  -0.03052   0.00000    0.306200    0.306200
 970  -0.02951   0.00000    0.306269    0.306269
 971  -0.02851   0.00000    0.305975    0.305975
 972  -0.02751   0.00000    0.306042    0.306042
 973  -0.02651   0.00000    0.305748    0.305748
 974  -0.02551   0.00000    0.305814    0.305814
 975  -0.02451   0.00000    0.305519    0.305519
 976  -0.02351   0.00000    0.305584    0.305584
 977  -0.02251   0.00000    0.305290    0.305290
 978  -0.02151   0.00000    0.305354    0.305354
 979  -0.02051   0.00000    0.305059    0.305059
 980  -0.01951   0.00000    0.305122    0.305122
 981  -0.01851   0.00000    0.304826    0.304826
 982  -0.01751   0.00000    0.304888    0.304888
 983  -0.01651   0.00000    0.304593    0.304593
 984  -0.01551   0.00000    0.304654    0.304654
 985  -0.01451   0.00000    0.304358    0.304358
 986  -0.01351   0.00000    0.304418    0.304418
 987  -0.01251   0.00000    0.304122    0.304122
 988  -0.01151   0.00000    0.304180    0.304180
 989  -0.01051   0.00000    0.303884    0.303884
 990  -0.00950   0.00000    0.303942    0.303942
 991  -0.00850   0.00000    0.303645    0.303645
 992  -0.00750   0.00000    0.303702    0.303702
 993  -0.00650   0.00000    0.303405    0.303405
 994  -0.00550   0.00000    0.303460    0.303460
 995  -0.00450   0.00000    0.303163    0.303163
 996  -0.00350   0.00000    0.303218    0.303218
 997  -0.00250   0.00000    0.302920    0.302920
 998  -0.00150   0.00000    0.302974    0.302974
 999  -0.00050   0.00000    0.302676    0.302676
1000   0.00050   0.00488    0.302728    0.297845
1001   0.00150   0.01526    0.302431    0.287172
1002   0.00250   0.02502    0.302482    0.277457
1003   0.00350   0.03479    0.302184    0.267394
1004   0.00450   0.04517    0.302234    0.257068
1005   0.00550   0.05493    0.301936    0.247004
1006   0.00650   0.06531    0.301984    0.236677
1007   0.00750   0.07507    0.301686    0.226613
1008   0.00850   0.08484    0.301734    0.216895
1009   0.00950   0.09521    0.301435    0.206221
1010   0.01051   0.10498    0.301482    0.196501
1011   0.01151   0.11536    0.301183    0.185827
1012   0.01251   0.12512    0.301229    0.176106
1013   0.01351   0.13489    0.300930    0.166042
1014   0.01451   0.14526    0.300974    0.155710
1015   0.01551   0.15503    0.300675    0.145646
1016   0.01651   0.16479    0.300718    0.135923
1017   0.01751   0.17517    0.300419    0.125248
1018   0.01851   0.18494    0.300461    0.115524
1019   0.01951   0.19531    0.300161    0.104849
1020   0.02051   0.20508    0.300202    0.095124
1021   0.02151   0.21484    0.299902    0.085059
1022   0.02251   0.22522    0.299942    0.074723
1023   0.02351   0.23499    0.299642    0.064657
1024   0.02451   0.24536    0.299681    0.054320
1025   0.02551   0.25513    0.299381    0.044254
1026   0.02651   0.26489    0.299419    0.034526
1027   0.02751   0.27527    0.299118    0.023849
1028   0.02851   0.28503    0.299155    0.014121
1029   0.02951   0.29541    0.298854    0.003444
1030   0.03052   0.30518    0.298890    0.006286
1031   0.03152   0.31494    0.298588    0.016353
1032   0.03252   0.32532    0.298623    0.026694
1033   0.03352   0.33508    0.298321    0.036762
1034   0.03452   0.34546    0.298355    0.047104
1035   0.03552   0.35522    0.298053    0.057171
1036   0.03652   0.36499    0.298086    0.066904
1037   0.03752   0.37537    0.297784    0.077582
1038   0.03852   0.38513    0.297816    0.087316
1039   0.03952   0.39490    0.297513    0.097384
1040   0.04052   0.40527    0.297544    0.107730
1041   0.04152   0.41504    0.297241    0.117798
1042   0.04252   0.42542    0.297271    0.128144
1043   0.04352   0.43518    0.296968    0.138213
1044   0.04452   0.44495    0.296996    0.147950
1045   0.04552   0.45532    0.296693    0.158629
1046   0.04652   0.46509    0.296720    0.168368
1047   0.04752   0.47546    0.296417    0.179047
1048   0.04852   0.48523    0.296443    0.188786
1049   0.04952   0.49500    0.296139    0.198856
1050   0.05053   0.50537    0.296165    0.209206
1051   0.05153   0.51514    0.295861    0.219276
1052   0.05253   0.52551    0.295885    0.229628
1053   0.05353   0.53528    0.295581    0.239698
1054   0.05453   0.54504    0.295604    0.249440
1055   0.05553   0.55542    0.295299    0.260121
1056   0.05653   0.56519    0.295321    0.269864
1057   0.05753   0.57556    0.295017    0.280545
1058   0.05853   0.58533    0.295037    0.290290
1059   0.05953   0.59509    0.294733    0.300360
1060   0.06053   0.60547    0.294752    0.310717
1061   0.06153   0.61523    0.294447    0.320787
1062   0.06253   0.62561    0.294466    0.331145
1063   0.06353   0.63538    0.294161    0.341215
1064   0.06453   0.64514    0.294178    0.350964
1065   0.06553   0.65552    0.293873    0.361645
1066   0.06653   0.66528    0.293889    0.371394
1067   0.06753   0.67505    0.293584    0.381465
1068   0.06853   0.68542    0.293598    0.391826
1069   0.06953   0.69519    0.293293    0.401897
1070   0.07054   0.70557    0.293307    0.412260
1071   0.07154   0.71533    0.293001    0.422331
1072   0.07254   0.72510    0.293014    0.432084
1073   0.07354   0.73547    0.292708    0.442765
1074   0.07454   0.74524    0.292720    0.452520
1075   0.07554   0.75562    0.292414    0.463201
1076   0.07654   0.76538    0.292424    0.472957
1077   0.07754   0.77515    0.292118    0.483028
1078   0.07854   0.78552    0.292127    0.493395
1079   0.07954   0.79529    0.291821    0.503467
1080   0.08054   0.80566    0.291829    0.513835
1081   0.08154   0.81543    0.291523    0.523907
1082   0.08254   0.82520    0.291530    0.533665
1083   0.08354   0.83557    0.291224    0.544348
1084   0.08454   0.84534    0.291229    0.554107
1085   0.08554   0.85571    0.290923    0.564790
1086   0.08654   0.86548    0.290928    0.574551
1087   0.08754   0.87524    0.290621    0.584623
1088   0.08854   0.88562    0.290625    0.594995
1089   0.08954   0.89539    0.290318    0.605068
1090   0.09055   0.90515    0.290320    0.614831
1091   0.09155   0.91553    0.290013    0.625514
1092   0.09255   0.92529    0.290015    0.635278
1093   0.09355   0.93567    0.289708    0.645961
1094   0.09455   0.94543    0.289708    0.655727
1095   0.09555   0.95520    0.289400    0.665800
1096   0.09655   0.96558    0.289400    0.676176
1097   0.09755   0.97534    0.289092    0.686249
1098   0.09855   0.98572    0.289091    0.696627
1099   0.09955   0.99548    0.288783    0.706701
1100   0.10055   0.99475    0.288780    0.705971
1101   0.10155   0.98438    0.288472    0.695903
1102   0.10255   0.97461    0.288468    0.686141
1103   0.10355   0.96423    0.288160    0.676073
1104   0.10455   0.95447    0.288155    0.666313
1105   0.10555   0.94470    0.287847    0.656855
1106   0.10655   0.93433    0.287841    0.646486
1107   0.10755   0.92456    0.287532    0.637028
1108   0.10855   0.91418    0.287525    0.626660
1109   0.10955   0.90442    0.287217    0.617202
1110   0.11056   0.89465    0.287208    0.607445
1111   0.11156   0.88428    0.286900    0.597378
1112   0.11256   0.87451    0.286891    0.587621
1113   0.11356   0.86414    0.286582    0.577554
1114   0.11456   0.85437    0.286572    0.567798
1115   0.11556   0.84460    0.286262    0.558342
1116   0.11656   0.83423    0.286251    0.547977
1117   0.11756   0.82446    0.285942    0.538521
1118   0.11856   0.81470    0.285930    0.528767
1119   0.11956   0.80432    0.285621    0.518701
1120   0.12056   0.79456    0.285607    0.508949
1121   0.12156   0.78418    0.285298    0.498882
1122   0.12256   0.77441    0.285283    0.489131
1123   0.12356   0.76465    0.284974    0.479675
1124   0.12456   0.75427    0.284958    0.469314
1125   0.12556   0.74451    0.284649    0.459858
1126   0.12656   0.73413    0.284632    0.449499
1127   0.12756   0.72437    0.284323    0.440043
1128   0.12856   0.71460    0.284305    0.430295
1129   0.12956   0.70422    0.283995    0.420228
1130   0.13057   0.69446    0.283977    0.410481
1131   0.13157   0.68408    0.283667    0.400415
1132   0.13257   0.67432    0.283647    0.390669
1133   0.13357   0.66455    0.283337    0.381214
1134   0.13457   0.65417    0.283316    0.370859
1135   0.13557   0.64441    0.283006    0.361403
1136   0.13657   0.63403    0.282984    0.351049
1137   0.13757   0.62427    0.282674    0.341594
1138   0.13857   0.61450    0.282651    0.331851
1139   0.13957   0.60413    0.282341    0.321785
1140   0.14057   0.59436    0.282317    0.312043
1141   0.14157   0.58459    0.282007    0.302588
1142   0.14257   0.57422    0.281982    0.292237
1143   0.14357   0.56445    0.281671    0.282782
1144   0.14457   0.55408    0.281646    0.272431
1145   0.14557   0.54431    0.281335    0.262977
1146   0.14657   0.53455    0.281308    0.253237
1147   0.14757   0.52417    0.280997    0.243172
1148   0.14857   0.51440    0.280970    0.233434
1149   0.14957   0.50403    0.280659    0.223369
1150   0.15058   0.49426    0.280631    0.213632
1151   0.15158   0.48450    0.280319    0.204178
1152   0.15258   0.47412    0.280290    0.193831
1153   0.15358   0.46436    0.279979    0.184376
1154   0.15458   0.45398    0.279949    0.174031
1155   0.15558   0.44421    0.279637    0.164576
1156   0.15658   0.43445    0.279606    0.154842
1157   0.15758   0.42407    0.279295    0.144777
1158   0.15858   0.41431    0.279263    0.135044
1159   0.15958   0.40393    0.278951    0.124979
1160   0.16058   0.39417    0.278918    0.115247
1161   0.16158   0.38440    0.278607    0.105793
1162   0.16258   0.37402    0.278573    0.095451
1163   0.16358   0.36426    0.278261    0.085997
1164   0.16458   0.35388    0.278226    0.075656
1165   0.16558   0.34412    0.277915    0.066201
1166   0.16658   0.33435    0.277879    0.056472
1167   0.16758   0.32397    0.277567    0.046407
1168   0.16858   0.31421    0.277531    0.036678
1169   0.16958   0.30444    0.277219    0.027224
1170   0.17059   0.29407    0.277181    0.016886
1171   0.17159   0.28430    0.276870    0.007432
1172   0.17259   0.27393    0.276831    0.002906
1173   0.17359   0.26416    0.276520    0.012360
1174   0.17459   0.25439    0.276480    0.022086
1175   0.17559   0.24402    0.276169    0.032151
1176   0.17659   0.23425    0.276129    0.041876
1177   0.17759   0.22388    0.275817    0.051941
1178   0.17859   0.21411    0.275776    0.061665
1179   0.17959   0.20435    0.275465    0.071119
1180   0.18059   0.19397    0.275423    0.081453
1181   0.18159   0.18420    0.275112    0.090908
1182   0.18259   0.17383    0.275069    0.101241
1183   0.18359   0.16406    0.274758    0.110695
1184   0.18459   0.15430    0.274714    0.120417
1185   0.18559   0.14392    0.274403    0.130482
1186   0.18659   0.13416    0.274359    0.140203
1187   0.18759   0.12378    0.274048    0.150268
1188   0.18859   0.11401    0.274002    0.159988
1189   0.18959   0.10425    0.273691    0.169443
1190   0.19060   0.09387    0.273645    0.179773
1191   0.19160   0.08411    0.273334    0.189228
1192   0.19260   0.07434    0.273287    0.198946
1193   0.19360   0.06396    0.272976    0.209011
1194   0.19460   0.05420    0.272928    0.218729
1195   0.19560   0.04382    0.272618    0.228794
1196   0.19660   0.03406    0.272569    0.238511
1197   0.19760   0.02429    0.272258    0.247966
1198   0.19860   0.01392    0.272209    0.258293
1199   0.19960   0.00415    0.271898    0.267748
1200   0.20060   0.00000    0.271848    0.271848
1201   0.20160   0.00000    0.271538    0.271538
1202   0.20260   0.00000    0.271486    0.271486
1203   0.20360   0.00000    0.271176    0.271176
1204   0.20460   0.00000    0.271124    0.271124
1205   0.20560   0.00000    0.270814    0.270814
1206   0.20660   0.00000    0.270761    0.270761
1207   0.20760   0.00000    0.270451    0.270451
1208   0.20860   0.00000    0.270398    0.270398
1209   0.20960   0.00000    0.270088    0.270088
1210   0.21061   0.00000    0.270034    0.270034
1211   0.21161   0.00000    0.269724    0.269724
1212   0.21261   0.00000    0.269669    0.269669
1213   0.21361   0.00000    0.269359    0.269359
1214   0.21461   0.00000    0.269304    0.269304
1215   0.21561   0.00000    0.268994    0.268994
1216   0.21661   0.00000    0.268938    0.268938
1217   0.21761   0.00000    0.268629    0.268629
1218   0.21861   0.00000    0.268572    0.268572
1219   0.21961   0.00000    0.268263    0.268263
1220   0.22061   0.00000    0.268205    0.268205
1221   0.22161   0.00000    0.267896    0.267896
1222   0.22261   0.00000    0.267838    0.267838
1223   0.22361   0.00000    0.267529    0.267529
1224   0.22461   0.00000    0.267470    0.267470
1225   0.22561   0.00000    0.267162    0.267162
1226   0.22661   0.00000    0.267102    0.267102
1227   0.22761   0.00000    0.266794    0.266794
1228   0.22861   0.00000    0.266734    0.266734
1229   0.22961   0.00000    0.266426    0.266426
1230   0.23062   0.00000    0.266365    0.266365
1231   0.23162   0.00000    0.266057    0.266057
1232   0.23262   0.00000    0.265996    0.265996
1233   0.23362   0.00000    0.265688    0.265688
1234   0.23462   0.00000    0.265626    0.265626
1235   0.23562   0.00000    0.265319    0.265319
1236   0.23662   0.00000    0.265255    0.265255
1237   0.23762   0.00000    0.264950    0.264950
1238   0.23862   0.00000    0.264885    0.264885
1239   0.23962   0.00000    0.264580    0.264580
1240   0.24062   0.00000    0.264515    0.264515
1241   0.24162   0.00000    0.264210    0.264210
1242   0.24262   0.00000    0.264145    0.264145
1243   0.24362   0.00000    0.263840    0.263840
1244   0.24462   0.00000    0.263775    0.263775
1245   0.24562   0.00000    0.263470    0.263470
1246   0.24662   0.00000    0.263405    0.263405
1247   0.24762   0.00000    0.263099    0.263099
1248   0.24862   0.00000    0.263034    0.263034
1249   0.24962   0.00000    0.262729    0.262729
1250   0.25063   0.00000    0.262664    0.262664
1251   0.25163   0.00000    0.262359    0.262359
1252   0.25263   0.00000    0.262294    0.262294
1253   0.25363   0.00000    0.261989    0.261989
1254   0.25463   0.00000    0.261923    0.261923
1255   0.25563   0.00000    0.261619    0.261619
1256   0.25663   0.00000    0.261553    0.261553
1257   0.25763   0.00000    0.261248    0.261248
1258   0.25863   0.00000    0.261183    0.261183
1259   0.25963   0.00000    0.260878    0.260878
1260   0.26063   0.00000    0.260813    0.260813
1261   0.26163   0.00000    0.260508    0.260508
1262   0.26263   0.00000    0.260442    0.260442
1263   0.26363   0.00000    0.260138    0.260138
1264   0.26463   0.00000    0.260072    0.260072
1265   0.26563   0.00000    0.259768    0.259768
1266   0.26663   0.00000    0.259701    0.259701
1267   0.26763   0.00000    0.259398    0.259398
1268   0.26863   0.00000    0.259331    0.259331
1269   0.26963   0.00000    0.259027    0.259027
1270   0.27064   0.00000    0.258960    0.258960
1271   0.27164   0.00000    0.258657    0.258657
1272   0.27264   0.00000    0.258590    0.258590
1273   0.27364   0.00000    0.258287    0.258287
1274   0.27464   0.00000    0.258219    0.258219
1275   0.27564   0.00000    0.257917    0.257917
1276   0.27664   0.00000    0.257849    0.257849
1277   0.27764   0.00000    0.257547    0.257547
1278   0.27864   0.00000    0.257479    0.257479
1279   0.27964   0.00000    0.257176    0.257176
1280   0.28064   0.00000    0.257108    0.257108
1281   0.28164   0.00000    0.256806    0.256806
1282   0.28264   0.00000    0.256738    0.256738
1283   0.28364   0.00000    0.256436    0.256436
1284   0.28464   0.00000    0.256367    0.256367
1285   0.28564   0.00000    0.256066    0.256066
1286   0.28664   0.00000    0.255997    0.255997
1287   0.28764   0.00000    0.255696    0.255696
1288   0.28864   0.00000    0.255626    0.255626
1289   0.28964   0.00000    0.255325    0.255325
1290   0.29065   0.00000    0.255256    0.255256
1291   0.29165   0.00000    0.254955    0.254955
1292   0.29265   0.00000    0.254885    0.254885
1293   0.29365   0.00000    0.254584    0.254584
1294   0.29465   0.00000    0.254515    0.254515
1295   0.29565   0.00000    0.254214    0.254214
1296   0.29665   0.00000    0.254145    0.254145
1297   0.29765   0.00000    0.253844    0.253844
1298   0.29865   0.00000    0.253774    0.253774
1299   0.29965   0.00000    0.253473    0.253473
1300   0.30065   0.00000    0.253403    0.253403
1301   0.30165   0.00000    0.253103    0.253103
1302   0.30265   0.00000    0.253032    0.253032
1303   0.30365   0.00000    0.252732    0.252732
1304   0.30465   0.00000    0.252661    0.252661
1305   0.30565   0.00000    0.252362    0.252362
1306   0.30665   0.00000    0.252290    0.252290
1307   0.30765   0.00000    0.251992    0.251992
1308   0.30865   0.00000    0.251919    0.251919
1309   0.30965   0.00000    0.251621    0.251621
1310   0.31066   0.00000    0.251548    0.251548
1311   0.31166   0.00000    0.251251    0.251251
1312   0.31266   0.00000    0.251177    0.251177
1313   0.31366   0.00000    0.250880    0.250880
1314   0.31466   0.00000    0.250806    0.250806
1315   0.31566   0.00000    0.250510    0.250510
1316   0.31666   0.00000    0.250435    0.250435
1317   0.31766   0.00000    0.250139    0.250139
1318   0.31866   0.00000    0.250063    0.250063
1319   0.31966   0.00000    0.249769    0.249769
1320   0.32066   0.00000    0.249692    0.249692
1321   0.32166   0.00000    0.249399    0.249399
1322   0.32266   0.00000    0.249321    0.249321
1323   0.32366   0.00000    0.249028    0.249028
1324   0.32466   0.00000    0.248950    0.248950
1325   0.32566   0.00000    0.248658    0.248658
1326   0.32666   0.00000    0.248579    0.248579
1327   0.32766   0.00000    0.248288    0.248288
1328   0.32866   0.00000    0.248208    0.248208
1329   0.32966   0.00000    0.247917    0.247917
1330   0.33067   0.00000    0.247838    0.247838
1331   0.33167   0.00000    0.247547    0.247547
1332   0.33267   0.00000    0.247467    0.247467
1333   0.33367   0.00000    0.247177    0.247177
1334   0.33467   0.00000    0.247096    0.247096
1335   0.33567   0.00000    0.246806    0.246806
1336   0.33667   0.00000    0.246725    0.246725
1337   0.33767   0.00000    0.246436    0.246436
1338   0.33867   0.00000    0.246355    0.246355
1339   0.33967   0.00000    0.246066    0.246066
1340   0.34067   0.00000    0.245984    0.245984
1341   0.34167   0.00000    0.245696    0.245696
1342   0.34267   0.00000    0.245614    0.245614
1343   0.34367   0.00000    0.245326    0.245326
1344   0.34467   0.00000    0.245244    0.245244
1345   0.34567   0.00000    0.244956    0.244956
1346   0.34667   0.00000    0.244874    0.244874
1347   0.34767   0.00000    0.244587    0.244587
1348   0.34867   0.00000    0.244504    0.244504
1349   0.34967   0.00000    0.244217    0.244217
1350   0.35068   0.00000    0.244135    0.244135
1351   0.35168   0.00000    0.243848    0.243848
1352   0.35268   0.00000    0.243766    0.243766
1353   0.35368   0.00000    0.243479    0.243479
1354   0.35468   0.00000    0.243397    0.243397
1355   0.35568   0.00000    0.243111    0.243111
1356   0.35668   0.00000    0.243028    0.243028
1357   0.35768   0.00000    0.242742    0.242742
1358   0.35868   0.00000    0.242660    0.242660
1359   0.35968   0.00000    0.242374    0.242374
1360   0.36068   0.00000    0.242292    0.242292
1361   0.36168   0.00000    0.242007    0.242007
1362   0.36268   0.00000    0.241924    0.241924
1363   0.36368   0.00000    0.241639    0.241639
1364   0.36468   0.00000    0.241557    0.241557
1365   0.36568   0.00000    0.241273    0.241273
1366   0.36668   0.00000    0.241190    0.241190
1367   0.36768   0.00000    0.240906    0.240906
1368   0.36868   0.00000    0.240824    0.240824
1369   0.36968   0.00000    0.240540    0.240540
1370   0.37069   0.00000    0.240458    0.240458
1371   0.37169   0.00000    0.240175    0.240175
1372   0.37269   0.00000    0.240092    0.240092
1373   0.37369   0.00000    0.239810    0.239810
1374   0.37469   0.00000    0.239727    0.239727
1375   0.37569   0.00000    0.239445    0.239445
1376   0.37669   0.00000    0.239363    0.239363
1377   0.37769   0.00000    0.239081    0.239081
1378   0.37869   0.00000    0.238999    0.238999
1379   0.37969   0.00000    0.238718    0.238718
1380   0.38069   0.00000    0.238636    0.238636
1381   0.38169   0.00000    0.238355    0.238355
1382   0.38269   0.00000    0.238273    0.238273
1383   0.38369   0.00000    0.237993    0.237993
1384   0.38469   0.00000    0.237911    0.237911
1385   0.38569   0.00000    0.237631    0.237631
1386   0.38669   0.00000    0.237550    0.237550
1387   0.38769   0.00000    0.237270    0.237270
1388   0.38869   0.00000    0.237189    0.237189
1389   0.38969   0.00000    0.236910    0.236910
1390   0.39070   0.00000    0.236829    0.236829
1391   0.39170   0.00000    0.236550    0.236550
1392   0.39270   0.00000    0.236469    0.236469
1393   0.39370   0.00000    0.236191    0.236191
1394   0.39470   0.00000    0.236110    0.236110
1395   0.39570   0.00000    0.235832    0.235832
1396   0.39670   0.00000    0.235751    0.235751
1397   0.39770   0.00000    0.235474    0.235474
1398   0.39870   0.00000    0.235394    0.235394
1399   0.39970   0.00000    0.235117    0.235117
1400   0.40070   0.11776    0.235036    0.117276
1401   0.40170   0.18212    0.234760    0.052641
1402   0.40270   0.23122    0.234680    0.003455
1403   0.40370   0.26902    0.234404    0.034615
1404   0.40470   0.30373    0.234324    0.069404
1405   0.40570   0.33281    0.234049    0.098763
1406   0.40670   0.35929    0.233969    0.125317
1407   0.40770   0.38516    0.233694    0.151462
1408   0.40870   0.40777    0.233615    0.174153
1409   0.40970   0.43025    0.233340    0.196910
1410   0.41071   0.45017    0.233261    0.216906
1411   0.41171   0.46904    0.232987    0.236050
1412   0.41271   0.48807    0.232908    0.255166
1413   0.41371   0.50514    0.232634    0.272507
1414   0.41471   0.52246    0.232555    0.289909
1415   0.41571   0.53808    0.232282    0.305795
1416   0.41671   0.55308    0.232203    0.320874
1417   0.41771   0.56840    0.231931    0.336467
1418   0.41871   0.58228    0.231852    0.350428
1419   0.41971   0.59650    0.231580    0.364921
1420   0.42071   0.60942    0.231502    0.377919
1421   0.42171   0.62192    0.231230    0.390690
1422   0.42271   0.63477    0.231152    0.403613
1423   0.42371   0.64647    0.230881    0.415589
1424   0.42471   0.65782    0.230803    0.427018
1425   0.42571   0.66952    0.230532    0.438983
1426   0.42671   0.68019    0.230456    0.449738
1427   0.42771   0.69121    0.230185    0.461023
1428   0.42871   0.70128    0.230108    0.471167
1429   0.42971   0.71107    0.229838    0.481228
1430   0.43072   0.72118    0.229762    0.491417
1431   0.43172   0.73043    0.229493    0.500941
1432   0.43272   0.74000    0.229417    0.510583
1433   0.43372   0.74876    0.229148    0.519612
1434   0.43472   0.75729    0.229072    0.528220
1435   0.43572   0.76612    0.228804    0.537314
1436   0.43672   0.77421    0.228729    0.545476
1437   0.43772   0.78257    0.228461    0.554112
1438   0.43872   0.79024    0.228387    0.561857
1439   0.43972   0.79772    0.228119    0.569602
1440   0.44072   0.80546    0.228045    0.577414
1441   0.44172   0.81255    0.227778    0.584776
1442   0.44272   0.81990    0.227705    0.592193
1443   0.44372   0.82663    0.227438    0.599193
1444   0.44472   0.83320    0.227365    0.605830
1445   0.44572   0.83999    0.227099    0.612891
1446   0.44672   0.84622    0.227027    0.619191
1447   0.44772   0.85266    0.226761    0.625902
1448   0.44872   0.85857    0.226689    0.631882
1449   0.44972   0.86433    0.226424    0.637903
1450   0.45073   0.87028    0.226353    0.643929
1451   0.45173   0.87574    0.226088    0.649649
1452   0.45273   0.88105    0.226017    0.655033
1453   0.45373   0.88654    0.225753    0.660790
1454   0.45473   0.89157    0.225683    0.665888
1455   0.45573   0.89677    0.225419    0.671347
1456   0.45673   0.90152    0.225350    0.676169
1457   0.45773   0.90614    0.225087    0.681055
1458   0.45873   0.91091    0.225018    0.685896
1459   0.45973   0.91527    0.224755    0.690519
1460   0.46073   0.91977    0.224687    0.695084
1461   0.46173   0.92388    0.224425    0.699452
1462   0.46273   0.92786    0.224357    0.703504
1463   0.46373   0.93196    0.224096    0.707869
1464   0.46473   0.93571    0.224029    0.711676
1465   0.46573   0.93955    0.223768    0.715784
1466   0.46673   0.94305    0.223701    0.719352
1467   0.46773   0.94644    0.223441    0.723001
1468   0.46873   0.94992    0.223375    0.726543
1469   0.46973   0.95307    0.223115    0.729960
1470   0.47074   0.95631    0.223050    0.733259
1471   0.47174   0.95924    0.222791    0.736449
1472   0.47274   0.96206    0.222726    0.739337
1473   0.47374   0.96495    0.222467    0.742478
1474   0.47474   0.96755    0.222404    0.745145
1475   0.47574   0.97005    0.222145    0.747901
1476   0.47674   0.97259    0.222082    0.750503
1477   0.47774   0.97487    0.221825    0.753044
1478   0.47874   0.97718    0.221762    0.755420
1479   0.47974   0.97925    0.221505    0.757749
1480   0.48074   0.98122    0.221444    0.759780
1481   0.48174   0.98321    0.221187    0.762020
1482   0.48274   0.98497    0.221126    0.763843
1483   0.48374   0.98673    0.220870    0.765863
1484   0.48474   0.98829    0.220810    0.767480
1485   0.48574   0.98975    0.220554    0.769194
1486   0.48674   0.99119    0.220495    0.770695
1487   0.48774   0.99245    0.220240    0.772206
1488   0.48874   0.99367    0.220182    0.773492
1489   0.48974   0.99473    0.219927    0.774802
1490   0.49075   0.99569    0.219870    0.775818
1491   0.49175   0.99660    0.219616    0.776984
1492   0.49275   0.99736    0.219559    0.777800
1493   0.49375   0.99806    0.219305    0.778755
1494   0.49475   0.99862    0.219249    0.779372
1495   0.49575   0.99909    0.218996    0.780091
1496   0.49675   0.99948    0.218941    0.780536
1497   0.49775   0.99974    0.218689    0.781056
1498   0.49875   0.99993    0.218634    0.781291
1499   0.49975   1.00000    0.218382    0.781615
1500   0.50075   0.99997    0.218329    0.781644
1501   0.50175   0.99984    0.218077    0.781766
1502   0.50275   0.99962    0.218025    0.781598
1503   0.50375   0.99931    0.217774    0.781533
1504   0.50475   0.99887    0.217722    0.781144
1505   0.50575   0.99835    0.217472    0.780881
1506   0.50675   0.99770    0.217421    0.780281
1507   0.50775   0.99699    0.217171    0.779820
1508   0.50875   0.99618    0.217121    0.779062
1509   0.50975   0.99522    0.216872    0.778348
1510   0.51076   0.99421    0.216823    0.777390
1511   0.51176   0.99304    0.216574    0.776463
1512   0.51276   0.99183    0.216527    0.775304
1513   0.51376   0.99053    0.216278    0.774247
1514   0.51476   0.98903    0.216231    0.772800
1515   0.51576   0.98752    0.215984    0.771540
1516   0.51676   0.98581    0.215938    0.769875
1517   0.51776   0.98410    0.215691    0.768410
1518   0.51876   0.98229    0.215646    0.766642
1519   0.51976   0.98025    0.215399    0.764853
1520   0.52076   0.97823    0.215355    0.762875
1521   0.52176   0.97597    0.215109    0.760863
1522   0.52276   0.97374    0.215067    0.758674
1523   0.52376   0.97141    0.214821    0.756584
1524   0.52476   0.96881    0.214780    0.754031
1525   0.52576   0.96626    0.214534    0.751726
1526   0.52676   0.96360    0.214494    0.749110
1527   0.52776   0.96066    0.214250    0.746415
1528   0.52876   0.95779    0.214210    0.743578
1529   0.52976   0.95461    0.213966    0.740646
1530   0.53077   0.95151    0.213928    0.737582
1531   0.53177   0.94830    0.213684    0.734613
1532   0.53277   0.94476    0.213647    0.731114
1533   0.53377   0.94132    0.213404    0.727912
1534   0.53477   0.93753    0.213368    0.724163
1535   0.53577   0.93385    0.213126    0.720724
1536   0.53677   0.93005    0.213091    0.716960
1537   0.53777   0.92588    0.212849    0.713035
1538   0.53877   0.92184    0.212815    0.709024
1539   0.53977   0.91741    0.212574    0.704833
1540   0.54077   0.91311    0.212541    0.700568
1541   0.54177   0.90869    0.212301    0.696385
1542   0.54277   0.90385    0.212269    0.691577
1543   0.54377   0.89916    0.212030    0.687129
1544   0.54477   0.89403    0.211999    0.682036
1545   0.54577   0.88907    0.211760    0.677314
1546   0.54677   0.88398    0.211730    0.672247
1547   0.54777   0.87841    0.211492    0.666920
1548   0.54877   0.87303    0.211464    0.661564
1549   0.54977   0.86715    0.211226    0.655925
1550   0.55078   0.86147    0.211199    0.650269
1551   0.55178   0.85564    0.210961    0.644675
1552   0.55278   0.84927    0.210936    0.638337
1553   0.55378   0.84312    0.210699    0.632425
1554   0.55478   0.83682    0.210675    0.626141
1555   0.55578   0.82993    0.210438    0.619496
1556   0.55678   0.82329    0.210415    0.612870
1557   0.55778   0.81603    0.210180    0.605855
1558   0.55878   0.80903    0.210158    0.598871
1559   0.55978   0.80184    0.209923    0.591921
1560   0.56078   0.79401    0.209903    0.584103
1561   0.56178   0.78643    0.209668    0.576765
1562   0.56278   0.77817    0.209649    0.568522
1563   0.56378   0.77019    0.209415    0.560772
1564   0.56478   0.76199    0.209398    0.552597
1565   0.56578   0.75305    0.209164    0.543889
1566   0.56678   0.74441    0.209148    0.535260
1567   0.56778   0.73497    0.208915    0.526054
1568   0.56878   0.72584    0.208901    0.516937
1569   0.56978   0.71646    0.208669    0.507788
1570   0.57079   0.70620    0.208655    0.497550
1571   0.57179   0.69628    0.208424    0.487853
1572   0.57279   0.68542    0.208411    0.477007
1573   0.57379   0.67489    0.208181    0.466713
1574   0.57479   0.66406    0.208170    0.455889
1575   0.57579   0.65219    0.207940    0.444249
1576   0.57679   0.64066    0.207930    0.432733
1577   0.57779   0.62877    0.207701    0.421074
1578   0.57879   0.61572    0.207693    0.408029
1579   0.57979   0.60302    0.207464    0.395552
1580   0.58079   0.58904    0.207457    0.381581
1581   0.58179   0.57540    0.207229    0.368173
1582   0.58279   0.56126    0.207223    0.354041
1583   0.58379   0.54565    0.206996    0.338655
1584   0.58479   0.53035    0.206992    0.323359
1585   0.58579   0.51339    0.206765    0.306627
1586   0.58679   0.49670    0.206762    0.289942
1587   0.58779   0.47924    0.206536    0.272701
1588   0.58879   0.45972    0.206534    0.253190
1589   0.58979   0.44035    0.206309    0.234039
1590   0.59080   0.41853    0.206309    0.212221
1591   0.59180   0.39665    0.206084    0.190569
1592   0.59280   0.37324    0.206085    0.167156
1593   0.59380   0.34634    0.205861    0.140476
1594   0.59480   0.31864    0.205864    0.112776
1595   0.59580   0.28593    0.205640    0.080285
1596   0.59680   0.25088    0.205644    0.045238
1597   0.59780   0.20962    0.205421    0.004197
1598   0.59880   0.15343    0.205427    0.051995
1599   0.59980   0.06439    0.205205    0.140815
1600   0.60080   0.00000    0.205212    0.205212
1601   0.60180   0.00000    0.204990    0.204990
1602   0.60280   0.00000    0.204999    0.204999
1603   0.60380   0.00000    0.204778    0.204778
1604   0.60480   0.00000    0.204788    0.204788
1605   0.60580   0.00000    0.204568    0.204568
1606   0.60680   0.00000    0.204579    0.204579
1607   0.60780   0.00000    0.204359    0.204359
1608   0.60880   0.00000    0.204373    0.204373
1609   0.60980   0.00000    0.204154    0.204154
1610   0.61081   0.00000    0.204168    0.204168
1611   0.61181   0.00000    0.203950    0.203950
1612   0.61281   0.00000    0.203966    0.203966
1613   0.61381   0.00000    0.203748    0.203748
1614   0.61481   0.00000    0.203766    0.203766
1615   0.61581   0.00000    0.203549    0.203549
1616   0.61681   0.00000    0.203569    0.203569
1617   0.61781   0.00000    0.203352    0.203352
1618   0.61881   0.00000    0.203373    0.203373
1619   0.61981   0.00000    0.203157    0.203157
1620   0.62081   0.00000    0.203180    0.203180
1621   0.62181   0.00000    0.202965    0.202965
1622   0.62281   0.00000    0.202989    0.202989
1623   0.62381   0.00000    0.202774    0.202774
1624   0.62481   0.00000    0.202800    0.202800
1625   0.62581   0.00000    0.202586    0.202586
1626   0.62681   0.00000    0.202614    0.202614
1627   0.62781   0.00000    0.202401    0.202401
1628   0.62881   0.00000    0.202430    0.202430
1629   0.62981   0.00000    0.202217    0.202217
1630   0.63082   0.00000    0.202248    0.202248
1631   0.63182   0.00000    0.202036    0.202036
1632   0.63282   0.00000    0.202069    0.202069
1633   0.63382   0.00000    0.201857    0.201857
1634   0.63482   0.00000    0.201892    0.201892
1635   0.63582   0.00000    0.201681    0.201681
1636   0.63682   0.00000    0.201717    0.201717
1637   0.63782   0.00000    0.201507    0.201507
1638   0.63882   0.00000    0.201545    0.201545
1639   0.63982   0.00000    0.201335    0.201335
1640   0.64082   0.00000    0.201375    0.201375
1641   0.64182   0.00000    0.201166    0.201166
1642   0.64282   0.00000    0.201207    0.201207
1643   0.64382   0.00000    0.200999    0.200999
1644   0.64482   0.00000    0.201042    0.201042
1645   0.64582   0.00000    0.200834    0.200834
1646   0.64682   0.00000    0.200879    0.200879
1647   0.64782   0.00000    0.200672    0.200672
1648   0.64882   0.00000    0.200718    0.200718
1649   0.64982   0.00000    0.200512    0.200512
1650   0.65083   0.00000    0.200560    0.200560
1651   0.65183   0.00000    0.200355    0.200355
1652   0.65283   0.00000    0.200405    0.200405
1653   0.65383   0.00000    0.200200    0.200200
1654   0.65483   0.00000    0.200252    0.200252
1655   0.65583   0.00000    0.200048    0.200048
1656   0.65683   0.00000    0.200102    0.200102
1657   0.65783   0.00000    0.199898    0.199898
1658   0.65883   0.00000    0.199954    0.199954
1659   0.65983   0.00000    0.199751    0.199751
1660   0.66083   0.00000    0.199808    0.199808
1661   0.66183   0.00000    0.199607    0.199607
1662   0.66283   0.00000    0.199666    0.199666
1663   0.66383   0.00000    0.199465    0.199465
1664   0.66483   0.00000    0.199526    0.199526
1665   0.66583   0.00000    0.199326    0.199326
1666   0.66683   0.00000    0.199389    0.199389
1667   0.66783   0.00000    0.199189    0.199189
1668   0.66883   0.00000    0.199254    0.199254
1669   0.66983   0.00000    0.199055    0.199055
1670   0.67084   0.00000    0.199122    0.199122
1671   0.67184   0.00000    0.198924    0.198924
1672   0.67284   0.00000    0.198992    0.198992
1673   0.67384   0.00000    0.198795    0.198795
1674   0.67484   0.00000    0.198866    0.198866
1675   0.67584   0.00000    0.198669    0.198669
1676   0.67684   0.00000    0.198742    0.198742
1677   0.67784   0.00000    0.198546    0.198546
1678   0.67884   0.00000    0.198620    0.198620
1679   0.67984   0.00000    0.198425    0.198425
1680   0.68084   0.00000    0.198501    0.198501
1681   0.68184   0.00000    0.198307    0.198307
1682   0.68284   0.00000    0.198385    0.198385
1683   0.68384   0.00000    0.198192    0.198192
1684   0.68484   0.00000    0.198272    0.198272
1685   0.68584   0.00000    0.198079    0.198079
1686   0.68684   0.00000    0.198161    0.198161
1687   0.68784   0.00000    0.197969    0.197969
1688   0.68884   0.00000    0.198052    0.198052
1689   0.68984   0.00000    0.197861    0.197861
1690   0.69085   0.00000    0.197947    0.197947
1691   0.69185   0.00000    0.197756    0.197756
1692   0.69285   0.00000    0.197844    0.197844
1693   0.69385   0.00000    0.197654    0.197654
1694   0.69485   0.00000    0.197744    0.197744
1695   0.69585   0.00000    0.197554    0.197554
1696   0.69685   0.00000    0.197646    0.197646
1697   0.69785   0.00000    0.197457    0.197457
1698   0.69885   0.00000    0.197551    0.197551
1699   0.69985   0.00000    0.197363    0.197363
1700   0.70085   0.00000    0.197459    0.197459
1701   0.70185   0.00000    0.197272    0.197272
1702   0.70285   0.00000    0.197369    0.197369
1703   0.70385   0.00000    0.197183    0.197183
1704   0.70485   0.00000    0.197282    0.197282
1705   0.70585   0.00000    0.197097    0.197097
1706   0.70685   0.00000    0.197198    0.197198
1707   0.70785   0.00000    0.197013    0.197013
1708   0.70885   0.00000    0.197117    0.197117
1709   0.70985   0.00000    0.196932    0.196932
1710   0.71086   0.00000    0.197038    0.197038
1711   0.71186   0.00000    0.196854    0.196854
1712   0.71286   0.00000    0.196962    0.196962
1713   0.71386   0.00000    0.196779    0.196779
1714   0.71486   0.00000    0.196889    0.196889
1715   0.71586   0.00000    0.196706    0.196706
1716   0.71686   0.00000    0.196818    0.196818
1717   0.71786   0.00000    0.196637    0.196637
1718   0.71886   0.00000    0.196750    0.196750
1719   0.71986   0.00000    0.196570    0.196570
1720   0.72086   0.00000    0.196685    0.196685
1721   0.72186   0.00000    0.196505    0.196505
1722   0.72286   0.00000    0.196623    0.196623
1723   0.72386   0.00000    0.196444    0.196444
1724   0.72486   0.00000    0.196564    0.196564
1725   0.72586   0.00000    0.196385    0.196385
1726   0.72686   0.00000    0.196507    0.196507
1727   0.72786   0.00000    0.196329    0.196329
1728   0.72886   0.00000    0.196453    0.196453
1729   0.72986   0.00000    0.196275    0.196275
1730   0.73087   0.00000    0.196402    0.196402
1731   0.73187   0.00000    0.196225    0.196225
1732   0.73287   0.00000    0.196353    0.196353
1733   0.73387   0.00000    0.196177    0.196177
1734   0.73487   0.00000    0.196307    0.196307
1735   0.73587   0.00000    0.196132    0.196132
1736   0.73687   0.00000    0.196264    0.196264
1737   0.73787   0.00000    0.196090    0.196090
1738   0.73887   0.00000    0.196224    0.196224
1739   0.73987   0.00000    0.196050    0.196050
1740   0.74087   0.00000    0.196186    0.196186
1741   0.74187   0.00000    0.196013    0.196013
1742   0.74287   0.00000    0.196152    0.196152
1743   0.74387   0.00000    0.195979    0.195979
1744   0.74487   0.00000    0.196120    0.196120
1745   0.74587   0.00000    0.195948    0.195948
1746   0.74687   0.00000    0.196091    0.196091
1747   0.74787   0.00000    0.195920    0.195920
1748   0.74887   0.00000    0.196064    0.196064
1749   0.74987   0.00000    0.195894    0.195894
1750   0.75088   0.00000    0.196041    0.196041
1751   0.75188   0.00000    0.195871    0.195871
1752   0.75288   0.00000    0.196020    0.196020
1753   0.75388   0.00000    0.195851    0.195851
1754   0.75488   0.00000    0.196002    0.196002
1755   0.75588   0.00000    0.195834    0.195834
1756   0.75688   0.00000    0.195986    0.195986
1757   0.75788   0.00000    0.195819    0.195819
1758   0.75888   0.00000    0.195974    0.195974
1759   0.75988   0.00000    0.195807    0.195807
1760   0.76088   0.00000    0.195964    0.195964
1761   0.76188   0.00000    0.195799    0.195799
1762   0.76288   0.00000    0.195957    0.195957
1763   0.76388   0.00000    0.195792    0.195792
1764   0.76488   0.00000    0.195953    0.195953
1765   0.76588   0.00000    0.195789    0.195789
1766   0.76688   0.00000    0.195952    0.195952
1767   0.76788   0.00000    0.195788    0.195788
1768   0.76888   0.00000    0.195953    0.195953
1769   0.76988   0.00000    0.195790    0.195790
1770   0.77089   0.00000    0.195957    0.195957
1771   0.77189   0.00000    0.195795    0.195795
1772   0.77289   0.00000    0.195964    0.195964
1773   0.77389   0.00000    0.195803    0.195803
1774   0.77489   0.00000    0.195974    0.195974
1775   0.77589   0.00000    0.195814    0.195814
1776   0.77689   0.00000    0.195987    0.195987
1777   0.77789   0.00000    0.195827    0.195827
1778   0.77889   0.00000    0.196002    0.196002
1779   0.77989   0.00000    0.195843    0.195843
1780   0.78089   0.00000    0.196020    0.196020
1781   0.78189   0.00000    0.195862    0.195862
1782   0.78289   0.00000    0.196041    0.196041
1783   0.78389   0.00000    0.195884    0.195884
1784   0.78489   0.00000    0.196065    0.196065
1785   0.78589   0.00000    0.195908    0.195908
1786   0.78689   0.00000    0.196092    0.196092
1787   0.78789   0.00000    0.195936    0.195936
1788   0.78889   0.00000    0.196121    0.196121
1789   0.78990   0.00000    0.195966    0.195966
1790   0.79090   0.00000    0.196153    0.196153
1791   0.79190   0.00000    0.195999    0.195999
1792   0.79290   0.00000    0.196188    0.196188
1793   0.79390   0.00000    0.196035    0.196035
1794   0.79490   0.00000    0.196226    0.196226
1795   0.79590   0.00000    0.196073    0.196073
1796   0.79690   0.00000    0.196267    0.196267
1797   0.79790   0.00000    0.196114    0.196114
1798   0.79890   0.00000    0.196310    0.196310
1799   0.79990   0.00000    0.196159    0.196159
1800   0.80090   0.00000    0.196356    0.196356
1801   0.80190   0.00000    0.196205    0.196205
1802   0.80290   0.00000    0.196405    0.196405
1803   0.80390   0.00000    0.196255    0.196255
1804   0.80490   0.00000    0.196457    0.196457
1805   0.80590   0.00000    0.196308    0.196308
1806   0.80690   0.00000    0.196511    0.196511
1807   0.80790   0.00000    0.196363    0.196363
1808   0.80890   0.00000    0.196569    0.196569
1809   0.80991   0.00000    0.196421    0.196421
1810   0.81091   0.00000    0.196629    0.196629
1811   0.81191   0.00000    0.196482    0.196482
1812   0.81291   0.00000    0.196692    0.196692
1813   0.81391   0.00000    0.196546    0.196546
1814   0.81491   0.00000    0.196758    0.196758
1815   0.81591   0.00000    0.196612    0.196612
1816   0.81691   0.00000    0.196826    0.196826
1817   0.81791   0.00000    0.196682    0.196682
1818   0.81891   0.00000    0.196897    0.196897
1819   0.81991   0.00000    0.196754    0.196754
1820   0.82091   0.00000    0.196972    0.196972
1821   0.82191   0.00000    0.196829    0.196829
1822   0.82291   0.00000    0.197049    0.197049
1823   0.82391   0.00000    0.196906    0.196906
1824   0.82491   0.00000    0.197128    0.197128
1825   0.82591   0.00000    0.196987    0.196987
1826   0.82691   0.00000    0.197211    0.197211
1827   0.82791   0.00000    0.197070    0.197070
1828   0.82891   0.00000    0.197296    0.197296
1829   0.82992   0.00000    0.197156    0.197156
1830   0.83092   0.00000    0.197384    0.197384
1831   0.83192   0.00000    0.197245    0.197245
1832   0.83292   0.00000    0.197475    0.197475
1833   0.83392   0.00000    0.197337    0.197337
1834   0.83492   0.00000    0.197569    0.197569
1835   0.83592   0.00000    0.197431    0.197431
1836   0.83692   0.00000    0.197665    0.197665
1837   0.83792   0.00000    0.197528    0.197528
1838   0.83892   0.00000    0.197765    0.197765
1839   0.83992   0.00000    0.197629    0.197629
1840   0.84092   0.00000    0.197867    0.197867
1841   0.84192   0.00000    0.197731    0.197731
1842   0.84292   0.00000    0.197971    0.197971
1843   0.84392   0.00000    0.197837    0.197837
1844   0.84492   0.00000    0.198079    0.198079
1845   0.84592   0.00000    0.197945    0.197945
1846   0.84692   0.00000    0.198190    0.198190
1847   0.84792   0.00000    0.198057    0.198057
1848   0.84892   0.00000    0.198303    0.198303
1849   0.84993   0.00000    0.198171    0.198171
1850   0.85093   0.00000    0.198419    0.198419
1851   0.85193   0.00000    0.198288    0.198288
1852   0.85293   0.00000    0.198538    0.198538
1853   0.85393   0.00000    0.198407    0.198407
1854   0.85493   0.00000    0.198659    0.198659
1855   0.85593   0.00000    0.198529    0.198529
1856   0.85693   0.00000    0.198783    0.198783
1857   0.85793   0.00000    0.198655    0.198655
1858   0.85893   0.00000    0.198911    0.198911
1859   0.85993   0.00000    0.198783    0.198783
1860   0.86093   0.00000    0.199040    0.199040
1861   0.86193   0.00000    0.198913    0.198913
1862   0.86293   0.00000    0.199173    0.199173
1863   0.86393   0.00000    0.199047    0.199047
1864   0.86493   0.00000    0.199309    0.199309
1865   0.86593   0.00000    0.199183    0.199183
1866   0.86693   0.00000    0.199447    0.199447
1867   0.86793   0.00000    0.199322    0.199322
1868   0.86893   0.00000    0.199588    0.199588
1869   0.86994   0.00000    0.199463    0.199463
1870   0.87094   0.00000    0.199731    0.199731
1871   0.87194   0.00000    0.199608    0.199608
1872   0.87294   0.00000    0.199878    0.199878
1873   0.87394   0.00000    0.199755    0.199755
1874   0.87494   0.00000    0.200027    0.200027
1875   0.87594   0.00000    0.199905    0.199905
1876   0.87694   0.00000    0.200178    0.200178
1877   0.87794   0.00000    0.200057    0.200057
1878   0.87894   0.00000    0.200333    0.200333
1879   0.87994   0.00000    0.200213    0.200213
1880   0.88094   0.00000    0.200490    0.200490
1881   0.88194   0.00000    0.200371    0.200371
1882   0.88294   0.00000    0.200650    0.200650
1883   0.88394   0.00000    0.200531    0.200531
1884   0.88494   0.00000    0.200812    0.200812
1885   0.88594   0.00000    0.200694    0.200694
1886   0.88694   0.00000    0.200977    0.200977
1887   0.88794   0.00000    0.200860    0.200860
1888   0.88894   0.00000    0.201145    0.201145
1889   0.88995   0.00000    0.201029    0.201029
1890   0.89095   0.00000    0.201316    0.201316
1891   0.89195   0.00000    0.201200    0.201200
1892   0.89295   0.00000    0.201489    0.201489
1893   0.89395   0.00000    0.201374    0.201374
1894   0.89495   0.00000    0.201664    0.201664
1895   0.89595   0.00000    0.201551    0.201551
1896   0.89695   0.00000    0.201843    0.201843
1897   0.89795   0.00000    0.201730    0.201730
1898   0.89895   0.00000    0.202024    0.202024
1899   0.89995   0.00000    0.201912    0.201912
1900   0.90095   0.00000    0.202208    0.202208
1901   0.90195   0.00000    0.202096    0.202096
1902   0.90295   0.00000    0.202394    0.202394
1903   0.90395   0.00000    0.202283    0.202283
1904   0.90495   0.00000    0.202583    0.202583
1905   0.90595   0.00000    0.202473    0.202473
1906   0.90695   0.00000    0.202775    0.202775
1907   0.90795   0.00000    0.202666    0.202666
1908   0.90895   0.00000    0.202969    0.202969
1909   0.90996   0.00000    0.202861    0.202861
1910   0.91096   0.00000    0.203166    0.203166
1911   0.91196   0.00000    0.203059    0.203059
1912   0.91296   0.00000    0.203366    0.203366
1913   0.91396   0.00000    0.203259    0.203259
1914   0.91496   0.00000    0.203568    0.203568
1915   0.91596   0.00000    0.203462    0.203462
1916   0.91696   0.00000    0.203773    0.203773
1917   0.91796   0.00000    0.203668    0.203668
1918   0.91896   0.00000    0.203980    0.203980
1919   0.91996   0.00000    0.203876    0.203876
1920   0.92096   0.00000    0.204190    0.204190
1921   0.92196   0.00000    0.204087    0.204087
1922   0.92296   0.00000    0.204403    0.204403
1923   0.92396   0.00000    0.204300    0.204300
1924   0.92496   0.00000    0.204618    0.204618
1925   0.92596   0.00000    0.204516    0.204516
1926   0.92696   0.00000    0.204835    0.204835
1927   0.92796   0.00000    0.204735    0.204735
1928   0.92896   0.00000    0.205056    0.205056
1929   0.92997   0.00000    0.204956    0.204956
1930   0.93097   0.00000    0.205278    0.205278
1931   0.93197   0.00000    0.205179    0.205179
1932   0.93297   0.00000    0.205504    0.205504
1933   0.93397   0.00000    0.205405    0.205405
1934   0.93497   0.00000    0.205731    0.205731
1935   0.93597   0.00000    0.205634    0.205634
1936   0.93697   0.00000    0.205961    0.205961
1937   0.93797   0.00000    0.205864    0.205864
1938   0.93897   0.00000    0.206194    0.206194
1939   0.93997   0.00000    0.206098    0.206098
1940   0.94097   0.00000    0.206429    0.206429
1941   0.94197   0.00000    0.206333    0.206333
1942   0.94297   0.00000    0.206666    0.206666
1943   0.94397   0.00000    0.206572    0.206572
1944   0.94497   0.00000    0.206906    0.206906
1945   0.94597   0.00000    0.206812    0.206812
1946   0.94697   0.00000    0.207148    0.207148
1947   0.94797   0.00000    0.207055    0.207055
1948   0.94897   0.00000    0.207392    0.207392
1949   0.94998   0.00000    0.207300    0.207300
1950   0.95098   0.00000    0.207639    0.207639
1951   0.95198   0.00000    0.207548    0.207548
1952   0.95298   0.00000    0.207888    0.207888
1953   0.95398   0.00000    0.207798    0.207798
1954   0.95498   0.00000    0.208139    0.208139
1955   0.95598   0.00000    0.208050    0.208050
1956   0.95698   0.00000    0.208393    0.208393
1957   0.95798   0.00000    0.208304    0.208304
1958   0.95898   0.00000    0.208649    0.208649
1959   0.95998   0.00000    0.208561    0.208561
1960   0.96098   0.00000    0.208908    0.208908
1961   0.96198   0.00000    0.208820    0.208820
1962   0.96298   0.00000    0.209168    0.209168
1963   0.96398   0.00000    0.209082    0.209082
1964   0.96498   0.00000    0.209431    0.209431
1965   0.96598   0.00000    0.209345    0.209345
1966   0.96698   0.00000    0.209696    0.209696
1967   0.96798   0.00000    0.209611    0.209611
1968   0.96898   0.00000    0.209964    0.209964
1969   0.96999   0.00000    0.209880    0.209880
1970   0.97099   0.00000    0.210233    0.210233
1971   0.97199   0.00000    0.210150    0.210150
1972   0.97299   0.00000    0.210505    0.210505
1973   0.97399   0.00000    0.210423    0.210423
1974   0.97499   0.00000    0.210779    0.210779
1975   0.97599   0.00000    0.210698    0.210698
1976   0.97699   0.00000    0.211056    0.211056
1977   0.97799   0.00000    0.210975    0.210975
1978   0.97899   0.00000    0.211334    0.211334
1979   0.97999   0.00000    0.211254    0.211254
1980   0.98099   0.00000    0.211614    0.211614
1981   0.98199   0.00000    0.211535    0.211535
1982   0.98299   0.00000    0.211897    0.211897
1983   0.98399   0.00000    0.211818    0.211818
1984   0.98499   0.00000    0.212181    0.212181
1985   0.98599   0.00000    0.212104    0.212104
1986   0.98699   0.00000    0.212468    0.212468
1987   0.98799   0.00000    0.212391    0.212391
1988   0.98899   0.00000    0.212757    0.212757
1989   0.99000   0.00000    0.212681    0.212681
1990   0.99100   0.00000    0.213048    0.213048
1991   0.99200   0.00000    0.212973    0.212973
1992   0.99300   0.00000    0.213341    0.213341
1993   0.99400   0.00000    0.213266    0.213266
1994   0.99500   0.00000    0.213636    0.213636
1995   0.99600   0.00000    0.213562    0.213562
1996   0.99700   0.00000    0.213933    0.213933
1997   0.99800   0.00000    0.213860    0.213860
1998   0.99900   0.00000    0.214232    0.214232
1999   1.00000   0.00000    0.214160    0.214160
 
