 i       X     FEXACT   FI_UPWIND   ERR_UP
   0  -1.00000   0.00000    0.037984    0.037984
   1  -0.99900   0.01001    0.042973    0.032968
   2  -0.99800   0.02001    0.048361    0.028351
   3  -0.99700   0.03001    0.054145    0.024131
   4  -0.99600   0.04002    0.060318    0.020298
   5  -0.99500   0.05002    0.066869    0.016844
   6  -0.99400   0.06003    0.073786    0.013755
   7  -0.99300   0.07004    0.081050    0.011014
   8  -0.99200   0.08004    0.088642    0.008602
   9  -0.99100   0.09004    0.096540    0.006495
  10  -0.99000   0.10005    0.104722    0.004672
  11  -0.98899   0.11006    0.113162    0.003106
  12  -0.98799   0.12006    0.121836    0.001775
  13  -0.98699   0.13006    0.130719    0.000654
  14  -0.98599   0.14007    0.139787    0.000284
  15  -0.98499   0.15007    0.149017    0.001058
  16  -0.98399   0.16008    0.158388    0.001692
  17  -0.98299   0.17009    0.167878    0.002207
  18  -0.98199   0.18009    0.177470    0.002619
  19  -0.98099   0.19010    0.187147    0.002949
  20  -0.97999   0.20010    0.196893    0.003207
  21  -0.97899   0.21011    0.206697    0.003408
  22  -0.97799   0.22011    0.216548    0.003563
  23  -0.97699   0.23011    0.226435    0.003679
  24  -0.97599   0.24012    0.236351    0.003769
  25  -0.97499   0.25012    0.246290    0.003834
  26  -0.97399   0.26013    0.256247    0.003883
  27  -0.97299   0.27014    0.266217    0.003919
  28  -0.97199   0.28014    0.276196    0.003943
  29  -0.97099   0.29015    0.286183    0.003963
  30  -0.96999   0.30015    0.296176    0.003974
  31  -0.96898   0.31016    0.306172    0.003983
  32  -0.96798   0.32016    0.316171    0.003989
  33  -0.96698   0.33016    0.326172    0.003992
  34  -0.96598   0.34017    0.336175    0.003996
  35  -0.96498   0.35017    0.346178    0.003997
  36  -0.96398   0.36018    0.356182    0.003999
  37  -0.96298   0.37019    0.366186    0.004000
  38  -0.96198   0.38019    0.376190    0.003999
  39  -0.96098   0.39020    0.386194    0.004002
  40  -0.95998   0.40020    0.396199    0.004001
  41  -0.95898   0.41021    0.406203    0.004002
  42  -0.95798   0.42021    0.416207    0.004003
  43  -0.95698   0.43021    0.426212    0.004003
  44  -0.95598   0.44022    0.436216    0.004005
  45  -0.95498   0.45022    0.446221    0.004004
  46  -0.95398   0.46023    0.456225    0.004005
  47  -0.95298   0.47024    0.466230    0.004006
  48  -0.95198   0.48024    0.476234    0.004005
  49  -0.95098   0.49025    0.486239    0.004007
  50  -0.94998   0.50025    0.496243    0.004007
  51  -0.94897   0.51026    0.506247    0.004008
  52  -0.94797   0.52026    0.516252    0.004009
  53  -0.94697   0.53026    0.526256    0.004009
  54  -0.94597   0.54027    0.536260    0.004011
  55  -0.94497   0.55027    0.546264    0.004011
  56  -0.94397   0.56028    0.556268    0.004012
  57  -0.94297   0.57029    0.566272    0.004013
  58  -0.94197   0.58029    0.576277    0.004013
  59  -0.94097   0.59030    0.586281    0.004015
  60  -0.93997   0.60030    0.596285    0.004015
  61  -0.93897   0.61031    0.606289    0.004016
  62  -0.93797   0.62031    0.616293    0.004018
  63  -0.93697   0.63031    0.626295    0.004019
  64  -0.93597   0.64032    0.636297    0.004024
  65  -0.93497   0.65032    0.646296    0.004029
  66  -0.93397   0.66033    0.656294    0.004036
  67  -0.93297   0.67034    0.666288    0.004047
  68  -0.93197   0.68034    0.676278    0.004063
  69  -0.93097   0.69035    0.686262    0.004084
  70  -0.92996   0.70035    0.696238    0.004111
  71  -0.92896   0.71036    0.706205    0.004150
  72  -0.92796   0.72036    0.716158    0.004202
  73  -0.92696   0.73037    0.726095    0.004271
  74  -0.92596   0.74037    0.736009    0.004362
  75  -0.92496   0.75037    0.745895    0.004480
  76  -0.92396   0.76038    0.755745    0.004635
  77  -0.92296   0.77039    0.765549    0.004836
  78  -0.92196   0.78039    0.775298    0.005092
  79  -0.92096   0.79040    0.784977    0.005419
  80  -0.91996   0.80040    0.794571    0.005829
  81  -0.91896   0.81041    0.804060    0.006345
  82  -0.91796   0.82041    0.813424    0.006986
  83  -0.91696   0.83042    0.822639    0.007777
  84  -0.91596   0.84042    0.831676    0.008745
  85  -0.91496   0.85042    0.840504    0.009921
  86  -0.91396   0.86043    0.849088    0.011342
  87  -0.91296   0.87044    0.857393    0.013042
  88  -0.91196   0.88044    0.865376    0.015064
  89  -0.91096   0.89045    0.872995    0.017450
  90  -0.90995   0.90045    0.880206    0.020244
  91  -0.90895   0.91045    0.886960    0.023495
  92  -0.90795   0.92046    0.893213    0.027247
  93  -0.90695   0.93047    0.898916    0.031549
  94  -0.90595   0.94047    0.904025    0.036446
  95  -0.90495   0.95047    0.908495    0.041979
  96  -0.90395   0.96048    0.912288    0.048192
  97  -0.90295   0.97049    0.915367    0.055118
  98  -0.90195   0.98049    0.917702    0.062788
  99  -0.90095   0.99050    0.919269    0.071227
 100  -0.89995   0.99950    0.920051    0.079450
 101  -0.89895   0.98950    0.920037    0.069458
 102  -0.89795   0.97949    0.919227    0.060263
 103  -0.89695   0.96948    0.917625    0.051860
 104  -0.89595   0.95948    0.915246    0.044234
 105  -0.89495   0.94948    0.912110    0.037365
 106  -0.89395   0.93947    0.908247    0.031222
 107  -0.89295   0.92946    0.903690    0.025775
 108  -0.89195   0.91946    0.898479    0.020980
 109  -0.89095   0.90945    0.892658    0.016797
 110  -0.88994   0.89945    0.886273    0.013178
 111  -0.88894   0.88944    0.879373    0.010071
 112  -0.88794   0.87944    0.872008    0.007432
 113  -0.88694   0.86943    0.864226    0.005208
 114  -0.88594   0.85943    0.856077    0.003352
 115  -0.88494   0.84943    0.847607    0.001819
 116  -0.88394   0.83942    0.838858    0.000561
 117  -0.88294   0.82941    0.829871    0.000456
 118  -0.88194   0.81941    0.820683    0.001273
 119  -0.88094   0.80940    0.811327    0.001922
 120  -0.87994   0.79940    0.801832    0.002432
 121  -0.87894   0.78939    0.792223    0.002830
 122  -0.87794   0.77939    0.782524    0.003134
 123  -0.87694   0.76938    0.772751    0.003366
 124  -0.87594   0.75938    0.762920    0.003541
 125  -0.87494   0.74938    0.753045    0.003670
 126  -0.87394   0.73937    0.743136    0.003767
 127  -0.87294   0.72936    0.733200    0.003835
 128  -0.87194   0.71936    0.723245    0.003885
 129  -0.87094   0.70935    0.713275    0.003920
 130  -0.86993   0.69935    0.703294    0.003944
 131  -0.86893   0.68934    0.693306    0.003962
 132  -0.86793   0.67934    0.683313    0.003973
 133  -0.86693   0.66933    0.673315    0.003981
 134  -0.86593   0.65933    0.663315    0.003986
 135  -0.86493   0.64933    0.653314    0.003988
 136  -0.86393   0.63932    0.643311    0.003992
 137  -0.86293   0.62931    0.633307    0.003992
 138  -0.86193   0.61931    0.623303    0.003994
 139  -0.86093   0.60930    0.613299    0.003994
 140  -0.85993   0.59930    0.603295    0.003994
 141  -0.85893   0.58929    0.593290    0.003996
 142  -0.85793   0.57929    0.583286    0.003996
 143  -0.85693   0.56928    0.573282    0.003997
 144  -0.85593   0.55928    0.563277    0.003998
 145  -0.85493   0.54928    0.553273    0.003997
 146  -0.85393   0.53927    0.543269    0.004000
 147  -0.85293   0.52926    0.533264    0.003999
 148  -0.85193   0.51926    0.523260    0.004000
 149  -0.85093   0.50925    0.513255    0.004001
 150  -0.84992   0.49925    0.503251    0.004002
 151  -0.84892   0.48924    0.493247    0.004003
 152  -0.84792   0.47924    0.483242    0.004003
 153  -0.84692   0.46923    0.473238    0.004003
 154  -0.84592   0.45923    0.463234    0.004004
 155  -0.84492   0.44922    0.453229    0.004005
 156  -0.84392   0.43922    0.443225    0.004006
 157  -0.84292   0.42921    0.433221    0.004006
 158  -0.84192   0.41921    0.423216    0.004007
 159  -0.84092   0.40920    0.413212    0.004007
 160  -0.83992   0.39920    0.403208    0.004008
 161  -0.83892   0.38919    0.393203    0.004009
 162  -0.83792   0.37919    0.383199    0.004009
 163  -0.83692   0.36918    0.373195    0.004010
 164  -0.83592   0.35918    0.363192    0.004012
 165  -0.83492   0.34917    0.353190    0.004015
 166  -0.83392   0.33917    0.343188    0.004019
 167  -0.83292   0.32916    0.333189    0.004024
 168  -0.83192   0.31916    0.323191    0.004032
 169  -0.83092   0.30915    0.313197    0.004042
 170  -0.82991   0.29915    0.303206    0.004057
 171  -0.82891   0.28914    0.293221    0.004077
 172  -0.82791   0.27914    0.283242    0.004102
 173  -0.82691   0.26913    0.273272    0.004137
 174  -0.82591   0.25913    0.263313    0.004183
 175  -0.82491   0.24912    0.253368    0.004244
 176  -0.82391   0.23912    0.243442    0.004323
 177  -0.82291   0.22912    0.233538    0.004423
 178  -0.82191   0.21911    0.223663    0.004553
 179  -0.82091   0.20910    0.213823    0.004718
 180  -0.81991   0.19910    0.204026    0.004926
 181  -0.81891   0.18909    0.194281    0.005187
 182  -0.81791   0.17909    0.184600    0.005510
 183  -0.81691   0.16908    0.174994    0.005910
 184  -0.81591   0.15908    0.165478    0.006399
 185  -0.81491   0.14907    0.156068    0.006993
 186  -0.81391   0.13907    0.146779    0.007710
 187  -0.81291   0.12907    0.137632    0.008567
 188  -0.81191   0.11906    0.128646    0.009587
 189  -0.81091   0.10905    0.119844    0.010789
 190  -0.80990   0.09905    0.111247    0.012198
 191  -0.80890   0.08904    0.102879    0.013835
 192  -0.80790   0.07904    0.094763    0.015723
 193  -0.80690   0.06903    0.086924    0.017889
 194  -0.80590   0.05903    0.079382    0.020353
 195  -0.80490   0.04902    0.072161    0.023136
 196  -0.80390   0.03902    0.065279    0.026260
 197  -0.80290   0.02902    0.058756    0.029740
 198  -0.80190   0.01901    0.052604    0.033596
 199  -0.80090   0.00900    0.046838    0.037833
 200  -0.79990   0.00000    0.041464    0.041464
 201  -0.79890   0.00000    0.036488    0.036488
 202  -0.79790   0.00000    0.031911    0.031911
 203  -0.79690   0.00000    0.027729    0.027729
 204  -0.79590   0.00000    0.023935    0.023935
 205  -0.79490   0.00000    0.020519    0.020519
 206  -0.79390   0.00000    0.017466    0.017466
 207  -0.79290   0.00000    0.014759    0.014759
 208  -0.79190   0.00000    0.012378    0.012378
 209  -0.79090   0.00000    0.010301    0.010301
 210  -0.78989   0.00000    0.008504    0.008504
 211  -0.78889   0.00000    0.006964    0.006964
 212  -0.78789   0.00000    0.005655    0.005655
 213  -0.78689   0.00000    0.004553    0.004553
 214  -0.78589   0.00000    0.003634    0.003634
 215  -0.78489   0.00000    0.002874    0.002874
 216  -0.78389   0.00000    0.002252    0.002252
 217  -0.78289   0.00000    0.001749    0.001749
 218  -0.78189   0.00000    0.001345    0.001345
 219  -0.78089   0.00000    0.001024    0.001024
 220  -0.77989   0.00000    0.000772    0.000772
 221  -0.77889   0.00000    0.000576    0.000576
 222  -0.77789   0.00000    0.000426    0.000426
 223  -0.77689   0.00000    0.000311    0.000311
 224  -0.77589   0.00000    0.000225    0.000225
 225  -0.77489   0.00000    0.000161    0.000161
 226  -0.77389   0.00000    0.000114    0.000114
 227  -0.77289   0.00000    0.000080    0.000080
 228  -0.77189   0.00000    0.000055    0.000055
 229  -0.77089   0.00000    0.000038    0.000038
 230  -0.76988   0.00000    0.000025    0.000025
 231  -0.76888   0.00000    0.000017    0.000017
 232  -0.76788   0.00000    0.000011    0.000011
 233  -0.76688   0.00000    0.000007    0.000007
 234  -0.76588   0.00000    0.000005    0.000005
 235  -0.76488   0.00000    0.000003    0.000003
 236  -0.76388   0.00000    0.000002    0.000002
 237  -0.76288   0.00000    0.000001    0.000001
 238  -0.76188   0.00000    0.000001    0.000001
 239  -0.76088   0.00000    0.000000    0.000000
 240  -0.75988   0.00000    0.000000    0.000000
 241  -0.75888   0.00000    0.000000    0.000000
 242  -0.75788   0.00000    0.000000    0.000000
 243  -0.75688   0.00000    0.000000    0.000000
 244  -0.75588   0.00000    0.000000    0.000000
 245  -0.75488   0.00000    0.000000    0.000000
 246  -0.75388   0.00000    0.000000    0.000000
 247  -0.75288   0.00000    0.000000    0.000000
 248  -0.75188   0.00000    0.000000    0.000000
 249  -0.75088   0.00000    0.000000    0.000000
 250  -0.74987   0.00000    0.000000    0.000000
 251  -0.74887   0.00000    0.000000    0.000000
 252  -0.74787   0.00000    0.000000    0.000000
 253  -0.74687   0.00000    0.000000    0.000000
 254  -0.74587   0.00000    0.000000    0.000000
 255  -0.74487   0.00000    0.000000    0.000000
 256  -0.74387   0.00000    0.000000    0.000000
 257  -0.74287   0.00000    0.000000    0.000000
 258  -0.74187   0.00000    0.000000    0.000000
 259  -0.74087   0.00000    0.000000    0.000000
 260  -0.73987   0.00000    0.000000    0.000000
 261  -0.73887   0.00000    0.000000    0.000000
 262  -0.73787   0.00000    0.000000    0.000000
 263  -0.73687   0.00000    0.000000    0.000000
 264  -0.73587   0.00000    0.000000    0.000000
 265  -0.73487   0.00000    0.000000    0.000000
 266  -0.73387   0.00000    0.000000    0.000000
 267  -0.73287   0.00000    0.000000    0.000000
 268  -0.73187   0.00000    0.000000    0.000000
 269  -0.73087   0.00000    0.000000    0.000000
 270  -0.72986   0.00000    0.000000    0.000000
 271  -0.72886   0.00000    0.000000    0.000000
 272  -0.72786   0.00000    0.000000    0.000000
 273  -0.72686   0.00000    0.000000    0.000000
 274  -0.72586   0.00000    0.000000    0.000000
 275  -0.72486   0.00000    0.000000    0.000000
 276  -0.72386   0.00000    0.000000    0.000000
 277  -0.72286   0.00000    0.000000    0.000000
 278  -0.72186   0.00000    0.000000    0.000000
 279  -0.72086   0.00000    0.000000    0.000000
 280  -0.71986   0.00000    0.000000    0.000000
 281  -0.71886   0.00000    0.000000    0.000000
 282  -0.71786   0.00000    0.000000    0.000000
 283  -0.71686   0.00000    0.000000    0.000000
 284  -0.71586   0.00000    0.000000    0.000000
 285  -0.71486   0.00000    0.000000    0.000000
 286  -0.71386   0.00000    0.000000    0.000000
 287  -0.71286   0.00000    0.000000    0.000000
 288  -0.71186   0.00000    0.000000    0.000000
 289  -0.71086   0.00000    0.000000    0.000000
 290  -0.70985   0.00000    0.000000    0.000000
 291  -0.70885   0.00000    0.000000    0.000000
 292  -0.70785   0.00000    0.000000    0.000000
 293  -0.70685   0.00000    0.000000    0.000000
 294  -0.70585   0.00000    0.000000    0.000000
 295  -0.70485   0.00000    0.000000    0.000000
 296  -0.70385   0.00000    0.000000    0.000000
 297  -0.70285   0.00000    0.000000    0.000000
 298  -0.70185   0.00000    0.000000    0.000000
 299  -0.70085   0.00000    0.000000    0.000000
 300  -0.69985   0.00000    0.000000    0.000000
 301  -0.69885   0.00000    0.000000    0.000000
 302  -0.69785   0.00000    0.000000    0.000000
 303  -0.69685   0.00000    0.000000    0.000000
 304  -0.69585   0.00000    0.000000    0.000000
 305  -0.69485   0.00000    0.000000    0.000000
 306  -0.69385   0.00000    0.000000    0.000000
 307  -0.69285   0.00000    0.000000    0.000000
 308  -0.69185   0.00000    0.000000    0.000000
 309  -0.69085   0.00000    0.000000    0.000000
 310  -0.68984   0.00000    0.000000    0.000000
 311  -0.68884   0.00000    0.000000    0.000000
 312  -0.68784   0.00000    0.000000    0.000000
 313  -0.68684   0.00000    0.000000    0.000000
 314  -0.68584   0.00000    0.000000    0.000000
 315  -0.68484   0.00000    0.000000    0.000000
 316  -0.68384   0.00000    0.000000    0.000000
 317  -0.68284   0.00000    0.000000    0.000000
 318  -0.68184   0.00000    0.000000    0.000000
 319  -0.68084   0.00000    0.000000    0.000000
 320  -0.67984   0.00000    0.000000    0.000000
 321  -0.67884   0.00000    0.000000    0.000000
 322  -0.67784   0.00000    0.000000    0.000000
 323  -0.67684   0.00000    0.000000    0.000000
 324  -0.67584   0.00000    0.000000    0.000000
 325  -0.67484   0.00000    0.000000    0.000000
 326  -0.67384   0.00000    0.000000    0.000000
 327  -0.67284   0.00000    0.000000    0.000000
 328  -0.67184   0.00000    0.000000    0.000000
 329  -0.67084   0.00000    0.000000    0.000000
 330  -0.66983   0.00000    0.000000    0.000000
 331  -0.66883   0.00000    0.000000    0.000000
 332  -0.66783   0.00000    0.000000    0.000000
 333  -0.66683   0.00000    0.000000    0.000000
 334  -0.66583   0.00000    0.000000    0.000000
 335  -0.66483   0.00000    0.000000    0.000000
 336  -0.66383   0.00000    0.000000    0.000000
 337  -0.66283   0.00000    0.000000    0.000000
 338  -0.66183   0.00000    0.000000    0.000000
 339  -0.66083   0.00000    0.000000    0.000000
 340  -0.65983   0.00000    0.000000    0.000000
 341  -0.65883   0.00000    0.000000    0.000000
 342  -0.65783   0.00000    0.000000    0.000000
 343  -0.65683   0.00000    0.000000    0.000000
 344  -0.65583   0.00000    0.000000    0.000000
 345  -0.65483   0.00000    0.000000    0.000000
 346  -0.65383   0.00000    0.000000    0.000000
 347  -0.65283   0.00000    0.000000    0.000000
 348  -0.65183   0.00000    0.000000    0.000000
 349  -0.65083   0.00000    0.000000    0.000000
 350  -0.64982   0.00000    0.000000    0.000000
 351  -0.64882   0.00000    0.000000    0.000000
 352  -0.64782   0.00000    0.000000    0.000000
 353  -0.64682   0.00000    0.000001    0.000001
 354  -0.64582   0.00000    0.000001    0.000001
 355  -0.64482   0.00000    0.000002    0.000002
 356  -0.64382   0.00000    0.000002    0.000002
 357  -0.64282   0.00000    0.000004    0.000004
 358  -0.64182   0.00000    0.000006    0.000006
 359  -0.64082   0.00000    0.000008    0.000008
 360  -0.63982   0.00000    0.000012    0.000012
 361  -0.63882   0.00000    0.000018    0.000018
 362  -0.63782   0.00000    0.000025    0.000025
 363  -0.63682   0.00000    0.000037    0.000037
 364  -0.63582   0.00000    0.000052    0.000052
 365  -0.63482   0.00000    0.000074    0.000074
 366  -0.63382   0.00000    0.000104    0.000104
 367  -0.63282   0.00000    0.000146    0.000146
 368  -0.63182   0.00000    0.000202    0.000202
 369  -0.63082   0.00000    0.000278    0.000278
 370  -0.62981   0.00000    0.000381    0.000381
 371  -0.62881   0.00000    0.000518    0.000518
 372  -0.62781   0.00000    0.000698    0.000698
 373  -0.62681   0.00000    0.000935    0.000935
 374  -0.62581   0.00000    0.001243    0.001243
 375  -0.62481   0.00000    0.001641    0.001641
 376  -0.62381   0.00000    0.002151    0.002151
 377  -0.62281   0.00000    0.002799    0.002799
 378  -0.62181   0.00000    0.003616    0.003616
 379  -0.62081   0.00000    0.004639    0.004639
 380  -0.61981   0.00000    0.005908    0.005908
 381  -0.61881   0.00000    0.007470    0.007470
 382  -0.61781   0.00000    0.009379    0.009379
 383  -0.61681   0.00000    0.011691    0.011691
 384  -0.61581   0.00000    0.014470    0.014470
 385  -0.61481   0.00000    0.017784    0.017784
 386  -0.61381   0.00000    0.021703    0.021703
 387  -0.61281   0.00000    0.026302    0.026302
 388  -0.61181   0.00000    0.031653    0.031653
 389  -0.61081   0.00000    0.037831    0.037831
 390  -0.60980   0.00000    0.044905    0.044905
 391  -0.60880   0.00000    0.052941    0.052941
 392  -0.60780   0.00000    0.061996    0.061996
 393  -0.60680   0.00000    0.072119    0.072119
 394  -0.60580   0.00000    0.083344    0.083344
 395  -0.60480   0.00000    0.095694    0.095694
 396  -0.60380   0.00000    0.109174    0.109174
 397  -0.60280   0.00000    0.123773    0.123773
 398  -0.60180   0.00000    0.139461    0.139461
 399  -0.60080   0.00000    0.156192    0.156192
 400  -0.59980   0.06323    0.173900    0.110665
 401  -0.59880   0.15450    0.192502    0.038006
 402  -0.59780   0.20866    0.211901    0.003241
 403  -0.59680   0.25101    0.231988    0.019023
 404  -0.59580   0.28684    0.252642    0.034197
 405  -0.59480   0.31835    0.273734    0.044614
 406  -0.59380   0.34672    0.295135    0.051585
 407  -0.59280   0.37267    0.316712    0.055960
 408  -0.59180   0.39667    0.338335    0.058340
 409  -0.59080   0.41907    0.359882    0.059188
 410  -0.58979   0.44010    0.381237    0.058863
 411  -0.58879   0.45995    0.402296    0.057657
 412  -0.58779   0.47877    0.422968    0.055806
 413  -0.58679   0.49668    0.443174    0.053505
 414  -0.58579   0.51377    0.462851    0.050917
 415  -0.58479   0.53012    0.481949    0.048169
 416  -0.58379   0.54580    0.500433    0.045362
 417  -0.58279   0.56086    0.518281    0.042575
 418  -0.58179   0.57535    0.535480    0.039867
 419  -0.58079   0.58931    0.552032    0.037282
 420  -0.57979   0.60279    0.567943    0.034848
 421  -0.57879   0.61581    0.583230    0.032581
 422  -0.57779   0.62840    0.597913    0.030489
 423  -0.57679   0.64059    0.612018    0.028571
 424  -0.57579   0.65240    0.625571    0.026824
 425  -0.57479   0.66384    0.638601    0.025239
 426  -0.57379   0.67494    0.651139    0.023805
 427  -0.57279   0.68572    0.663213    0.022510
 428  -0.57179   0.69619    0.674850    0.021338
 429  -0.57079   0.70636    0.686078    0.020281
 430  -0.56978   0.71625    0.696921    0.019324
 431  -0.56878   0.72586    0.707403    0.018456
 432  -0.56778   0.73521    0.717544    0.017667
 433  -0.56678   0.74431    0.727364    0.016946
 434  -0.56578   0.75317    0.736880    0.016287
 435  -0.56478   0.76179    0.746108    0.015682
 436  -0.56378   0.77019    0.755062    0.015125
 437  -0.56278   0.77836    0.763755    0.014609
 438  -0.56178   0.78633    0.772199    0.014129
 439  -0.56078   0.79409    0.780403    0.013684
 440  -0.55978   0.80165    0.788379    0.013268
 441  -0.55878   0.80901    0.796133    0.012878
 442  -0.55778   0.81619    0.803674    0.012512
 443  -0.55678   0.82318    0.811010    0.012167
 444  -0.55578   0.82999    0.818147    0.011843
 445  -0.55478   0.83663    0.825090    0.011536
 446  -0.55378   0.84309    0.831846    0.011246
 447  -0.55278   0.84939    0.838420    0.010971
 448  -0.55178   0.85553    0.844817    0.010709
 449  -0.55078   0.86150    0.851042    0.010460
 450  -0.54977   0.86732    0.857097    0.010224
 451  -0.54877   0.87299    0.862989    0.009998
 452  -0.54777   0.87850    0.868719    0.009783
 453  -0.54677   0.88387    0.874293    0.009577
 454  -0.54577   0.88909    0.879712    0.009380
 455  -0.54477   0.89417    0.884981    0.009191
 456  -0.54377   0.89911    0.890102    0.009010
 457  -0.54277   0.90391    0.895077    0.008837
 458  -0.54177   0.90858    0.899911    0.008670
 459  -0.54077   0.91311    0.904604    0.008510
 460  -0.53977   0.91752    0.909160    0.008356
 461  -0.53877   0.92179    0.913581    0.008208
 462  -0.53777   0.92593    0.917868    0.008065
 463  -0.53677   0.92995    0.922023    0.007927
 464  -0.53577   0.93384    0.926050    0.007795
 465  -0.53477   0.93762    0.929949    0.007667
 466  -0.53377   0.94127    0.933722    0.007543
 467  -0.53277   0.94479    0.937371    0.007424
 468  -0.53177   0.94820    0.940897    0.007308
 469  -0.53077   0.95150    0.944301    0.007197
 470  -0.52976   0.95468    0.947586    0.007089
 471  -0.52876   0.95774    0.950752    0.006985
 472  -0.52776   0.96069    0.953801    0.006884
 473  -0.52676   0.96352    0.956734    0.006787
 474  -0.52576   0.96624    0.959552    0.006693
 475  -0.52476   0.96886    0.962255    0.006601
 476  -0.52376   0.97136    0.964846    0.006512
 477  -0.52276   0.97375    0.967325    0.006426
 478  -0.52176   0.97604    0.969693    0.006343
 479  -0.52076   0.97821    0.971951    0.006262
 480  -0.51976   0.98028    0.974099    0.006184
 481  -0.51876   0.98225    0.976139    0.006108
 482  -0.51776   0.98410    0.978070    0.006034
 483  -0.51676   0.98586    0.979895    0.005963
 484  -0.51576   0.98751    0.981613    0.005894
 485  -0.51476   0.98905    0.983224    0.005827
 486  -0.51376   0.99049    0.984730    0.005762
 487  -0.51276   0.99183    0.986132    0.005699
 488  -0.51176   0.99307    0.987428    0.005638
 489  -0.51076   0.99420    0.988621    0.005579
 490  -0.50975   0.99523    0.989709    0.005522
 491  -0.50875   0.99616    0.990694    0.005466
 492  -0.50775   0.99699    0.991577    0.005413
 493  -0.50675   0.99772    0.992356    0.005361
 494  -0.50575   0.99834    0.993033    0.005311
 495  -0.50475   0.99887    0.993607    0.005263
 496  -0.50375   0.99930    0.994079    0.005217
 497  -0.50275   0.99962    0.994450    0.005172
 498  -0.50175   0.99985    0.994718    0.005129
 499  -0.50075   0.99997    0.994885    0.005087
 500  -0.49975   1.00000    0.994951    0.005046
 501  -0.49875   0.99992    0.994915    0.005006
 502  -0.49775   0.99975    0.994778    0.004969
 503  -0.49675   0.99947    0.994539    0.004932
 504  -0.49575   0.99910    0.994199    0.004897
 505  -0.49475   0.99862    0.993756    0.004864
 506  -0.49375   0.99804    0.993211    0.004832
 507  -0.49275   0.99737    0.992564    0.004802
 508  -0.49175   0.99659    0.991814    0.004773
 509  -0.49075   0.99571    0.990962    0.004746
 510  -0.48974   0.99473    0.990007    0.004721
 511  -0.48874   0.99365    0.988948    0.004697
 512  -0.48774   0.99246    0.987786    0.004675
 513  -0.48674   0.99117    0.986520    0.004655
 514  -0.48574   0.98978    0.985149    0.004636
 515  -0.48474   0.98829    0.983673    0.004619
 516  -0.48374   0.98670    0.982092    0.004603
 517  -0.48274   0.98499    0.980405    0.004589
 518  -0.48174   0.98319    0.978612    0.004577
 519  -0.48074   0.98128    0.976711    0.004567
 520  -0.47974   0.97926    0.974703    0.004559
 521  -0.47874   0.97714    0.972586    0.004552
 522  -0.47774   0.97491    0.970360    0.004547
 523  -0.47674   0.97257    0.968024    0.004544
 524  -0.47574   0.97012    0.965577    0.004544
 525  -0.47474   0.96756    0.963019    0.004545
 526  -0.47374   0.96490    0.960347    0.004549
 527  -0.47274   0.96212    0.957562    0.004555
 528  -0.47174   0.95923    0.954663    0.004563
 529  -0.47074   0.95622    0.951647    0.004573
 530  -0.46973   0.95310    0.948515    0.004587
 531  -0.46873   0.94987    0.945264    0.004602
 532  -0.46773   0.94651    0.941893    0.004622
 533  -0.46673   0.94304    0.938402    0.004643
 534  -0.46573   0.93946    0.934788    0.004668
 535  -0.46473   0.93575    0.931050    0.004696
 536  -0.46373   0.93191    0.927187    0.004726
 537  -0.46273   0.92796    0.923196    0.004761
 538  -0.46173   0.92388    0.919077    0.004800
 539  -0.46073   0.91967    0.914826    0.004842
 540  -0.45973   0.91533    0.910443    0.004889
 541  -0.45873   0.91086    0.905925    0.004939
 542  -0.45773   0.90626    0.901270    0.004995
 543  -0.45673   0.90153    0.896475    0.005055
 544  -0.45573   0.89666    0.891538    0.005121
 545  -0.45473   0.89165    0.886457    0.005193
 546  -0.45373   0.88650    0.881228    0.005270
 547  -0.45273   0.88120    0.875849    0.005355
 548  -0.45173   0.87576    0.870317    0.005446
 549  -0.45073   0.87017    0.864628    0.005545
 550  -0.44972   0.86443    0.858779    0.005652
 551  -0.44872   0.85853    0.852766    0.005768
 552  -0.44772   0.85248    0.846585    0.005894
 553  -0.44672   0.84626    0.840233    0.006030
 554  -0.44572   0.83988    0.833703    0.006177
 555  -0.44472   0.83333    0.826992    0.006338
 556  -0.44372   0.82661    0.820093    0.006512
 557  -0.44272   0.81970    0.813003    0.006702
 558  -0.44172   0.81262    0.805713    0.006909
 559  -0.44072   0.80535    0.798218    0.007134
 560  -0.43972   0.79789    0.790510    0.007382
 561  -0.43872   0.79023    0.782581    0.007651
 562  -0.43772   0.78237    0.774423    0.007949
 563  -0.43672   0.77430    0.766027    0.008275
 564  -0.43572   0.76602    0.757381    0.008635
 565  -0.43472   0.75751    0.748474    0.009034
 566  -0.43372   0.74877    0.739295    0.009473
 567  -0.43272   0.73979    0.729830    0.009962
 568  -0.43172   0.73057    0.720062    0.010504
 569  -0.43072   0.72108    0.709978    0.011107
 570  -0.42971   0.71134    0.699558    0.011779
 571  -0.42871   0.70131    0.688784    0.012525
 572  -0.42771   0.69099    0.677635    0.013358
 573  -0.42671   0.68037    0.666090    0.014283
 574  -0.42571   0.66943    0.654125    0.015309
 575  -0.42471   0.65816    0.641717    0.016446
 576  -0.42371   0.64654    0.628840    0.017697
 577  -0.42271   0.63454    0.615471    0.019073
 578  -0.42171   0.62216    0.601585    0.020573
 579  -0.42071   0.60936    0.587158    0.022198
 580  -0.41971   0.59611    0.572169    0.023944
 581  -0.41871   0.58239    0.556599    0.025795
 582  -0.41771   0.56817    0.540433    0.027737
 583  -0.41671   0.55340    0.523663    0.029736
 584  -0.41571   0.53804    0.506285    0.031751
 585  -0.41471   0.52203    0.488305    0.033728
 586  -0.41371   0.50532    0.469735    0.035585
 587  -0.41271   0.48783    0.450601    0.037233
 588  -0.41171   0.46948    0.430939    0.038544
 589  -0.41071   0.45016    0.410795    0.039368
 590  -0.40970   0.42974    0.390230    0.039512
 591  -0.40870   0.40806    0.369318    0.038738
 592  -0.40770   0.38489    0.348143    0.036749
 593  -0.40670   0.35996    0.326805    0.033159
 594  -0.40570   0.33287    0.305409    0.027464
 595  -0.40470   0.30304    0.284073    0.018970
 596  -0.40370   0.26957    0.262919    0.006646
 597  -0.40270   0.23086    0.242075    0.011211
 598  -0.40170   0.18365    0.221667    0.038016
 599  -0.40070   0.11814    0.201823    0.083681
 600  -0.39970   0.00000    0.182662    0.182662
 601  -0.39870   0.00000    0.164295    0.164295
 602  -0.39770   0.00000    0.146824    0.146824
 603  -0.39670   0.00000    0.130334    0.130334
 604  -0.39570   0.00000    0.114896    0.114896
 605  -0.39470   0.00000    0.100564    0.100564
 606  -0.39370   0.00000    0.087370    0.087370
 607  -0.39270   0.00000    0.075330    0.075330
 608  -0.39170   0.00000    0.064442    0.064442
 609  -0.39070   0.00000    0.054684    0.054684
 610  -0.38969   0.00000    0.046021    0.046021
 611  -0.38869   0.00000    0.038404    0.038404
 612  -0.38769   0.00000    0.031769    0.031769
 613  -0.38669   0.00000    0.026048    0.026048
 614  -0.38569   0.00000    0.021163    0.021163
 615  -0.38469   0.00000    0.017036    0.017036
 616  -0.38369   0.00000    0.013583    0.013583
 617  -0.38269   0.00000    0.010726    0.010726
 618  -0.38169   0.00000    0.008387    0.008387
 619  -0.38069   0.00000    0.006492    0.006492
 620  -0.37969   0.00000    0.004974    0.004974
 621  -0.37869   0.00000    0.003771    0.003771
 622  -0.37769   0.00000    0.002829    0.002829
 623  -0.37669   0.00000    0.002100    0.002100
 624  -0.37569   0.00000    0.001541    0.001541
 625  -0.37469   0.00000    0.001119    0.001119
 626  -0.37369   0.00000    0.000803    0.000803
 627  -0.37269   0.00000    0.000570    0.000570
 628  -0.37169   0.00000    0.000399    0.000399
 629  -0.37069   0.00000    0.000277    0.000277
 630  -0.36968   0.00000    0.000189    0.000189
 631  -0.36868   0.00000    0.000128    0.000128
 632  -0.36768   0.00000    0.000085    0.000085
 633  -0.36668   0.00000    0.000056    0.000056
 634  -0.36568   0.00000    0.000037    0.000037
 635  -0.36468   0.00000    0.000024    0.000024
 636  -0.36368   0.00000    0.000015    0.000015
 637  -0.36268   0.00000    0.000009    0.000009
 638  -0.36168   0.00000    0.000006    0.000006
 639  -0.36068   0.00000    0.000004    0.000004
 640  -0.35968   0.00000    0.000002    0.000002
 641  -0.35868   0.00000    0.000001    0.000001
 642  -0.35768   0.00000    0.000001    0.000001
 643  -0.35668   0.00000    0.000000    0.000000
 644  -0.35568   0.00000    0.000000    0.000000
 645  -0.35468   0.00000    0.000000    0.000000
 646  -0.35368   0.00000    0.000000    0.000000
 647  -0.35268   0.00000    0.000000    0.000000
 648  -0.35168   0.00000    0.000000    0.000000
 649  -0.35068   0.00000    0.000000    0.000000
 650  -0.34967   0.00000    0.000000    0.000000
 651  -0.34867   0.00000    0.000000    0.000000
 652  -0.34767   0.00000    0.000000    0.000000
 653  -0.34667   0.00000    0.000000    0.000000
 654  -0.34567   0.00000    0.000000    0.000000
 655  -0.34467   0.00000    0.000000    0.000000
 656  -0.34367   0.00000    0.000000    0.000000
 657  -0.34267   0.00000    0.000000    0.000000
 658  -0.34167   0.00000    0.000000    0.000000
 659  -0.34067   0.00000    0.000000    0.000000
 660  -0.33967   0.00000    0.000000    0.000000
 661  -0.33867   0.00000    0.000000    0.000000
 662  -0.33767   0.00000    0.000000    0.000000
 663  -0.33667   0.00000    0.000000    0.000000
 664  -0.33567   0.00000    0.000000    0.000000
 665  -0.33467   0.00000    0.000000    0.000000
 666  -0.33367   0.00000    0.000000    0.000000
 667  -0.33267   0.00000    0.000000    0.000000
 668  -0.33167   0.00000    0.000000    0.000000
 669  -0.33067   0.00000    0.000000    0.000000
 670  -0.32966   0.00000    0.000000    0.000000
 671  -0.32866   0.00000    0.000000    0.000000
 672  -0.32766   0.00000    0.000000    0.000000
 673  -0.32666   0.00000    0.000000    0.000000
 674  -0.32566   0.00000    0.000000    0.000000
 675  -0.32466   0.00000    0.000000    0.000000
 676  -0.32366   0.00000    0.000000    0.000000
 677  -0.32266   0.00000    0.000000    0.000000
 678  -0.32166   0.00000    0.000000    0.000000
 679  -0.32066   0.00000    0.000000    0.000000
 680  -0.31966   0.00000    0.000000    0.000000
 681  -0.31866   0.00000    0.000000    0.000000
 682  -0.31766   0.00000    0.000000    0.000000
 683  -0.31666   0.00000    0.000000    0.000000
 684  -0.31566   0.00000    0.000000    0.000000
 685  -0.31466   0.00000    0.000000    0.000000
 686  -0.31366   0.00000    0.000000    0.000000
 687  -0.31266   0.00000    0.000000    0.000000
 688  -0.31166   0.00000    0.000000    0.000000
 689  -0.31066   0.00000    0.000000    0.000000
 690  -0.30965   0.00000    0.000000    0.000000
 691  -0.30865   0.00000    0.000000    0.000000
 692  -0.30765   0.00000    0.000000    0.000000
 693  -0.30665   0.00000    0.000000    0.000000
 694  -0.30565   0.00000    0.000000    0.000000
 695  -0.30465   0.00000    0.000000    0.000000
 696  -0.30365   0.00000    0.000000    0.000000
 697  -0.30265   0.00000    0.000000    0.000000
 698  -0.30165   0.00000    0.000000    0.000000
 699  -0.30065   0.00000    0.000000    0.000000
 700  -0.29965   0.00000    0.000000    0.000000
 701  -0.29865   0.00000    0.000000    0.000000
 702  -0.29765   0.00000    0.000000    0.000000
 703  -0.29665   0.00000    0.000000    0.000000
 704  -0.29565   0.00000    0.000000    0.000000
 705  -0.29465   0.00000    0.000000    0.000000
 706  -0.29365   0.00000    0.000000    0.000000
 707  -0.29265   0.00000    0.000000    0.000000
 708  -0.29165   0.00000    0.000000    0.000000
 709  -0.29065   0.00000    0.000000    0.000000
 710  -0.28964   0.00000    0.000000    0.000000
 711  -0.28864   0.00000    0.000000    0.000000
 712  -0.28764   0.00000    0.000000    0.000000
 713  -0.28664   0.00000    0.000000    0.000000
 714  -0.28564   0.00000    0.000000    0.000000
 715  -0.28464   0.00000    0.000000    0.000000
 716  -0.28364   0.00000    0.000000    0.000000
 717  -0.28264   0.00000    0.000000    0.000000
 718  -0.28164   0.00000    0.000000    0.000000
 719  -0.28064   0.00000    0.000000    0.000000
 720  -0.27964   0.00000    0.000000    0.000000
 721  -0.27864   0.00000    0.000000    0.000000
 722  -0.27764   0.00000    0.000000    0.000000
 723  -0.27664   0.00000    0.000000    0.000000
 724  -0.27564   0.00000    0.000000    0.000000
 725  -0.27464   0.00000    0.000000    0.000000
 726  -0.27364   0.00000    0.000000    0.000000
 727  -0.27264   0.00000    0.000000    0.000000
 728  -0.27164   0.00000    0.000000    0.000000
 729  -0.27064   0.00000    0.000000    0.000000
 730  -0.26963   0.00000    0.000000    0.000000
 731  -0.26863   0.00000    0.000000    0.000000
 732  -0.26763   0.00000    0.000000    0.000000
 733  -0.26663   0.00000    0.000000    0.000000
 734  -0.26563   0.00000    0.000000    0.000000
 735  -0.26463   0.00000    0.000000    0.000000
 736  -0.26363   0.00000    0.000000    0.000000
 737  -0.26263   0.00000    0.000000    0.000000
 738  -0.26163   0.00000    0.000000    0.000000
 739  -0.26063   0.00000    0.000000    0.000000
 740  -0.25963   0.00000    0.000000    0.000000
 741  -0.25863   0.00000    0.000000    0.000000
 742  -0.25763   0.00000    0.000000    0.000000
 743  -0.25663   0.00000    0.000000    0.000000
 744  -0.25563   0.00000    0.000000    0.000000
 745  -0.25463   0.00000    0.000000    0.000000
 746  -0.25363   0.00000    0.000000    0.000000
 747  -0.25263   0.00000    0.000000    0.000000
 748  -0.25163   0.00000    0.000000    0.000000
 749  -0.25063   0.00000    0.000000    0.000000
 750  -0.24962   0.00000    0.000000    0.000000
 751  -0.24862   0.00000    0.000000    0.000000
 752  -0.24762   0.00000    0.000000    0.000000
 753  -0.24662   0.00000    0.000000    0.000000
 754  -0.24562   0.00000    0.000000    0.000000
 755  -0.24462   0.00000    0.000000    0.000000
 756  -0.24362   0.00000    0.000000    0.000000
 757  -0.24262   0.00000    0.000000    0.000000
 758  -0.24162   0.00000    0.000000    0.000000
 759  -0.24062   0.00000    0.000000    0.000000
 760  -0.23962   0.00000    0.000000    0.000000
 761  -0.23862   0.00000    0.000000    0.000000
 762  -0.23762   0.00000    0.000000    0.000000
 763  -0.23662   0.00000    0.000000    0.000000
 764  -0.23562   0.00000    0.000000    0.000000
 765  -0.23462   0.00000    0.000000    0.000000
 766  -0.23362   0.00000    0.000000    0.000000
 767  -0.23262   0.00000    0.000000    0.000000
 768  -0.23162   0.00000    0.000000    0.000000
 769  -0.23062   0.00000    0.000000    0.000000
 770  -0.22961   0.00000    0.000000    0.000000
 771  -0.22861   0.00000    0.000000    0.000000
 772  -0.22761   0.00000    0.000000    0.000000
 773  -0.22661   0.00000    0.000000    0.000000
 774  -0.22561   0.00000    0.000000    0.000000
 775  -0.22461   0.00000    0.000000    0.000000
 776  -0.22361   0.00000    0.000000    0.000000
 777  -0.22261   0.00000    0.000000    0.000000
 778  -0.22161   0.00000    0.000000    0.000000
 779  -0.22061   0.00000    0.000000    0.000000
 780  -0.21961   0.00000    0.000000    0.000000
 781  -0.21861   0.00000    0.000000    0.000000
 782  -0.21761   0.00000    0.000000    0.000000
 783  -0.21661   0.00000    0.000000    0.000000
 784  -0.21561   0.00000    0.000000    0.000000
 785  -0.21461   0.00000    0.000000    0.000000
 786  -0.21361   0.00000    0.000000    0.000000
 787  -0.21261   0.00000    0.000000    0.000000
 788  -0.21161   0.00000    0.000000    0.000000
 789  -0.21061   0.00000    0.000000    0.000000
 790  -0.20960   0.00000    0.000000    0.000000
 791  -0.20860   0.00000    0.000000    0.000000
 792  -0.20760   0.00000    0.000000    0.000000
 793  -0.20660   0.00000    0.000000    0.000000
 794  -0.20560   0.00000    0.000000    0.000000
 795  -0.20460   0.00000    0.000000    0.000000
 796  -0.20360   0.00000    0.000000    0.000000
 797  -0.20260   0.00000    0.000000    0.000000
 798  -0.20160   0.00000    0.000000    0.000000
 799  -0.20060   0.00000    0.000000    0.000000
 800  -0.19960   0.00000    0.000000    0.000000
 801  -0.19860   0.00000    0.000000    0.000000
 802  -0.19760   0.00000    0.000000    0.000000
 803  -0.19660   0.00000    0.000000    0.000000
 804  -0.19560   0.00000    0.000000    0.000000
 805  -0.19460   0.00000    0.000000    0.000000
 806  -0.19360   0.00000    0.000000    0.000000
 807  -0.19260   0.00000    0.000000    0.000000
 808  -0.19160   0.00000    0.000000    0.000000
 809  -0.19060   0.00000    0.000000    0.000000
 810  -0.18959   0.00000    0.000000    0.000000
 811  -0.18859   0.00000    0.000000    0.000000
 812  -0.18759   0.00000    0.000000    0.000000
 813  -0.18659   0.00000    0.000000    0.000000
 814  -0.18559   0.00000    0.000000    0.000000
 815  -0.18459   0.00000    0.000000    0.000000
 816  -0.18359   0.00000    0.000000    0.000000
 817  -0.18259   0.00000    0.000000    0.000000
 818  -0.18159   0.00000    0.000000    0.000000
 819  -0.18059   0.00000    0.000000    0.000000
 820  -0.17959   0.00000    0.000000    0.000000
 821  -0.17859   0.00000    0.000000    0.000000
 822  -0.17759   0.00000    0.000000    0.000000
 823  -0.17659   0.00000    0.000000    0.000000
 824  -0.17559   0.00000    0.000000    0.000000
 825  -0.17459   0.00000    0.000000    0.000000
 826  -0.17359   0.00000    0.000000    0.000000
 827  -0.17259   0.00000    0.000000    0.000000
 828  -0.17159   0.00000    0.000000    0.000000
 829  -0.17059   0.00000    0.000000    0.000000
 830  -0.16958   0.00000    0.000000    0.000000
 831  -0.16858   0.00000    0.000000    0.000000
 832  -0.16758   0.00000    0.000000    0.000000
 833  -0.16658   0.00000    0.000000    0.000000
 834  -0.16558   0.00000    0.000000    0.000000
 835  -0.16458   0.00000    0.000000    0.000000
 836  -0.16358   0.00000    0.000000    0.000000
 837  -0.16258   0.00000    0.000000    0.000000
 838  -0.16158   0.00000    0.000000    0.000000
 839  -0.16058   0.00000    0.000000    0.000000
 840  -0.15958   0.00000    0.000000    0.000000
 841  -0.15858   0.00000    0.000000    0.000000
 842  -0.15758   0.00000    0.000000    0.000000
 843  -0.15658   0.00000    0.000000    0.000000
 844  -0.15558   0.00000    0.000000    0.000000
 845  -0.15458   0.00000    0.000000    0.000000
 846  -0.15358   0.00000    0.000000    0.000000
 847  -0.15258   0.00000    0.000000    0.000000
 848  -0.15158   0.00000    0.000000    0.000000
 849  -0.15058   0.00000    0.000000    0.000000
 850  -0.14957   0.00000    0.000000    0.000000
 851  -0.14857   0.00000    0.000000    0.000000
 852  -0.14757   0.00000    0.000000    0.000000
 853  -0.14657   0.00000    0.000000    0.000000
 854  -0.14557   0.00000    0.000000    0.000000
 855  -0.14457   0.00000    0.000000    0.000000
 856  -0.14357   0.00000    0.000000    0.000000
 857  -0.14257   0.00000    0.000000    0.000000
 858  -0.14157   0.00000    0.000000    0.000000
 859  -0.14057   0.00000    0.000000    0.000000
 860  -0.13957   0.00000    0.000000    0.000000
 861  -0.13857   0.00000    0.000000    0.000000
 862  -0.13757   0.00000    0.000000    0.000000
 863  -0.13657   0.00000    0.000000    0.000000
 864  -0.13557   0.00000    0.000000    0.000000
 865  -0.13457   0.00000    0.000000    0.000000
 866  -0.13357   0.00000    0.000000    0.000000
 867  -0.13257   0.00000    0.000000    0.000000
 868  -0.13157   0.00000    0.000000    0.000000
 869  -0.13057   0.00000    0.000000    0.000000
 870  -0.12956   0.00000    0.000000    0.000000
 871  -0.12856   0.00000    0.000000    0.000000
 872  -0.12756   0.00000    0.000000    0.000000
 873  -0.12656   0.00000    0.000000    0.000000
 874  -0.12556   0.00000    0.000000    0.000000
 875  -0.12456   0.00000    0.000000    0.000000
 876  -0.12356   0.00000    0.000000    0.000000
 877  -0.12256   0.00000    0.000000    0.000000
 878  -0.12156   0.00000    0.000000    0.000000
 879  -0.12056   0.00000    0.000000    0.000000
 880  -0.11956   0.00000    0.000000    0.000000
 881  -0.11856   0.00000    0.000000    0.000000
 882  -0.11756   0.00000    0.000000    0.000000
 883  -0.11656   0.00000    0.000000    0.000000
 884  -0.11556   0.00000    0.000000    0.000000
 885  -0.11456   0.00000    0.000000    0.000000
 886  -0.11356   0.00000    0.000000    0.000000
 887  -0.11256   0.00000    0.000000    0.000000
 888  -0.11156   0.00000    0.000000    0.000000
 889  -0.11056   0.00000    0.000000    0.000000
 890  -0.10955   0.00000    0.000000    0.000000
 891  -0.10855   0.00000    0.000000    0.000000
 892  -0.10755   0.00000    0.000000    0.000000
 893  -0.10655   0.00000    0.000000    0.000000
 894  -0.10555   0.00000    0.000000    0.000000
 895  -0.10455   0.00000    0.000000    0.000000
 896  -0.10355   0.00000    0.000000    0.000000
 897  -0.10255   0.00000    0.000000    0.000000
 898  -0.10155   0.00000    0.000000    0.000000
 899  -0.10055   0.00000    0.000000    0.000000
 900  -0.09955   0.00000    0.000000    0.000000
 901  -0.09855   0.00000    0.000000    0.000000
 902  -0.09755   0.00000    0.000000    0.000000
 903  -0.09655   0.00000    0.000000    0.000000
 904  -0.09555   0.00000    0.000000    0.000000
 905  -0.09455   0.00000    0.000000    0.000000
 906  -0.09355   0.00000    0.000000    0.000000
 907  -0.09255   0.00000    0.000000    0.000000
 908  -0.09155   0.00000    0.000000    0.000000
 909  -0.09055   0.00000    0.000000    0.000000
 910  -0.08954   0.00000    0.000000    0.000000
 911  -0.08854   0.00000    0.000000    0.000000
 912  -0.08754   0.00000    0.000000    0.000000
 913  -0.08654   0.00000    0.000000    0.000000
 914  -0.08554   0.00000    0.000000    0.000000
 915  -0.08454   0.00000    0.000000    0.000000
 916  -0.08354   0.00000    0.000000    0.000000
 917  -0.08254   0.00000    0.000000    0.000000
 918  -0.08154   0.00000    0.000000    0.000000
 919  -0.08054   0.00000    0.000000    0.000000
 920  -0.07954   0.00000    0.000000    0.000000
 921  -0.07854   0.00000    0.000000    0.000000
 922  -0.07754   0.00000    0.000000    0.000000
 923  -0.07654   0.00000    0.000000    0.000000
 924  -0.07554   0.00000    0.000000    0.000000
 925  -0.07454   0.00000    0.000000    0.000000
 926  -0.07354   0.00000    0.000000    0.000000
 927  -0.07254   0.00000    0.000000    0.000000
 928  -0.07154   0.00000    0.000000    0.000000
 929  -0.07054   0.00000    0.000000    0.000000
 930  -0.06953   0.00000    0.000000    0.000000
 931  -0.06853   0.00000    0.000000    0.000000
 932  -0.06753   0.00000    0.000000    0.000000
 933  -0.06653   0.00000    0.000000    0.000000
 934  -0.06553   0.00000    0.000000    0.000000
 935  -0.06453   0.00000    0.000000    0.000000
 936  -0.06353   0.00000    0.000000    0.000000
 937  -0.06253   0.00000    0.000000    0.000000
 938  -0.06153   0.00000    0.000000    0.000000
 939  -0.06053   0.00000    0.000000    0.000000
 940  -0.05953   0.00000    0.000000    0.000000
 941  -0.05853   0.00000    0.000000    0.000000
 942  -0.05753   0.00000    0.000000    0.000000
 943  -0.05653   0.00000    0.000000    0.000000
 944  -0.05553   0.00000    0.000000    0.000000
 945  -0.05453   0.00000    0.000000    0.000000
 946  -0.05353   0.00000    0.000000    0.000000
 947  -0.05253   0.00000    0.000000    0.000000
 948  -0.05153   0.00000    0.000000    0.000000
 949  -0.05053   0.00000    0.000000    0.000000
 950  -0.04952   0.00000    0.000000    0.000000
 951  -0.04852   0.00000    0.000000    0.000000
 952  -0.04752   0.00000    0.000000    0.000000
 953  -0.04652   0.00000    0.000000    0.000000
 954  -0.04552   0.00000    0.000000    0.000000
 955  -0.04452   0.00000    0.000000    0.000000
 956  -0.04352   0.00000    0.000000    0.000000
 957  -0.04252   0.00000    0.000000    0.000000
 958  -0.04152   0.00000    0.000000    0.000000
 959  -0.04052   0.00000    0.000000    0.000000
 960  -0.03952   0.00000    0.000000    0.000000
 961  -0.03852   0.00000    0.000000    0.000000
 962  -0.03752   0.00000    0.000000    0.000000
 963  -0.03652   0.00000    0.000000    0.000000
 964  -0.03552   0.00000    0.000000    0.000000
 965  -0.03452   0.00000    0.000000    0.000000
 966  -0.03352   0.00000    0.000000    0.000000
 967  -0.03252   0.00000    0.000000    0.000000
 968  -0.03152   0.00000    0.000000    0.000000
 969  -0.03052   0.00000    0.000000    0.000000
 970  -0.02951   0.00000    0.000000    0.000000
 971  -0.02851   0.00000    0.000000    0.000000
 972  -0.02751   0.00000    0.000000    0.000000
 973  -0.02651   0.00000    0.000000    0.000000
 974  -0.02551   0.00000    0.000000    0.000000
 975  -0.02451   0.00000    0.000000    0.000000
 976  -0.02351   0.00000    0.000000    0.000000
 977  -0.02251   0.00000    0.000000    0.000000
 978  -0.02151   0.00000    0.000000    0.000000
 979  -0.02051   0.00000    0.000000    0.000000
 980  -0.01951   0.00000    0.000000    0.000000
 981  -0.01851   0.00000    0.000000    0.000000
 982  -0.01751   0.00000    0.000000    0.000000
 983  -0.01651   0.00000    0.000000    0.000000
 984  -0.01551   0.00000    0.000000    0.000000
 985  -0.01451   0.00000    0.000000    0.000000
 986  -0.01351   0.00000    0.000000    0.000000
 987  -0.01251   0.00000    0.000000    0.000000
 988  -0.01151   0.00000    0.000000    0.000000
 989  -0.01051   0.00000    0.000000    0.000000
 990  -0.00950   0.00000    0.000000    0.000000
 991  -0.00850   0.00000    0.000000    0.000000
 992  -0.00750   0.00000    0.000000    0.000000
 993  -0.00650   0.00000    0.000000    0.000000
 994  -0.00550   0.00000    0.000000    0.000000
 995  -0.00450   0.00000    0.000000    0.000000
 996  -0.00350   0.00000    0.000000    0.000000
 997  -0.00250   0.00000    0.000000    0.000000
 998  -0.00150   0.00000    0.000000    0.000000
 999  -0.00050   0.00000    0.000000    0.000000
1000   0.00050   0.00000    0.000000    0.000000
1001   0.00150   0.00000    0.000000    0.000000
1002   0.00250   0.00000    0.000000    0.000000
1003   0.00350   0.00000    0.000000    0.000000
1004   0.00450   0.00000    0.000000    0.000000
1005   0.00550   0.00000    0.000000    0.000000
1006   0.00650   0.00000    0.000000    0.000000
1007   0.00750   0.00000    0.000000    0.000000
1008   0.00850   0.00000    0.000000    0.000000
1009   0.00950   0.00000    0.000000    0.000000
1010   0.01051   0.00000    0.000000    0.000000
1011   0.01151   0.00000    0.000000    0.000000
1012   0.01251   0.00000    0.000000    0.000000
1013   0.01351   0.00000    0.000000    0.000000
1014   0.01451   0.00000    0.000000    0.000000
1015   0.01551   0.00000    0.000000    0.000000
1016   0.01651   0.00000    0.000000    0.000000
1017   0.01751   0.00000    0.000000    0.000000
1018   0.01851   0.00000    0.000000    0.000000
1019   0.01951   0.00000    0.000000    0.000000
1020   0.02051   0.00000    0.000000    0.000000
1021   0.02151   0.00000    0.000000    0.000000
1022   0.02251   0.00000    0.000000    0.000000
1023   0.02351   0.00000    0.000000    0.000000
1024   0.02451   0.00000    0.000000    0.000000
1025   0.02551   0.00000    0.000000    0.000000
1026   0.02651   0.00000    0.000000    0.000000
1027   0.02751   0.00000    0.000000    0.000000
1028   0.02851   0.00000    0.000000    0.000000
1029   0.02951   0.00000    0.000000    0.000000
1030   0.03052   0.00000    0.000000    0.000000
1031   0.03152   0.00000    0.000000    0.000000
1032   0.03252   0.00000    0.000000    0.000000
1033   0.03352   0.00000    0.000000    0.000000
1034   0.03452   0.00000    0.000000    0.000000
1035   0.03552   0.00000    0.000000    0.000000
1036   0.03652   0.00000    0.000000    0.000000
1037   0.03752   0.00000    0.000000    0.000000
1038   0.03852   0.00000    0.000000    0.000000
1039   0.03952   0.00000    0.000000    0.000000
1040   0.04052   0.00000    0.000000    0.000000
1041   0.04152   0.00000    0.000000    0.000000
1042   0.04252   0.00000    0.000000    0.000000
1043   0.04352   0.00000    0.000000    0.000000
1044   0.04452   0.00000    0.000000    0.000000
1045   0.04552   0.00000    0.000000    0.000000
1046   0.04652   0.00000    0.000000    0.000000
1047   0.04752   0.00000    0.000000    0.000000
1048   0.04852   0.00000    0.000000    0.000000
1049   0.04952   0.00000    0.000000    0.000000
1050   0.05053   0.00000    0.000000    0.000000
1051   0.05153   0.00000    0.000000    0.000000
1052   0.05253   0.00000    0.000000    0.000000
1053   0.05353   0.00000    0.000000    0.000000
1054   0.05453   0.00000    0.000000    0.000000
1055   0.05553   0.00000    0.000000    0.000000
1056   0.05653   0.00000    0.000000    0.000000
1057   0.05753   0.00000    0.000000    0.000000
1058   0.05853   0.00000    0.000000    0.000000
1059   0.05953   0.00000    0.000000    0.000000
1060   0.06053   0.00000    0.000000    0.000000
1061   0.06153   0.00000    0.000000    0.000000
1062   0.06253   0.00000    0.000000    0.000000
1063   0.06353   0.00000    0.000000    0.000000
1064   0.06453   0.00000    0.000000    0.000000
1065   0.06553   0.00000    0.000000    0.000000
1066   0.06653   0.00000    0.000000    0.000000
1067   0.06753   0.00000    0.000000    0.000000
1068   0.06853   0.00000    0.000000    0.000000
1069   0.06953   0.00000    0.000000    0.000000
1070   0.07054   0.00000    0.000000    0.000000
1071   0.07154   0.00000    0.000000    0.000000
1072   0.07254   0.00000    0.000000    0.000000
1073   0.07354   0.00000    0.000000    0.000000
1074   0.07454   0.00000    0.000000    0.000000
1075   0.07554   0.00000    0.000000    0.000000
1076   0.07654   0.00000    0.000000    0.000000
1077   0.07754   0.00000    0.000000    0.000000
1078   0.07854   0.00000    0.000000    0.000000
1079   0.07954   0.00000    0.000000    0.000000
1080   0.08054   0.00000    0.000000    0.000000
1081   0.08154   0.00000    0.000000    0.000000
1082   0.08254   0.00000    0.000000    0.000000
1083   0.08354   0.00000    0.000000    0.000000
1084   0.08454   0.00000    0.000000    0.000000
1085   0.08554   0.00000    0.000000    0.000000
1086   0.08654   0.00000    0.000000    0.000000
1087   0.08754   0.00000    0.000000    0.000000
1088   0.08854   0.00000    0.000000    0.000000
1089   0.08954   0.00000    0.000000    0.000000
1090   0.09055   0.00000    0.000000    0.000000
1091   0.09155   0.00000    0.000000    0.000000
1092   0.09255   0.00000    0.000000    0.000000
1093   0.09355   0.00000    0.000000    0.000000
1094   0.09455   0.00000    0.000000    0.000000
1095   0.09555   0.00000    0.000000    0.000000
1096   0.09655   0.00000    0.000000    0.000000
1097   0.09755   0.00000    0.000000    0.000000
1098   0.09855   0.00000    0.000000    0.000000
1099   0.09955   0.00000    0.000000    0.000000
1100   0.10055   0.00000    0.000000    0.000000
1101   0.10155   0.00000    0.000000    0.000000
1102   0.10255   0.00000    0.000000    0.000000
1103   0.10355   0.00000    0.000000    0.000000
1104   0.10455   0.00000    0.000000    0.000000
1105   0.10555   0.00000    0.000000    0.000000
1106   0.10655   0.00000    0.000000    0.000000
1107   0.10755   0.00000    0.000000    0.000000
1108   0.10855   0.00000    0.000000    0.000000
1109   0.10955   0.00000    0.000000    0.000000
1110   0.11056   0.00000    0.000000    0.000000
1111   0.11156   0.00000    0.000000    0.000000
1112   0.11256   0.00000    0.000000    0.000000
1113   0.11356   0.00000    0.000000    0.000000
1114   0.11456   0.00000    0.000000    0.000000
1115   0.11556   0.00000    0.000000    0.000000
1116   0.11656   0.00000    0.000000    0.000000
1117   0.11756   0.00000    0.000000    0.000000
1118   0.11856   0.00000    0.000000    0.000000
1119   0.11956   0.00000    0.000000    0.000000
1120   0.12056   0.00000    0.000000    0.000000
1121   0.12156   0.00000    0.000000    0.000000
1122   0.12256   0.00000    0.000000    0.000000
1123   0.12356   0.00000    0.000000    0.000000
1124   0.12456   0.00000    0.000000    0.000000
1125   0.12556   0.00000    0.000000    0.000000
1126   0.12656   0.00000    0.000000    0.000000
1127   0.12756   0.00000    0.000000    0.000000
1128   0.12856   0.00000    0.000000    0.000000
1129   0.12956   0.00000    0.000000    0.000000
1130   0.13057   0.00000    0.000000    0.000000
1131   0.13157   0.00000    0.000000    0.000000
1132   0.13257   0.00000    0.000000    0.000000
1133   0.13357   0.00000    0.000000    0.000000
1134   0.13457   0.00000    0.000000    0.000000
1135   0.13557   0.00000    0.000000    0.000000
1136   0.13657   0.00000    0.000000    0.000000
1137   0.13757   0.00000    0.000000    0.000000
1138   0.13857   0.00000    0.000000    0.000000
1139   0.13957   0.00000    0.000000    0.000000
1140   0.14057   0.00000    0.000000    0.000000
1141   0.14157   0.00000    0.000000    0.000000
1142   0.14257   0.00000    0.000000    0.000000
1143   0.14357   0.00000    0.000000    0.000000
1144   0.14457   0.00000    0.000000    0.000000
1145   0.14557   0.00000    0.000000    0.000000
1146   0.14657   0.00000    0.000000    0.000000
1147   0.14757   0.00000    0.000000    0.000000
1148   0.14857   0.00000    0.000000    0.000000
1149   0.14957   0.00000    0.000000    0.000000
1150   0.15058   0.00000    0.000000    0.000000
1151   0.15158   0.00000    0.000000    0.000000
1152   0.15258   0.00000    0.000000    0.000000
1153   0.15358   0.00000    0.000000    0.000000
1154   0.15458   0.00000    0.000000    0.000000
1155   0.15558   0.00000    0.000000    0.000000
1156   0.15658   0.00000    0.000000    0.000000
1157   0.15758   0.00000    0.000000    0.000000
1158   0.15858   0.00000    0.000000    0.000000
1159   0.15958   0.00000    0.000000    0.000000
1160   0.16058   0.00000    0.000000    0.000000
1161   0.16158   0.00000    0.000000    0.000000
1162   0.16258   0.00000    0.000000    0.000000
1163   0.16358   0.00000    0.000000    0.000000
1164   0.16458   0.00000    0.000000    0.000000
1165   0.16558   0.00000    0.000000    0.000000
1166   0.16658   0.00000    0.000000    0.000000
1167   0.16758   0.00000    0.000001    0.000001
1168   0.16858   0.00000    0.000001    0.000001
1169   0.16958   0.00000    0.000001    0.000001
1170   0.17059   0.00000    0.000002    0.000002
1171   0.17159   0.00000    0.000002    0.000002
1172   0.17259   0.00000    0.000003    0.000003
1173   0.17359   0.00000    0.000004    0.000004
1174   0.17459   0.00000    0.000006    0.000006
1175   0.17559   0.00000    0.000007    0.000007
1176   0.17659   0.00000    0.000010    0.000010
1177   0.17759   0.00000    0.000012    0.000012
1178   0.17859   0.00000    0.000016    0.000016
1179   0.17959   0.00000    0.000021    0.000021
1180   0.18059   0.00000    0.000027    0.000027
1181   0.18159   0.00000    0.000034    0.000034
1182   0.18259   0.00000    0.000043    0.000043
1183   0.18359   0.00000    0.000054    0.000054
1184   0.18459   0.00000    0.000067    0.000067
1185   0.18559   0.00000    0.000083    0.000083
1186   0.18659   0.00000    0.000102    0.000102
1187   0.18759   0.00000    0.000126    0.000126
1188   0.18859   0.00000    0.000153    0.000153
1189   0.18959   0.00000    0.000186    0.000186
1190   0.19060   0.00000    0.000225    0.000225
1191   0.19160   0.00000    0.000270    0.000270
1192   0.19260   0.00000    0.000323    0.000323
1193   0.19360   0.00000    0.000384    0.000384
1194   0.19460   0.00000    0.000455    0.000455
1195   0.19560   0.00000    0.000536    0.000536
1196   0.19660   0.00000    0.000630    0.000630
1197   0.19760   0.00000    0.000738    0.000738
1198   0.19860   0.00000    0.000860    0.000860
1199   0.19960   0.00000    0.000999    0.000999
1200   0.20060   0.00050    0.001157    0.000661
1201   0.20160   0.00058    0.001335    0.000758
1202   0.20260   0.00067    0.001536    0.000865
1203   0.20360   0.00078    0.001763    0.000984
1204   0.20460   0.00090    0.002018    0.001114
1205   0.20560   0.00105    0.002304    0.001258
1206   0.20660   0.00121    0.002624    0.001415
1207   0.20760   0.00139    0.002982    0.001587
1208   0.20860   0.00161    0.003383    0.001775
1209   0.20960   0.00185    0.003829    0.001980
1210   0.21061   0.00212    0.004326    0.002202
1211   0.21161   0.00244    0.004879    0.002444
1212   0.21261   0.00279    0.005494    0.002705
1213   0.21361   0.00319    0.006175    0.002987
1214   0.21461   0.00364    0.006931    0.003292
1215   0.21561   0.00415    0.007767    0.003619
1216   0.21661   0.00472    0.008691    0.003971
1217   0.21761   0.00536    0.009712    0.004348
1218   0.21861   0.00609    0.010836    0.004751
1219   0.21961   0.00689    0.012075    0.005182
1220   0.22061   0.00780    0.013436    0.005639
1221   0.22161   0.00880    0.014930    0.006126
1222   0.22261   0.00993    0.016568    0.006641
1223   0.22361   0.01118    0.018361    0.007185
1224   0.22461   0.01256    0.020320    0.007758
1225   0.22561   0.01410    0.022459    0.008360
1226   0.22661   0.01580    0.024791    0.008991
1227   0.22761   0.01768    0.027327    0.009650
1228   0.22861   0.01975    0.030084    0.010336
1229   0.22961   0.02203    0.033074    0.011047
1230   0.23062   0.02453    0.036314    0.011781
1231   0.23162   0.02728    0.039819    0.012538
1232   0.23262   0.03029    0.043604    0.013315
1233   0.23362   0.03358    0.047685    0.014108
1234   0.23462   0.03717    0.052080    0.014914
1235   0.23562   0.04107    0.056804    0.015730
1236   0.23662   0.04532    0.061875    0.016552
1237   0.23762   0.04994    0.067310    0.017375
1238   0.23862   0.05493    0.073125    0.018193
1239   0.23962   0.06034    0.079337    0.019002
1240   0.24062   0.06617    0.085963    0.019795
1241   0.24162   0.07245    0.093020    0.020566
1242   0.24262   0.07921    0.100522    0.021309
1243   0.24362   0.08647    0.108485    0.022016
1244   0.24462   0.09425    0.116924    0.022679
1245   0.24562   0.10256    0.125853    0.023290
1246   0.24662   0.11144    0.135285    0.023842
1247   0.24762   0.12090    0.145230    0.024327
1248   0.24862   0.13097    0.155700    0.024734
1249   0.24962   0.14165    0.166704    0.025056
1250   0.25063   0.15296    0.178249    0.025284
1251   0.25163   0.16493    0.190340    0.025409
1252   0.25263   0.17756    0.202983    0.025424
1253   0.25363   0.19086    0.216178    0.025318
1254   0.25463   0.20484    0.229925    0.025084
1255   0.25563   0.21951    0.244223    0.024715
1256   0.25663   0.23486    0.259065    0.024202
1257   0.25763   0.25090    0.274445    0.023543
1258   0.25863   0.26763    0.290353    0.022726
1259   0.25963   0.28503    0.306774    0.021748
1260   0.26063   0.30309    0.323694    0.020606
1261   0.26163   0.32180    0.341095    0.019295
1262   0.26263   0.34114    0.358953    0.017814
1263   0.26363   0.36108    0.377244    0.016163
1264   0.26463   0.38160    0.395941    0.014339
1265   0.26563   0.40267    0.415013    0.012345
1266   0.26663   0.42424    0.434426    0.010182
1267   0.26763   0.44629    0.454143    0.007857
1268   0.26863   0.46875    0.474123    0.005376
1269   0.26963   0.49158    0.494325    0.002742
1270   0.27064   0.51474    0.514703    0.000034
1271   0.27164   0.53815    0.535208    0.002944
1272   0.27264   0.56176    0.555790    0.005974
1273   0.27364   0.58551    0.576397    0.009110
1274   0.27464   0.60932    0.596972    0.012344
1275   0.27564   0.63312    0.617459    0.015656
1276   0.27664   0.65683    0.637800    0.019031
1277   0.27764   0.68039    0.657934    0.022451
1278   0.27864   0.70370    0.677801    0.025894
1279   0.27964   0.72669    0.697338    0.029347
1280   0.28064   0.74927    0.716484    0.032787
1281   0.28164   0.77137    0.735175    0.036193
1282   0.28264   0.79289    0.753350    0.039544
1283   0.28364   0.81376    0.770945    0.042816
1284   0.28464   0.83389    0.787901    0.045993
1285   0.28564   0.85321    0.804157    0.049051
1286   0.28664   0.87162    0.819655    0.051969
1287   0.28764   0.88907    0.834339    0.054727
1288   0.28864   0.90546    0.848154    0.057305
1289   0.28964   0.92073    0.861048    0.059685
1290   0.29065   0.93482    0.872974    0.061851
1291   0.29165   0.94767    0.883884    0.063784
1292   0.29265   0.95921    0.893738    0.065470
1293   0.29365   0.96939    0.902496    0.066896
1294   0.29465   0.97818    0.910125    0.068051
1295   0.29565   0.98552    0.916594    0.068924
1296   0.29665   0.99139    0.921877    0.069509
1297   0.29765   0.99575    0.925953    0.069798
1298   0.29865   0.99860    0.928807    0.069789
1299   0.29965   0.99991    0.930425    0.069480
1300   0.30065   0.99967    0.930802    0.068872
1301   0.30165   0.99790    0.929936    0.067967
1302   0.30265   0.99460    0.927831    0.066770
1303   0.30365   0.98978    0.924494    0.065288
1304   0.30465   0.98347    0.919938    0.063531
1305   0.30565   0.97569    0.914182    0.061508
1306   0.30665   0.96648    0.907248    0.059233
1307   0.30765   0.95588    0.899164    0.056721
1308   0.30865   0.94395    0.889961    0.053987
1309   0.30965   0.93073    0.879675    0.051050
1310   0.31066   0.91627    0.868345    0.047927
1311   0.31166   0.90065    0.856015    0.044639
1312   0.31266   0.88394    0.842732    0.041206
1313   0.31366   0.86620    0.828545    0.037650
1314   0.31466   0.84750    0.813508    0.033996
1315   0.31566   0.82794    0.797675    0.030261
1316   0.31666   0.80757    0.781104    0.026470
1317   0.31766   0.78650    0.763853    0.022645
1318   0.31866   0.76479    0.745984    0.018809
1319   0.31966   0.74254    0.727557    0.014986
1320   0.32066   0.71983    0.708636    0.011191
1321   0.32166   0.69673    0.689283    0.007449
1322   0.32266   0.67334    0.669560    0.003777
1323   0.32366   0.64973    0.649531    0.000195
1324   0.32466   0.62598    0.629257    0.003277
1325   0.32566   0.60217    0.608799    0.006629
1326   0.32666   0.57837    0.588217    0.009844
1327   0.32766   0.55466    0.567569    0.012909
1328   0.32866   0.53110    0.546912    0.015812
1329   0.32966   0.50776    0.526301    0.018540
1330   0.33067   0.48470    0.505787    0.021091
1331   0.33167   0.46197    0.485421    0.023455
1332   0.33267   0.43962    0.465251    0.025627
1333   0.33367   0.41772    0.445320    0.027603
1334   0.33467   0.39629    0.425672    0.029378
1335   0.33567   0.37539    0.406345    0.030958
1336   0.33667   0.35504    0.387374    0.032339
1337   0.33767   0.33527    0.368794    0.033524
1338   0.33867   0.31612    0.350634    0.034517
1339   0.33967   0.29760    0.332920    0.035319
1340   0.34067   0.27974    0.315678    0.035942
1341   0.34167   0.26254    0.298926    0.036388
1342   0.34267   0.24602    0.282683    0.036665
1343   0.34367   0.23018    0.266963    0.036781
1344   0.34467   0.21503    0.251780    0.036745
1345   0.34567   0.20057    0.237140    0.036565
1346   0.34667   0.18680    0.223052    0.036254
1347   0.34767   0.17370    0.209519    0.035819
1348   0.34867   0.16127    0.196542    0.035271
1349   0.34967   0.14950    0.184122    0.034621
1350   0.35068   0.13838    0.172254    0.033877
1351   0.35168   0.12788    0.160935    0.033052
1352   0.35268   0.11800    0.150157    0.032154
1353   0.35368   0.10872    0.139912    0.031195
1354   0.35468   0.10001    0.130192    0.030183
1355   0.35568   0.09186    0.120983    0.029126
1356   0.35668   0.08424    0.112275    0.028036
1357   0.35768   0.07713    0.104053    0.026920
1358   0.35868   0.07052    0.096304    0.025785
1359   0.35968   0.06437    0.089011    0.024640
1360   0.36068   0.05867    0.082160    0.023490
1361   0.36168   0.05339    0.075735    0.022343
1362   0.36268   0.04851    0.069718    0.021205
1363   0.36368   0.04401    0.064092    0.020081
1364   0.36468   0.03987    0.058841    0.018975
1365   0.36568   0.03606    0.053947    0.017891
1366   0.36668   0.03256    0.049394    0.016834
1367   0.36768   0.02936    0.045164    0.015807
1368   0.36868   0.02643    0.041241    0.014812
1369   0.36968   0.02376    0.037608    0.013851
1370   0.37069   0.02132    0.034248    0.012927
1371   0.37169   0.01911    0.031146    0.012041
1372   0.37269   0.01709    0.028287    0.011193
1373   0.37369   0.01527    0.025656    0.010385
1374   0.37469   0.01362    0.023238    0.009617
1375   0.37569   0.01213    0.021019    0.008888
1376   0.37669   0.01079    0.018986    0.008199
1377   0.37769   0.00958    0.017126    0.007549
1378   0.37869   0.00849    0.015428    0.006938
1379   0.37969   0.00751    0.013878    0.006363
1380   0.38069   0.00664    0.012467    0.005826
1381   0.38169   0.00586    0.011183    0.005323
1382   0.38269   0.00516    0.010017    0.004855
1383   0.38369   0.00454    0.008960    0.004419
1384   0.38469   0.00399    0.008003    0.004014
1385   0.38569   0.00350    0.007137    0.003638
1386   0.38669   0.00306    0.006354    0.003291
1387   0.38769   0.00268    0.005649    0.002971
1388   0.38869   0.00234    0.005013    0.002676
1389   0.38969   0.00204    0.004442    0.002404
1390   0.39070   0.00177    0.003928    0.002155
1391   0.39170   0.00154    0.003467    0.001926
1392   0.39270   0.00134    0.003054    0.001717
1393   0.39370   0.00116    0.002684    0.001526
1394   0.39470   0.00100    0.002353    0.001352
1395   0.39570   0.00086    0.002059    0.001194
1396   0.39670   0.00075    0.001796    0.001050
1397   0.39770   0.00064    0.001562    0.000921
1398   0.39870   0.00055    0.001355    0.000803
1399   0.39970   0.00047    0.001171    0.000698
1400   0.40070   0.00000    0.001009    0.001009
1401   0.40170   0.00000    0.000866    0.000866
1402   0.40270   0.00000    0.000740    0.000740
1403   0.40370   0.00000    0.000629    0.000629
1404   0.40470   0.00000    0.000533    0.000533
1405   0.40570   0.00000    0.000449    0.000449
1406   0.40670   0.00000    0.000377    0.000377
1407   0.40770   0.00000    0.000314    0.000314
1408   0.40870   0.00000    0.000260    0.000260
1409   0.40970   0.00000    0.000214    0.000214
1410   0.41071   0.00000    0.000175    0.000175
1411   0.41171   0.00000    0.000143    0.000143
1412   0.41271   0.00000    0.000115    0.000115
1413   0.41371   0.00000    0.000092    0.000092
1414   0.41471   0.00000    0.000073    0.000073
1415   0.41571   0.00000    0.000058    0.000058
1416   0.41671   0.00000    0.000045    0.000045
1417   0.41771   0.00000    0.000035    0.000035
1418   0.41871   0.00000    0.000027    0.000027
1419   0.41971   0.00000    0.000021    0.000021
1420   0.42071   0.00000    0.000015    0.000015
1421   0.42171   0.00000    0.000012    0.000012
1422   0.42271   0.00000    0.000009    0.000009
1423   0.42371   0.00000    0.000006    0.000006
1424   0.42471   0.00000    0.000005    0.000005
1425   0.42571   0.00000    0.000003    0.000003
1426   0.42671   0.00000    0.000002    0.000002
1427   0.42771   0.00000    0.000002    0.000002
1428   0.42871   0.00000    0.000001    0.000001
1429   0.42971   0.00000    0.000001    0.000001
1430   0.43072   0.00000    0.000001    0.000001
1431   0.43172   0.00000    0.000000    0.000000
1432   0.43272   0.00000    0.000000    0.000000
1433   0.43372   0.00000    0.000000    0.000000
1434   0.43472   0.00000    0.000000    0.000000
1435   0.43572   0.00000    0.000000    0.000000
1436   0.43672   0.00000    0.000000    0.000000
1437   0.43772   0.00000    0.000000    0.000000
1438   0.43872   0.00000    0.000000    0.000000
1439   0.43972   0.00000    0.000000    0.000000
1440   0.44072   0.00000    0.000000    0.000000
1441   0.44172   0.00000    0.000000    0.000000
1442   0.44272   0.00000    0.000000    0.000000
1443   0.44372   0.00000    0.000000    0.000000
1444   0.44472   0.00000    0.000000    0.000000
1445   0.44572   0.00000    0.000000    0.000000
1446   0.44672   0.00000    0.000000    0.000000
1447   0.44772   0.00000    0.000000    0.000000
1448   0.44872   0.00000    0.000000    0.000000
1449   0.44972   0.00000    0.000000    0.000000
1450   0.45073   0.00000    0.000000    0.000000
1451   0.45173   0.00000    0.000000    0.000000
1452   0.45273   0.00000    0.000000    0.000000
1453   0.45373   0.00000    0.000000    0.000000
1454   0.45473   0.00000    0.000000    0.000000
1455   0.45573   0.00000    0.000000    0.000000
1456   0.45673   0.00000    0.000000    0.000000
1457   0.45773   0.00000    0.000000    0.000000
1458   0.45873   0.00000    0.000000    0.000000
1459   0.45973   0.00000    0.000000    0.000000
1460   0.46073   0.00000    0.000000    0.000000
1461   0.46173   0.00000    0.000000    0.000000
1462   0.46273   0.00000    0.000000    0.000000
1463   0.46373   0.00000    0.000000    0.000000
1464   0.46473   0.00000    0.000000    0.000000
1465   0.46573   0.00000    0.000000    0.000000
1466   0.46673   0.00000    0.000000    0.000000
1467   0.46773   0.00000    0.000000    0.000000
1468   0.46873   0.00000    0.000000    0.000000
1469   0.46973   0.00000    0.000000    0.000000
1470   0.47074   0.00000    0.000000    0.000000
1471   0.47174   0.00000    0.000000    0.000000
1472   0.47274   0.00000    0.000000    0.000000
1473   0.47374   0.00000    0.000000    0.000000
1474   0.47474   0.00000    0.000000    0.000000
1475   0.47574   0.00000    0.000000    0.000000
1476   0.47674   0.00000    0.000000    0.000000
1477   0.47774   0.00000    0.000000    0.000000
1478   0.47874   0.00000    0.000000    0.000000
1479   0.47974   0.00000    0.000000    0.000000
1480   0.48074   0.00000    0.000000    0.000000
1481   0.48174   0.00000    0.000000    0.000000
1482   0.48274   0.00000    0.000000    0.000000
1483   0.48374   0.00000    0.000000    0.000000
1484   0.48474   0.00000    0.000000    0.000000
1485   0.48574   0.00000    0.000000    0.000000
1486   0.48674   0.00000    0.000000    0.000000
1487   0.48774   0.00000    0.000000    0.000000
1488   0.48874   0.00000    0.000000    0.000000
1489   0.48974   0.00000    0.000000    0.000000
1490   0.49075   0.00000    0.000000    0.000000
1491   0.49175   0.00000    0.000000    0.000000
1492   0.49275   0.00000    0.000000    0.000000
1493   0.49375   0.00000    0.000000    0.000000
1494   0.49475   0.00000    0.000000    0.000000
1495   0.49575   0.00000    0.000000    0.000000
1496   0.49675   0.00000    0.000000    0.000000
1497   0.49775   0.00000    0.000000    0.000000
1498   0.49875   0.00000    0.000000    0.000000
1499   0.49975   0.00000    0.000000    0.000000
1500   0.50075   0.00000    0.000000    0.000000
1501   0.50175   0.00000    0.000000    0.000000
1502   0.50275   0.00000    0.000000    0.000000
1503   0.50375   0.00000    0.000000    0.000000
1504   0.50475   0.00000    0.000000    0.000000
1505   0.50575   0.00000    0.000000    0.000000
1506   0.50675   0.00000    0.000000    0.000000
1507   0.50775   0.00000    0.000000    0.000000
1508   0.50875   0.00000    0.000000    0.000000
1509   0.50975   0.00000    0.000000    0.000000
1510   0.51076   0.00000    0.000000    0.000000
1511   0.51176   0.00000    0.000000    0.000000
1512   0.51276   0.00000    0.000000    0.000000
1513   0.51376   0.00000    0.000000    0.000000
1514   0.51476   0.00000    0.000000    0.000000
1515   0.51576   0.00000    0.000000    0.000000
1516   0.51676   0.00000    0.000000    0.000000
1517   0.51776   0.00000    0.000000    0.000000
1518   0.51876   0.00000    0.000000    0.000000
1519   0.51976   0.00000    0.000000    0.000000
1520   0.52076   0.00000    0.000000    0.000000
1521   0.52176   0.00000    0.000000    0.000000
1522   0.52276   0.00000    0.000000    0.000000
1523   0.52376   0.00000    0.000000    0.000000
1524   0.52476   0.00000    0.000000    0.000000
1525   0.52576   0.00000    0.000000    0.000000
1526   0.52676   0.00000    0.000000    0.000000
1527   0.52776   0.00000    0.000000    0.000000
1528   0.52876   0.00000    0.000000    0.000000
1529   0.52976   0.00000    0.000000    0.000000
1530   0.53077   0.00000    0.000000    0.000000
1531   0.53177   0.00000    0.000000    0.000000
1532   0.53277   0.00000    0.000000    0.000000
1533   0.53377   0.00000    0.000000    0.000000
1534   0.53477   0.00000    0.000000    0.000000
1535   0.53577   0.00000    0.000000    0.000000
1536   0.53677   0.00000    0.000000    0.000000
1537   0.53777   0.00000    0.000000    0.000000
1538   0.53877   0.00000    0.000000    0.000000
1539   0.53977   0.00000    0.000000    0.000000
1540   0.54077   0.00000    0.000000    0.000000
1541   0.54177   0.00000    0.000000    0.000000
1542   0.54277   0.00000    0.000000    0.000000
1543   0.54377   0.00000    0.000000    0.000000
1544   0.54477   0.00000    0.000000    0.000000
1545   0.54577   0.00000    0.000000    0.000000
1546   0.54677   0.00000    0.000000    0.000000
1547   0.54777   0.00000    0.000000    0.000000
1548   0.54877   0.00000    0.000001    0.000001
1549   0.54977   0.00000    0.000001    0.000001
1550   0.55078   0.00000    0.000001    0.000001
1551   0.55178   0.00000    0.000002    0.000002
1552   0.55278   0.00000    0.000003    0.000003
1553   0.55378   0.00000    0.000005    0.000005
1554   0.55478   0.00000    0.000008    0.000008
1555   0.55578   0.00000    0.000012    0.000012
1556   0.55678   0.00000    0.000018    0.000018
1557   0.55778   0.00000    0.000026    0.000026
1558   0.55878   0.00000    0.000038    0.000038
1559   0.55978   0.00000    0.000056    0.000056
1560   0.56078   0.00000    0.000081    0.000081
1561   0.56178   0.00000    0.000116    0.000116
1562   0.56278   0.00000    0.000166    0.000166
1563   0.56378   0.00000    0.000235    0.000235
1564   0.56478   0.00000    0.000330    0.000330
1565   0.56578   0.00000    0.000461    0.000461
1566   0.56678   0.00000    0.000640    0.000640
1567   0.56778   0.00000    0.000880    0.000880
1568   0.56878   0.00000    0.001202    0.001202
1569   0.56978   0.00000    0.001629    0.001629
1570   0.57079   0.00000    0.002192    0.002192
1571   0.57179   0.00000    0.002928    0.002928
1572   0.57279   0.00000    0.003882    0.003882
1573   0.57379   0.00000    0.005109    0.005109
1574   0.57479   0.00000    0.006673    0.006673
1575   0.57579   0.00000    0.008651    0.008651
1576   0.57679   0.00000    0.011131    0.011131
1577   0.57779   0.00000    0.014216    0.014216
1578   0.57879   0.00000    0.018020    0.018020
1579   0.57979   0.00000    0.022670    0.022670
1580   0.58079   0.00000    0.028308    0.028308
1581   0.58179   0.00000    0.035084    0.035084
1582   0.58279   0.00000    0.043157    0.043157
1583   0.58379   0.00000    0.052693    0.052693
1584   0.58479   0.00000    0.063855    0.063855
1585   0.58579   0.00000    0.076809    0.076809
1586   0.58679   0.00000    0.091707    0.091707
1587   0.58779   0.00000    0.108688    0.108688
1588   0.58879   0.00000    0.127869    0.127869
1589   0.58979   0.00000    0.149338    0.149338
1590   0.59080   0.00000    0.173149    0.173149
1591   0.59180   0.00000    0.199316    0.199316
1592   0.59280   0.00000    0.227803    0.227803
1593   0.59380   0.00000    0.258528    0.258528
1594   0.59480   0.00000    0.291355    0.291355
1595   0.59580   0.00000    0.326095    0.326095
1596   0.59680   0.00000    0.362510    0.362510
1597   0.59780   0.00000    0.400312    0.400312
1598   0.59880   0.00000    0.439175    0.439175
1599   0.59980   0.00000    0.478739    0.478739
1600   0.60080   1.00000    0.518619    0.481381
1601   0.60180   1.00000    0.558419    0.441581
1602   0.60280   1.00000    0.597743    0.402257
1603   0.60380   1.00000    0.636203    0.363797
1604   0.60480   1.00000    0.673439    0.326561
1605   0.60580   1.00000    0.709118    0.290882
1606   0.60680   1.00000    0.742952    0.257048
1607   0.60780   1.00000    0.774704    0.225296
1608   0.60880   1.00000    0.804188    0.195812
1609   0.60980   1.00000    0.831275    0.168725
1610   0.61081   1.00000    0.855895    0.144105
1611   0.61181   1.00000    0.878032    0.121968
1612   0.61281   1.00000    0.897718    0.102282
1613   0.61381   1.00000    0.915033    0.084967
1614   0.61481   1.00000    0.930094    0.069906
1615   0.61581   1.00000    0.943049    0.056951
1616   0.61681   1.00000    0.954065    0.045935
1617   0.61781   1.00000    0.963326    0.036674
1618   0.61881   1.00000    0.971022    0.028978
1619   0.61981   1.00000    0.977344    0.022656
1620   0.62081   1.00000    0.982476    0.017524
1621   0.62181   1.00000    0.986592    0.013408
1622   0.62281   1.00000    0.989854    0.010146
1623   0.62381   1.00000    0.992409    0.007591
1624   0.62481   1.00000    0.994384    0.005616
1625   0.62581   1.00000    0.995893    0.004107
1626   0.62681   1.00000    0.997032    0.002968
1627   0.62781   1.00000    0.997879    0.002121
1628   0.62881   1.00000    0.998503    0.001497
1629   0.62981   1.00000    0.998955    0.001045
1630   0.63082   1.00000    0.999279    0.000721
1631   0.63182   1.00000    0.999508    0.000492
1632   0.63282   1.00000    0.999667    0.000333
1633   0.63382   1.00000    0.999777    0.000223
1634   0.63482   1.00000    0.999851    0.000149
1635   0.63582   1.00000    0.999901    0.000099
1636   0.63682   1.00000    0.999933    0.000067
1637   0.63782   1.00000    0.999954    0.000046
1638   0.63882   1.00000    0.999967    0.000033
1639   0.63982   1.00000    0.999975    0.000025
1640   0.64082   1.00000    0.999980    0.000020
1641   0.64182   1.00000    0.999982    0.000018
1642   0.64282   1.00000    0.999983    0.000017
1643   0.64382   1.00000    0.999984    0.000016
1644   0.64482   1.00000    0.999984    0.000016
1645   0.64582   1.00000    0.999984    0.000016
1646   0.64682   1.00000    0.999985    0.000015
1647   0.64782   1.00000    0.999985    0.000015
1648   0.64882   1.00000    0.999985    0.000015
1649   0.64982   1.00000    0.999985    0.000015
1650   0.65083   1.00000    0.999985    0.000015
1651   0.65183   1.00000    0.999986    0.000014
1652   0.65283   1.00000    0.999986    0.000014
1653   0.65383   1.00000    0.999986    0.000014
1654   0.65483   1.00000    0.999986    0.000014
1655   0.65583   1.00000    0.999987    0.000013
1656   0.65683   1.00000    0.999987    0.000013
1657   0.65783   1.00000    0.999987    0.000013
1658   0.65883   1.00000    0.999987    0.000013
1659   0.65983   1.00000    0.999988    0.000012
1660   0.66083   1.00000    0.999988    0.000012
1661   0.66183   1.00000    0.999988    0.000012
1662   0.66283   1.00000    0.999988    0.000012
1663   0.66383   1.00000    0.999989    0.000011
1664   0.66483   1.00000    0.999989    0.000011
1665   0.66583   1.00000    0.999989    0.000011
1666   0.66683   1.00000    0.999989    0.000011
1667   0.66783   1.00000    0.999990    0.000010
1668   0.66883   1.00000    0.999990    0.000010
1669   0.66983   1.00000    0.999990    0.000010
1670   0.67084   1.00000    0.999990    0.000010
1671   0.67184   1.00000    0.999990    0.000010
1672   0.67284   1.00000    0.999991    0.000009
1673   0.67384   1.00000    0.999991    0.000009
1674   0.67484   1.00000    0.999991    0.000009
1675   0.67584   1.00000    0.999991    0.000009
1676   0.67684   1.00000    0.999992    0.000008
1677   0.67784   1.00000    0.999992    0.000008
1678   0.67884   1.00000    0.999992    0.000008
1679   0.67984   1.00000    0.999992    0.000008
1680   0.68084   1.00000    0.999993    0.000007
1681   0.68184   1.00000    0.999993    0.000007
1682   0.68284   1.00000    0.999993    0.000007
1683   0.68384   1.00000    0.999993    0.000007
1684   0.68484   1.00000    0.999994    0.000006
1685   0.68584   1.00000    0.999994    0.000006
1686   0.68684   1.00000    0.999994    0.000006
1687   0.68784   1.00000    0.999994    0.000006
1688   0.68884   1.00000    0.999995    0.000005
1689   0.68984   1.00000    0.999995    0.000005
1690   0.69085   1.00000    0.999995    0.000005
1691   0.69185   1.00000    0.999995    0.000005
1692   0.69285   1.00000    0.999995    0.000005
1693   0.69385   1.00000    0.999996    0.000004
1694   0.69485   1.00000    0.999996    0.000004
1695   0.69585   1.00000    0.999996    0.000004
1696   0.69685   1.00000    0.999996    0.000004
1697   0.69785   1.00000    0.999997    0.000003
1698   0.69885   1.00000    0.999997    0.000003
1699   0.69985   1.00000    0.999997    0.000003
1700   0.70085   1.00000    0.999997    0.000003
1701   0.70185   1.00000    0.999998    0.000002
1702   0.70285   1.00000    0.999998    0.000002
1703   0.70385   1.00000    0.999998    0.000002
1704   0.70485   1.00000    0.999998    0.000002
1705   0.70585   1.00000    0.999999    0.000001
1706   0.70685   1.00000    0.999999    0.000001
1707   0.70785   1.00000    0.999999    0.000001
1708   0.70885   1.00000    0.999999    0.000001
1709   0.70985   1.00000    1.000000    0.000000
1710   0.71086   1.00000    1.000000    0.000000
1711   0.71186   1.00000    1.000000    0.000000
1712   0.71286   1.00000    1.000000    0.000000
1713   0.71386   1.00000    1.000000    0.000000
1714   0.71486   1.00000    1.000000    0.000000
1715   0.71586   1.00000    1.000000    0.000000
1716   0.71686   1.00000    0.999999    0.000001
1717   0.71786   1.00000    0.999999    0.000001
1718   0.71886   1.00000    0.999998    0.000002
1719   0.71986   1.00000    0.999998    0.000002
1720   0.72086   1.00000    0.999998    0.000002
1721   0.72186   1.00000    0.999997    0.000003
1722   0.72286   1.00000    0.999997    0.000003
1723   0.72386   1.00000    0.999997    0.000003
1724   0.72486   1.00000    0.999996    0.000004
1725   0.72586   1.00000    0.999996    0.000004
1726   0.72686   1.00000    0.999996    0.000004
1727   0.72786   1.00000    0.999995    0.000005
1728   0.72886   1.00000    0.999995    0.000005
1729   0.72986   1.00000    0.999995    0.000005
1730   0.73087   1.00000    0.999994    0.000006
1731   0.73187   1.00000    0.999994    0.000006
1732   0.73287   1.00000    0.999993    0.000007
1733   0.73387   1.00000    0.999993    0.000007
1734   0.73487   1.00000    0.999993    0.000007
1735   0.73587   1.00000    0.999992    0.000008
1736   0.73687   1.00000    0.999992    0.000008
1737   0.73787   1.00000    0.999992    0.000008
1738   0.73887   1.00000    0.999991    0.000009
1739   0.73987   1.00000    0.999991    0.000009
1740   0.74087   1.00000    0.999991    0.000009
1741   0.74187   1.00000    0.999990    0.000010
1742   0.74287   1.00000    0.999990    0.000010
1743   0.74387   1.00000    0.999990    0.000010
1744   0.74487   1.00000    0.999989    0.000011
1745   0.74587   1.00000    0.999989    0.000011
1746   0.74687   1.00000    0.999988    0.000012
1747   0.74787   1.00000    0.999988    0.000012
1748   0.74887   1.00000    0.999988    0.000012
1749   0.74987   1.00000    0.999987    0.000013
1750   0.75088   1.00000    0.999987    0.000013
1751   0.75188   1.00000    0.999987    0.000013
1752   0.75288   1.00000    0.999986    0.000014
1753   0.75388   1.00000    0.999985    0.000015
1754   0.75488   1.00000    0.999983    0.000017
1755   0.75588   1.00000    0.999980    0.000020
1756   0.75688   1.00000    0.999975    0.000025
1757   0.75788   1.00000    0.999967    0.000033
1758   0.75888   1.00000    0.999955    0.000045
1759   0.75988   1.00000    0.999938    0.000062
1760   0.76088   1.00000    0.999914    0.000086
1761   0.76188   1.00000    0.999879    0.000121
1762   0.76288   1.00000    0.999830    0.000170
1763   0.76388   1.00000    0.999761    0.000239
1764   0.76488   1.00000    0.999666    0.000334
1765   0.76588   1.00000    0.999535    0.000465
1766   0.76688   1.00000    0.999357    0.000643
1767   0.76788   1.00000    0.999117    0.000883
1768   0.76888   1.00000    0.998796    0.001204
1769   0.76988   1.00000    0.998369    0.001631
1770   0.77089   1.00000    0.997806    0.002194
1771   0.77189   1.00000    0.997070    0.002930
1772   0.77289   1.00000    0.996116    0.003884
1773   0.77389   1.00000    0.994890    0.005110
1774   0.77489   1.00000    0.993326    0.006674
1775   0.77589   1.00000    0.991349    0.008651
1776   0.77689   1.00000    0.988868    0.011132
1777   0.77789   1.00000    0.985784    0.014216
1778   0.77889   1.00000    0.981980    0.018020
1779   0.77989   1.00000    0.977329    0.022671
1780   0.78089   1.00000    0.971691    0.028309
1781   0.78189   1.00000    0.964916    0.035084
1782   0.78289   1.00000    0.956842    0.043158
1783   0.78389   1.00000    0.947307    0.052693
1784   0.78489   1.00000    0.936144    0.063856
1785   0.78589   1.00000    0.923191    0.076809
1786   0.78689   1.00000    0.908293    0.091707
1787   0.78789   1.00000    0.891312    0.108688
1788   0.78889   1.00000    0.872131    0.127869
1789   0.78990   1.00000    0.850662    0.149338
1790   0.79090   1.00000    0.826851    0.173149
1791   0.79190   1.00000    0.800685    0.199315
1792   0.79290   1.00000    0.772197    0.227803
1793   0.79390   1.00000    0.741472    0.258528
1794   0.79490   1.00000    0.708645    0.291355
1795   0.79590   1.00000    0.673905    0.326095
1796   0.79690   1.00000    0.637490    0.362510
1797   0.79790   1.00000    0.599688    0.400312
1798   0.79890   1.00000    0.560825    0.439175
1799   0.79990   1.00000    0.521261    0.478739
1800   0.80090   0.00000    0.481381    0.481381
1801   0.80190   0.00000    0.441581    0.441581
1802   0.80290   0.00000    0.402257    0.402257
1803   0.80390   0.00000    0.363796    0.363796
1804   0.80490   0.00000    0.326561    0.326561
1805   0.80590   0.00000    0.290882    0.290882
1806   0.80690   0.00000    0.257047    0.257047
1807   0.80790   0.00000    0.225295    0.225295
1808   0.80890   0.00000    0.195812    0.195812
1809   0.80991   0.00000    0.168724    0.168724
1810   0.81091   0.00000    0.144104    0.144104
1811   0.81191   0.00000    0.121968    0.121968
1812   0.81291   0.00000    0.102281    0.102281
1813   0.81391   0.00000    0.084966    0.084966
1814   0.81491   0.00000    0.069904    0.069904
1815   0.81591   0.00000    0.056950    0.056950
1816   0.81691   0.00000    0.045934    0.045934
1817   0.81791   0.00000    0.036673    0.036673
1818   0.81891   0.00000    0.028976    0.028976
1819   0.81991   0.00000    0.022654    0.022654
1820   0.82091   0.00000    0.017522    0.017522
1821   0.82191   0.00000    0.013406    0.013406
1822   0.82291   0.00000    0.010143    0.010143
1823   0.82391   0.00000    0.007588    0.007588
1824   0.82491   0.00000    0.005612    0.005612
1825   0.82591   0.00000    0.004103    0.004103
1826   0.82691   0.00000    0.002964    0.002964
1827   0.82791   0.00000    0.002116    0.002116
1828   0.82891   0.00000    0.001492    0.001492
1829   0.82992   0.00000    0.001040    0.001040
1830   0.83092   0.00000    0.000715    0.000715
1831   0.83192   0.00000    0.000486    0.000486
1832   0.83292   0.00000    0.000326    0.000326
1833   0.83392   0.00000    0.000216    0.000216
1834   0.83492   0.00000    0.000141    0.000141
1835   0.83592   0.00000    0.000091    0.000091
1836   0.83692   0.00000    0.000058    0.000058
1837   0.83792   0.00000    0.000036    0.000036
1838   0.83892   0.00000    0.000022    0.000022
1839   0.83992   0.00000    0.000014    0.000014
1840   0.84092   0.00000    0.000008    0.000008
1841   0.84192   0.00000    0.000005    0.000005
1842   0.84292   0.00000    0.000003    0.000003
1843   0.84392   0.00000    0.000002    0.000002
1844   0.84492   0.00000    0.000001    0.000001
1845   0.84592   0.00000    0.000001    0.000001
1846   0.84692   0.00000    0.000000    0.000000
1847   0.84792   0.00000    0.000000    0.000000
1848   0.84892   0.00000    0.000000    0.000000
1849   0.84993   0.00000    0.000000    0.000000
1850   0.85093   0.00000    0.000000    0.000000
1851   0.85193   0.00000    0.000000    0.000000
1852   0.85293   0.00000    0.000000    0.000000
1853   0.85393   0.00000    0.000000    0.000000
1854   0.85493   0.00000    0.000000    0.000000
1855   0.85593   0.00000    0.000000    0.000000
1856   0.85693   0.00000    0.000000    0.000000
1857   0.85793   0.00000    0.000000    0.000000
1858   0.85893   0.00000    0.000000    0.000000
1859   0.85993   0.00000    0.000000    0.000000
1860   0.86093   0.00000    0.000000    0.000000
1861   0.86193   0.00000    0.000000    0.000000
1862   0.86293   0.00000    0.000000    0.000000
1863   0.86393   0.00000    0.000000    0.000000
1864   0.86493   0.00000    0.000000    0.000000
1865   0.86593   0.00000    0.000000    0.000000
1866   0.86693   0.00000    0.000000    0.000000
1867   0.86793   0.00000    0.000000    0.000000
1868   0.86893   0.00000    0.000000    0.000000
1869   0.86994   0.00000    0.000000    0.000000
1870   0.87094   0.00000    0.000000    0.000000
1871   0.87194   0.00000    0.000000    0.000000
1872   0.87294   0.00000    0.000000    0.000000
1873   0.87394   0.00000    0.000000    0.000000
1874   0.87494   0.00000    0.000000    0.000000
1875   0.87594   0.00000    0.000000    0.000000
1876   0.87694   0.00000    0.000000    0.000000
1877   0.87794   0.00000    0.000000    0.000000
1878   0.87894   0.00000    0.000000    0.000000
1879   0.87994   0.00000    0.000000    0.000000
1880   0.88094   0.00000    0.000000    0.000000
1881   0.88194   0.00000    0.000000    0.000000
1882   0.88294   0.00000    0.000000    0.000000
1883   0.88394   0.00000    0.000000    0.000000
1884   0.88494   0.00000    0.000000    0.000000
1885   0.88594   0.00000    0.000000    0.000000
1886   0.88694   0.00000    0.000000    0.000000
1887   0.88794   0.00000    0.000000    0.000000
1888   0.88894   0.00000    0.000000    0.000000
1889   0.88995   0.00000    0.000000    0.000000
1890   0.89095   0.00000    0.000000    0.000000
1891   0.89195   0.00000    0.000000    0.000000
1892   0.89295   0.00000    0.000000    0.000000
1893   0.89395   0.00000    0.000000    0.000000
1894   0.89495   0.00000    0.000000    0.000000
1895   0.89595   0.00000    0.000000    0.000000
1896   0.89695   0.00000    0.000000    0.000000
1897   0.89795   0.00000    0.000000    0.000000
1898   0.89895   0.00000    0.000000    0.000000
1899   0.89995   0.00000    0.000000    0.000000
1900   0.90095   0.00000    0.000000    0.000000
1901   0.90195   0.00000    0.000000    0.000000
1902   0.90295   0.00000    0.000000    0.000000
1903   0.90395   0.00000    0.000000    0.000000
1904   0.90495   0.00000    0.000000    0.000000
1905   0.90595   0.00000    0.000000    0.000000
1906   0.90695   0.00000    0.000000    0.000000
1907   0.90795   0.00000    0.000000    0.000000
1908   0.90895   0.00000    0.000000    0.000000
1909   0.90996   0.00000    0.000000    0.000000
1910   0.91096   0.00000    0.000000    0.000000
1911   0.91196   0.00000    0.000000    0.000000
1912   0.91296   0.00000    0.000000    0.000000
1913   0.91396   0.00000    0.000000    0.000000
1914   0.91496   0.00000    0.000000    0.000000
1915   0.91596   0.00000    0.000000    0.000000
1916   0.91696   0.00000    0.000000    0.000000
1917   0.91796   0.00000    0.000000    0.000000
1918   0.91896   0.00000    0.000000    0.000000
1919   0.91996   0.00000    0.000000    0.000000
1920   0.92096   0.00000    0.000000    0.000000
1921   0.92196   0.00000    0.000000    0.000000
1922   0.92296   0.00000    0.000000    0.000000
1923   0.92396   0.00000    0.000000    0.000000
1924   0.92496   0.00000    0.000000    0.000000
1925   0.92596   0.00000    0.000000    0.000000
1926   0.92696   0.00000    0.000000    0.000000
1927   0.92796   0.00000    0.000000    0.000000
1928   0.92896   0.00000    0.000000    0.000000
1929   0.92997   0.00000    0.000000    0.000000
1930   0.93097   0.00000    0.000000    0.000000
1931   0.93197   0.00000    0.000000    0.000000
1932   0.93297   0.00000    0.000000    0.000000
1933   0.93397   0.00000    0.000000    0.000000
1934   0.93497   0.00000    0.000000    0.000000
1935   0.93597   0.00000    0.000000    0.000000
1936   0.93697   0.00000    0.000000    0.000000
1937   0.93797   0.00000    0.000000    0.000000
1938   0.93897   0.00000    0.000000    0.000000
1939   0.93997   0.00000    0.000000    0.000000
1940   0.94097   0.00000    0.000000    0.000000
1941   0.94197   0.00000    0.000000    0.000000
1942   0.94297   0.00000    0.000000    0.000000
1943   0.94397   0.00000    0.000000    0.000000
1944   0.94497   0.00000    0.000000    0.000000
1945   0.94597   0.00000    0.000000    0.000000
1946   0.94697   0.00000    0.000000    0.000000
1947   0.94797   0.00000    0.000000    0.000000
1948   0.94897   0.00000    0.000000    0.000000
1949   0.94998   0.00000    0.000000    0.000000
1950   0.95098   0.00000    0.000000    0.000000
1951   0.95198   0.00000    0.000000    0.000000
1952   0.95298   0.00000    0.000000    0.000000
1953   0.95398   0.00000    0.000000    0.000000
1954   0.95498   0.00000    0.000000    0.000000
1955   0.95598   0.00000    0.000000    0.000000
1956   0.95698   0.00000    0.000000    0.000000
1957   0.95798   0.00000    0.000001    0.000001
1958   0.95898   0.00000    0.000001    0.000001
1959   0.95998   0.00000    0.000001    0.000001
1960   0.96098   0.00000    0.000002    0.000002
1961   0.96198   0.00000    0.000003    0.000003
1962   0.96298   0.00000    0.000005    0.000005
1963   0.96398   0.00000    0.000007    0.000007
1964   0.96498   0.00000    0.000009    0.000009
1965   0.96598   0.00000    0.000013    0.000013
1966   0.96698   0.00000    0.000019    0.000019
1967   0.96798   0.00000    0.000026    0.000026
1968   0.96898   0.00000    0.000037    0.000037
1969   0.96999   0.00000    0.000051    0.000051
1970   0.97099   0.00000    0.000070    0.000070
1971   0.97199   0.00000    0.000096    0.000096
1972   0.97299   0.00000    0.000130    0.000130
1973   0.97399   0.00000    0.000175    0.000175
1974   0.97499   0.00000    0.000234    0.000234
1975   0.97599   0.00000    0.000310    0.000310
1976   0.97699   0.00000    0.000409    0.000409
1977   0.97799   0.00000    0.000536    0.000536
1978   0.97899   0.00000    0.000697    0.000697
1979   0.97999   0.00000    0.000901    0.000901
1980   0.98099   0.00000    0.001156    0.001156
1981   0.98199   0.00000    0.001473    0.001473
1982   0.98299   0.00000    0.001864    0.001864
1983   0.98399   0.00000    0.002344    0.002344
1984   0.98499   0.00000    0.002927    0.002927
1985   0.98599   0.00000    0.003631    0.003631
1986   0.98699   0.00000    0.004474    0.004474
1987   0.98799   0.00000    0.005476    0.005476
1988   0.98899   0.00000    0.006660    0.006660
1989   0.99000   0.00000    0.008046    0.008046
1990   0.99100   0.00000    0.009660    0.009660
1991   0.99200   0.00000    0.011523    0.011523
1992   0.99300   0.00000    0.013659    0.013659
1993   0.99400   0.00000    0.016092    0.016092
1994   0.99500   0.00000    0.018843    0.018843
1995   0.99600   0.00000    0.021932    0.021932
1996   0.99700   0.00000    0.025377    0.025377
1997   0.99800   0.00000    0.029193    0.029193
1998   0.99900   0.00000    0.033392    0.033392
1999   1.00000   0.00000    0.037984    0.037984
 
