 i       X     FEXACT   FI_LAXF   ERR_LAXF
   0  -1.00000   0.00000    0.056061    0.056061
   1  -0.99900   0.01001    0.061009    0.051003
   2  -0.99800   0.02001    0.066231    0.046220
   3  -0.99700   0.03001    0.071728    0.041713
   4  -0.99600   0.04002    0.077497    0.037477
   5  -0.99500   0.05002    0.083537    0.033512
   6  -0.99400   0.06003    0.089841    0.029811
   7  -0.99300   0.07004    0.096408    0.026373
   8  -0.99200   0.08004    0.103226    0.023186
   9  -0.99100   0.09004    0.110294    0.020250
  10  -0.99000   0.10005    0.117596    0.017546
  11  -0.98899   0.11006    0.125132    0.015077
  12  -0.98799   0.12006    0.132880    0.012820
  13  -0.98699   0.13006    0.140842    0.010778
  14  -0.98599   0.14007    0.148995    0.008924
  15  -0.98499   0.15007    0.157339    0.007264
  16  -0.98399   0.16008    0.165849    0.005769
  17  -0.98299   0.17009    0.174527    0.004442
  18  -0.98199   0.18009    0.183348    0.003258
  19  -0.98099   0.19010    0.192312    0.002216
  20  -0.97999   0.20010    0.201396    0.001296
  21  -0.97899   0.21011    0.210601    0.000496
  22  -0.97799   0.22011    0.219903    0.000207
  23  -0.97699   0.23011    0.229305    0.000810
  24  -0.97599   0.24012    0.238785    0.001336
  25  -0.97499   0.25012    0.248344    0.001781
  26  -0.97399   0.26013    0.257964    0.002166
  27  -0.97299   0.27014    0.267647    0.002488
  28  -0.97199   0.28014    0.277376    0.002763
  29  -0.97099   0.29015    0.287154    0.002992
  30  -0.96999   0.30015    0.296965    0.003185
  31  -0.96898   0.31016    0.306813    0.003342
  32  -0.96798   0.32016    0.316685    0.003475
  33  -0.96698   0.33016    0.326584    0.003580
  34  -0.96598   0.34017    0.336500    0.003671
  35  -0.96498   0.35017    0.346435    0.003740
  36  -0.96398   0.36018    0.356382    0.003798
  37  -0.96298   0.37019    0.366341    0.003844
  38  -0.96198   0.38019    0.376309    0.003881
  39  -0.96098   0.39020    0.386285    0.003911
  40  -0.95998   0.40020    0.396266    0.003934
  41  -0.95898   0.41021    0.406253    0.003952
  42  -0.95798   0.42021    0.416242    0.003968
  43  -0.95698   0.43021    0.426235    0.003979
  44  -0.95598   0.44022    0.436229    0.003991
  45  -0.95498   0.45022    0.446226    0.003999
  46  -0.95398   0.46023    0.456222    0.004008
  47  -0.95298   0.47024    0.466219    0.004016
  48  -0.95198   0.48024    0.476215    0.004025
  49  -0.95098   0.49025    0.486211    0.004035
  50  -0.94998   0.50025    0.496204    0.004045
  51  -0.94897   0.51026    0.506197    0.004058
  52  -0.94797   0.52026    0.516186    0.004074
  53  -0.94697   0.53026    0.526173    0.004092
  54  -0.94597   0.54027    0.536155    0.004116
  55  -0.94497   0.55027    0.546133    0.004142
  56  -0.94397   0.56028    0.556103    0.004177
  57  -0.94297   0.57029    0.566068    0.004217
  58  -0.94197   0.58029    0.576023    0.004267
  59  -0.94097   0.59030    0.585969    0.004326
  60  -0.93997   0.60030    0.595900    0.004400
  61  -0.93897   0.61031    0.605821    0.004485
  62  -0.93797   0.62031    0.615719    0.004591
  63  -0.93697   0.63031    0.625602    0.004712
  64  -0.93597   0.64032    0.635456    0.004865
  65  -0.93497   0.65032    0.645288    0.005037
  66  -0.93397   0.66033    0.655080    0.005250
  67  -0.93297   0.67034    0.664844    0.005492
  68  -0.93197   0.68034    0.674554    0.005786
  69  -0.93097   0.69035    0.684225    0.006121
  70  -0.92996   0.70035    0.693827    0.006523
  71  -0.92896   0.71036    0.703377    0.006978
  72  -0.92796   0.72036    0.712838    0.007522
  73  -0.92696   0.73037    0.722230    0.008135
  74  -0.92596   0.74037    0.731511    0.008860
  75  -0.92496   0.75037    0.740702    0.009673
  76  -0.92396   0.76038    0.749753    0.010627
  77  -0.92296   0.77039    0.758692    0.011693
  78  -0.92196   0.78039    0.767458    0.012932
  79  -0.92096   0.79040    0.776085    0.014311
  80  -0.91996   0.80040    0.784501    0.015899
  81  -0.91896   0.81041    0.792747    0.017658
  82  -0.91796   0.82041    0.800742    0.019669
  83  -0.91696   0.83042    0.808531    0.021884
  84  -0.91596   0.84042    0.816025    0.024396
  85  -0.91496   0.85042    0.823277    0.027148
  86  -0.91396   0.86043    0.830185    0.030245
  87  -0.91296   0.87044    0.836813    0.033622
  88  -0.91196   0.88044    0.843049    0.037392
  89  -0.91096   0.89045    0.848964    0.041481
  90  -0.90995   0.90045    0.854440    0.046010
  91  -0.90895   0.91045    0.859556    0.050898
  92  -0.90795   0.92046    0.864188    0.056272
  93  -0.90695   0.93047    0.868423    0.062042
  94  -0.90595   0.94047    0.872134    0.068337
  95  -0.90495   0.95047    0.875414    0.075061
  96  -0.90395   0.96048    0.878135    0.082345
  97  -0.90295   0.97049    0.880399    0.090086
  98  -0.90195   0.98049    0.882079    0.098412
  99  -0.90095   0.99050    0.883280    0.107216
 100  -0.89995   0.99950    0.883881    0.115619
 101  -0.89895   0.98950    0.883991    0.105504
 102  -0.89795   0.97949    0.883496    0.095993
 103  -0.89695   0.96948    0.882508    0.086977
 104  -0.89595   0.95948    0.880921    0.078559
 105  -0.89495   0.94948    0.878845    0.070630
 106  -0.89395   0.93947    0.876189    0.063280
 107  -0.89295   0.92946    0.873060    0.056405
 108  -0.89195   0.91946    0.869379    0.050081
 109  -0.89095   0.90945    0.865247    0.044207
 110  -0.88994   0.89945    0.860601    0.038849
 111  -0.88894   0.88944    0.855536    0.033908
 112  -0.88794   0.87944    0.850000    0.029440
 113  -0.88694   0.86943    0.844081    0.025353
 114  -0.88594   0.85943    0.837743    0.021687
 115  -0.88494   0.84943    0.831060    0.018365
 116  -0.88394   0.83942    0.824011    0.015408
 117  -0.88294   0.82941    0.816660    0.012755
 118  -0.88194   0.81941    0.808995    0.010415
 119  -0.88094   0.80940    0.801071    0.008333
 120  -0.87994   0.79940    0.792884    0.006516
 121  -0.87894   0.78939    0.784480    0.004914
 122  -0.87794   0.77939    0.775860    0.003530
 123  -0.87694   0.76938    0.767063    0.002322
 124  -0.87594   0.75938    0.758091    0.001288
 125  -0.87494   0.74938    0.748979    0.000397
 126  -0.87394   0.73937    0.739729    0.000361
 127  -0.87294   0.72936    0.730370    0.001005
 128  -0.87194   0.71936    0.720905    0.001546
 129  -0.87094   0.70935    0.711357    0.002003
 130  -0.86993   0.69935    0.701730    0.002380
 131  -0.86893   0.68934    0.692041    0.002697
 132  -0.86793   0.67934    0.682295    0.002955
 133  -0.86693   0.66933    0.672503    0.003169
 134  -0.86593   0.65933    0.662671    0.003342
 135  -0.86493   0.64933    0.652807    0.003481
 136  -0.86393   0.63932    0.642915    0.003596
 137  -0.86293   0.62931    0.633000    0.003685
 138  -0.86193   0.61931    0.623067    0.003757
 139  -0.86093   0.60930    0.613119    0.003815
 140  -0.85993   0.59930    0.603159    0.003859
 141  -0.85893   0.58929    0.593189    0.003895
 142  -0.85793   0.57929    0.583212    0.003922
 143  -0.85693   0.56928    0.573228    0.003943
 144  -0.85593   0.55928    0.563240    0.003961
 145  -0.85493   0.54928    0.553249    0.003973
 146  -0.85393   0.53927    0.543255    0.003986
 147  -0.85293   0.52926    0.533259    0.003994
 148  -0.85193   0.51926    0.523262    0.004003
 149  -0.85093   0.50925    0.513264    0.004010
 150  -0.84992   0.49925    0.503268    0.004018
 151  -0.84892   0.48924    0.493270    0.004026
 152  -0.84792   0.47924    0.483275    0.004035
 153  -0.84692   0.46923    0.473279    0.004045
 154  -0.84592   0.45923    0.463287    0.004058
 155  -0.84492   0.44922    0.453296    0.004072
 156  -0.84392   0.43922    0.443309    0.004090
 157  -0.84292   0.42921    0.433324    0.004109
 158  -0.84192   0.41921    0.423345    0.004135
 159  -0.84092   0.40920    0.413369    0.004165
 160  -0.83992   0.39920    0.403402    0.004203
 161  -0.83892   0.38919    0.393440    0.004246
 162  -0.83792   0.37919    0.383489    0.004299
 163  -0.83692   0.36918    0.373545    0.004360
 164  -0.83592   0.35918    0.363617    0.004437
 165  -0.83492   0.34917    0.353699    0.004524
 166  -0.83392   0.33917    0.343801    0.004632
 167  -0.83292   0.32916    0.333918    0.004753
 168  -0.83192   0.31916    0.324062    0.004902
 169  -0.83092   0.30915    0.314224    0.005070
 170  -0.82991   0.29915    0.304423    0.005274
 171  -0.82891   0.28914    0.294646    0.005502
 172  -0.82791   0.27914    0.284917    0.005777
 173  -0.82691   0.26913    0.275218    0.006084
 174  -0.82591   0.25913    0.265580    0.006451
 175  -0.82491   0.24912    0.255983    0.006858
 176  -0.82391   0.23912    0.246460    0.007341
 177  -0.82291   0.22912    0.236989    0.007874
 178  -0.82191   0.21911    0.227611    0.008501
 179  -0.82091   0.20910    0.218295    0.009191
 180  -0.81991   0.19910    0.209094    0.009995
 181  -0.81891   0.18909    0.199969    0.010875
 182  -0.81791   0.17909    0.190980    0.011890
 183  -0.81691   0.16908    0.182083    0.012998
 184  -0.81591   0.15908    0.173347    0.014267
 185  -0.81491   0.14907    0.164718    0.015644
 186  -0.81391   0.13907    0.156277    0.017208
 187  -0.81291   0.12907    0.147961    0.018896
 188  -0.81191   0.11906    0.139858    0.020798
 189  -0.81091   0.10905    0.131898    0.022843
 190  -0.80990   0.09905    0.124177    0.025128
 191  -0.80890   0.08904    0.116617    0.027573
 192  -0.80790   0.07904    0.109320    0.030280
 193  -0.80690   0.06903    0.102200    0.033165
 194  -0.80590   0.05903    0.095367    0.036337
 195  -0.80490   0.04902    0.088724    0.039699
 196  -0.80390   0.03902    0.082386    0.043367
 197  -0.80290   0.02902    0.076252    0.047236
 198  -0.80190   0.01901    0.070436    0.051427
 199  -0.80090   0.00900    0.064833    0.055828
 200  -0.79990   0.00000    0.059557    0.059557
 201  -0.79890   0.00000    0.054499    0.054499
 202  -0.79790   0.00000    0.049771    0.049771
 203  -0.79690   0.00000    0.045263    0.045263
 204  -0.79590   0.00000    0.041081    0.041081
 205  -0.79490   0.00000    0.037117    0.037117
 206  -0.79390   0.00000    0.033468    0.033468
 207  -0.79290   0.00000    0.030031    0.030031
 208  -0.79190   0.00000    0.026894    0.026894
 209  -0.79090   0.00000    0.023957    0.023957
 210  -0.78989   0.00000    0.021301    0.021301
 211  -0.78889   0.00000    0.018831    0.018831
 212  -0.78789   0.00000    0.016617    0.016617
 213  -0.78689   0.00000    0.014574    0.014574
 214  -0.78589   0.00000    0.012760    0.012760
 215  -0.78489   0.00000    0.011099    0.011099
 216  -0.78389   0.00000    0.009638    0.009638
 217  -0.78289   0.00000    0.008311    0.008311
 218  -0.78189   0.00000    0.007155    0.007155
 219  -0.78089   0.00000    0.006114    0.006114
 220  -0.77989   0.00000    0.005217    0.005217
 221  -0.77889   0.00000    0.004417    0.004417
 222  -0.77789   0.00000    0.003734    0.003734
 223  -0.77689   0.00000    0.003130    0.003130
 224  -0.77589   0.00000    0.002621    0.002621
 225  -0.77489   0.00000    0.002175    0.002175
 226  -0.77389   0.00000    0.001803    0.001803
 227  -0.77289   0.00000    0.001481    0.001481
 228  -0.77189   0.00000    0.001215    0.001215
 229  -0.77089   0.00000    0.000987    0.000987
 230  -0.76988   0.00000    0.000801    0.000801
 231  -0.76888   0.00000    0.000644    0.000644
 232  -0.76788   0.00000    0.000517    0.000517
 233  -0.76688   0.00000    0.000410    0.000410
 234  -0.76588   0.00000    0.000325    0.000325
 235  -0.76488   0.00000    0.000255    0.000255
 236  -0.76388   0.00000    0.000200    0.000200
 237  -0.76288   0.00000    0.000155    0.000155
 238  -0.76188   0.00000    0.000120    0.000120
 239  -0.76088   0.00000    0.000092    0.000092
 240  -0.75988   0.00000    0.000070    0.000070
 241  -0.75888   0.00000    0.000053    0.000053
 242  -0.75788   0.00000    0.000040    0.000040
 243  -0.75688   0.00000    0.000030    0.000030
 244  -0.75588   0.00000    0.000022    0.000022
 245  -0.75488   0.00000    0.000016    0.000016
 246  -0.75388   0.00000    0.000012    0.000012
 247  -0.75288   0.00000    0.000009    0.000009
 248  -0.75188   0.00000    0.000006    0.000006
 249  -0.75088   0.00000    0.000004    0.000004
 250  -0.74987   0.00000    0.000003    0.000003
 251  -0.74887   0.00000    0.000002    0.000002
 252  -0.74787   0.00000    0.000002    0.000002
 253  -0.74687   0.00000    0.000001    0.000001
 254  -0.74587   0.00000    0.000001    0.000001
 255  -0.74487   0.00000    0.000000    0.000000
 256  -0.74387   0.00000    0.000000    0.000000
 257  -0.74287   0.00000    0.000000    0.000000
 258  -0.74187   0.00000    0.000000    0.000000
 259  -0.74087   0.00000    0.000000    0.000000
 260  -0.73987   0.00000    0.000000    0.000000
 261  -0.73887   0.00000    0.000000    0.000000
 262  -0.73787   0.00000    0.000000    0.000000
 263  -0.73687   0.00000    0.000000    0.000000
 264  -0.73587   0.00000    0.000000    0.000000
 265  -0.73487   0.00000    0.000000    0.000000
 266  -0.73387   0.00000    0.000000    0.000000
 267  -0.73287   0.00000    0.000000    0.000000
 268  -0.73187   0.00000    0.000000    0.000000
 269  -0.73087   0.00000    0.000000    0.000000
 270  -0.72986   0.00000    0.000000    0.000000
 271  -0.72886   0.00000    0.000000    0.000000
 272  -0.72786   0.00000    0.000000    0.000000
 273  -0.72686   0.00000    0.000000    0.000000
 274  -0.72586   0.00000    0.000000    0.000000
 275  -0.72486   0.00000    0.000000    0.000000
 276  -0.72386   0.00000    0.000000    0.000000
 277  -0.72286   0.00000    0.000000    0.000000
 278  -0.72186   0.00000    0.000000    0.000000
 279  -0.72086   0.00000    0.000000    0.000000
 280  -0.71986   0.00000    0.000000    0.000000
 281  -0.71886   0.00000    0.000000    0.000000
 282  -0.71786   0.00000    0.000000    0.000000
 283  -0.71686   0.00000    0.000000    0.000000
 284  -0.71586   0.00000    0.000000    0.000000
 285  -0.71486   0.00000    0.000000    0.000000
 286  -0.71386   0.00000    0.000000    0.000000
 287  -0.71286   0.00000    0.000000    0.000000
 288  -0.71186   0.00000    0.000000    0.000000
 289  -0.71086   0.00000    0.000000    0.000000
 290  -0.70985   0.00000    0.000000    0.000000
 291  -0.70885   0.00000    0.000000    0.000000
 292  -0.70785   0.00000    0.000000    0.000000
 293  -0.70685   0.00000    0.000000    0.000000
 294  -0.70585   0.00000    0.000000    0.000000
 295  -0.70485   0.00000    0.000000    0.000000
 296  -0.70385   0.00000    0.000000    0.000000
 297  -0.70285   0.00000    0.000000    0.000000
 298  -0.70185   0.00000    0.000000    0.000000
 299  -0.70085   0.00000    0.000000    0.000000
 300  -0.69985   0.00000    0.000000    0.000000
 301  -0.69885   0.00000    0.000000    0.000000
 302  -0.69785   0.00000    0.000000    0.000000
 303  -0.69685   0.00000    0.000000    0.000000
 304  -0.69585   0.00000    0.000000    0.000000
 305  -0.69485   0.00000    0.000000    0.000000
 306  -0.69385   0.00000    0.000000    0.000000
 307  -0.69285   0.00000    0.000000    0.000000
 308  -0.69185   0.00000    0.000000    0.000000
 309  -0.69085   0.00000    0.000000    0.000000
 310  -0.68984   0.00000    0.000000    0.000000
 311  -0.68884   0.00000    0.000000    0.000000
 312  -0.68784   0.00000    0.000000    0.000000
 313  -0.68684   0.00000    0.000000    0.000000
 314  -0.68584   0.00000    0.000000    0.000000
 315  -0.68484   0.00000    0.000000    0.000000
 316  -0.68384   0.00000    0.000000    0.000000
 317  -0.68284   0.00000    0.000000    0.000000
 318  -0.68184   0.00000    0.000000    0.000000
 319  -0.68084   0.00000    0.000000    0.000000
 320  -0.67984   0.00000    0.000000    0.000000
 321  -0.67884   0.00000    0.000000    0.000000
 322  -0.67784   0.00000    0.000000    0.000000
 323  -0.67684   0.00000    0.000000    0.000000
 324  -0.67584   0.00000    0.000000    0.000000
 325  -0.67484   0.00000    0.000000    0.000000
 326  -0.67384   0.00000    0.000000    0.000000
 327  -0.67284   0.00000    0.000000    0.000000
 328  -0.67184   0.00000    0.000001    0.000001
 329  -0.67084   0.00000    0.000001    0.000001
 330  -0.66983   0.00000    0.000001    0.000001
 331  -0.66883   0.00000    0.000001    0.000001
 332  -0.66783   0.00000    0.000002    0.000002
 333  -0.66683   0.00000    0.000002    0.000002
 334  -0.66583   0.00000    0.000003    0.000003
 335  -0.66483   0.00000    0.000004    0.000004
 336  -0.66383   0.00000    0.000005    0.000005
 337  -0.66283   0.00000    0.000006    0.000006
 338  -0.66183   0.00000    0.000008    0.000008
 339  -0.66083   0.00000    0.000010    0.000010
 340  -0.65983   0.00000    0.000014    0.000014
 341  -0.65883   0.00000    0.000016    0.000016
 342  -0.65783   0.00000    0.000023    0.000023
 343  -0.65683   0.00000    0.000027    0.000027
 344  -0.65583   0.00000    0.000037    0.000037
 345  -0.65483   0.00000    0.000044    0.000044
 346  -0.65383   0.00000    0.000059    0.000059
 347  -0.65283   0.00000    0.000070    0.000070
 348  -0.65183   0.00000    0.000094    0.000094
 349  -0.65083   0.00000    0.000110    0.000110
 350  -0.64982   0.00000    0.000147    0.000147
 351  -0.64882   0.00000    0.000172    0.000172
 352  -0.64782   0.00000    0.000228    0.000228
 353  -0.64682   0.00000    0.000265    0.000265
 354  -0.64582   0.00000    0.000348    0.000348
 355  -0.64482   0.00000    0.000404    0.000404
 356  -0.64382   0.00000    0.000526    0.000526
 357  -0.64282   0.00000    0.000608    0.000608
 358  -0.64182   0.00000    0.000785    0.000785
 359  -0.64082   0.00000    0.000904    0.000904
 360  -0.63982   0.00000    0.001158    0.001158
 361  -0.63882   0.00000    0.001329    0.001329
 362  -0.63782   0.00000    0.001686    0.001686
 363  -0.63682   0.00000    0.001928    0.001928
 364  -0.63582   0.00000    0.002426    0.002426
 365  -0.63482   0.00000    0.002765    0.002765
 366  -0.63382   0.00000    0.003448    0.003448
 367  -0.63282   0.00000    0.003915    0.003915
 368  -0.63182   0.00000    0.004841    0.004841
 369  -0.63082   0.00000    0.005476    0.005476
 370  -0.62981   0.00000    0.006712    0.006712
 371  -0.62881   0.00000    0.007565    0.007565
 372  -0.62781   0.00000    0.009192    0.009192
 373  -0.62681   0.00000    0.010321    0.010321
 374  -0.62581   0.00000    0.012433    0.012433
 375  -0.62481   0.00000    0.013907    0.013907
 376  -0.62381   0.00000    0.016610    0.016610
 377  -0.62281   0.00000    0.018507    0.018507
 378  -0.62181   0.00000    0.021917    0.021917
 379  -0.62081   0.00000    0.024324    0.024324
 380  -0.61981   0.00000    0.028564    0.028564
 381  -0.61881   0.00000    0.031575    0.031575
 382  -0.61781   0.00000    0.036772    0.036772
 383  -0.61681   0.00000    0.040485    0.040485
 384  -0.61581   0.00000    0.046760    0.046760
 385  -0.61481   0.00000    0.051274    0.051274
 386  -0.61381   0.00000    0.058740    0.058740
 387  -0.61281   0.00000    0.064150    0.064150
 388  -0.61181   0.00000    0.072903    0.072903
 389  -0.61081   0.00000    0.079294    0.079294
 390  -0.60980   0.00000    0.089405    0.089405
 391  -0.60880   0.00000    0.096845    0.096845
 392  -0.60780   0.00000    0.108354    0.108354
 393  -0.60680   0.00000    0.116892    0.116892
 394  -0.60580   0.00000    0.129799    0.129799
 395  -0.60480   0.00000    0.139457    0.139457
 396  -0.60380   0.00000    0.153719    0.153719
 397  -0.60280   0.00000    0.164490    0.164490
 398  -0.60180   0.00000    0.180021    0.180021
 399  -0.60080   0.00000    0.191863    0.191863
 400  -0.59980   0.06323    0.208531    0.145297
 401  -0.59880   0.15450    0.221370    0.066874
 402  -0.59780   0.20866    0.239005    0.030345
 403  -0.59680   0.25101    0.252733    0.001722
 404  -0.59580   0.28684    0.271131    0.015708
 405  -0.59480   0.31835    0.285612    0.032736
 406  -0.59380   0.34672    0.304545    0.042175
 407  -0.59280   0.37267    0.319622    0.053050
 408  -0.59180   0.39667    0.338849    0.057825
 409  -0.59080   0.41907    0.354347    0.064723
 410  -0.58979   0.44010    0.373626    0.066474
 411  -0.58879   0.45995    0.389362    0.070591
 412  -0.58779   0.47877    0.408461    0.070312
 413  -0.58679   0.49668    0.424254    0.072425
 414  -0.58579   0.51377    0.442964    0.070804
 415  -0.58479   0.53012    0.458642    0.071476
 416  -0.58379   0.54580    0.476781    0.069014
 417  -0.58279   0.56086    0.492188    0.068668
 418  -0.58179   0.57535    0.509611    0.065737
 419  -0.58079   0.58931    0.524613    0.064701
 420  -0.57979   0.60279    0.541210    0.061582
 421  -0.57879   0.61581    0.555698    0.060113
 422  -0.57779   0.62840    0.571400    0.057002
 423  -0.57679   0.64059    0.585293    0.055295
 424  -0.57579   0.65240    0.600066    0.052329
 425  -0.57479   0.66384    0.613308    0.050533
 426  -0.57379   0.67494    0.627148    0.047797
 427  -0.57279   0.68572    0.639709    0.046014
 428  -0.57179   0.69619    0.652636    0.043552
 429  -0.57079   0.70636    0.664507    0.041852
 430  -0.56978   0.71625    0.676563    0.039682
 431  -0.56878   0.72586    0.687751    0.038108
 432  -0.56778   0.73521    0.698988    0.036223
 433  -0.56678   0.74431    0.709515    0.034795
 434  -0.56578   0.75317    0.719994    0.033173
 435  -0.56478   0.76179    0.729890    0.031900
 436  -0.56378   0.77019    0.739672    0.030515
 437  -0.56278   0.77836    0.748974    0.029390
 438  -0.56178   0.78633    0.758118    0.028210
 439  -0.56078   0.79409    0.766864    0.027223
 440  -0.55978   0.80165    0.775427    0.026219
 441  -0.55878   0.80901    0.783655    0.025356
 442  -0.55778   0.81619    0.791689    0.024498
 443  -0.55678   0.82318    0.799434    0.023743
 444  -0.55578   0.82999    0.806984    0.023006
 445  -0.55478   0.83663    0.814281    0.022345
 446  -0.55378   0.84309    0.821385    0.021707
 447  -0.55278   0.84939    0.828265    0.021127
 448  -0.55178   0.85553    0.834957    0.020570
 449  -0.55078   0.86150    0.841445    0.020057
 450  -0.54977   0.86732    0.847753    0.019568
 451  -0.54877   0.87299    0.853874    0.019113
 452  -0.54777   0.87850    0.859822    0.018680
 453  -0.54677   0.88387    0.865596    0.018273
 454  -0.54577   0.88909    0.871205    0.017886
 455  -0.54477   0.89417    0.876650    0.017522
 456  -0.54377   0.89911    0.881938    0.017174
 457  -0.54277   0.90391    0.887069    0.016846
 458  -0.54177   0.90858    0.892049    0.016532
 459  -0.54077   0.91311    0.896880    0.016234
 460  -0.53977   0.91752    0.901566    0.015950
 461  -0.53877   0.92179    0.906110    0.015679
 462  -0.53777   0.92593    0.910513    0.015420
 463  -0.53677   0.92995    0.914778    0.015172
 464  -0.53577   0.93384    0.918909    0.014936
 465  -0.53477   0.93762    0.922905    0.014710
 466  -0.53377   0.94127    0.926772    0.014493
 467  -0.53277   0.94479    0.930508    0.014287
 468  -0.53177   0.94820    0.934118    0.014087
 469  -0.53077   0.95150    0.937601    0.013898
 470  -0.52976   0.95468    0.940961    0.013715
 471  -0.52876   0.95774    0.944198    0.013540
 472  -0.52776   0.96069    0.947314    0.013372
 473  -0.52676   0.96352    0.950310    0.013211
 474  -0.52576   0.96624    0.953188    0.013056
 475  -0.52476   0.96886    0.955948    0.012908
 476  -0.52376   0.97136    0.958593    0.012766
 477  -0.52276   0.97375    0.961123    0.012629
 478  -0.52176   0.97604    0.963538    0.012498
 479  -0.52076   0.97821    0.965840    0.012373
 480  -0.51976   0.98028    0.968031    0.012252
 481  -0.51876   0.98225    0.970110    0.012137
 482  -0.51776   0.98410    0.972079    0.012026
 483  -0.51676   0.98586    0.973937    0.011921
 484  -0.51576   0.98751    0.975687    0.011819
 485  -0.51476   0.98905    0.977329    0.011722
 486  -0.51376   0.99049    0.978862    0.011630
 487  -0.51276   0.99183    0.980289    0.011541
 488  -0.51176   0.99307    0.981608    0.011458
 489  -0.51076   0.99420    0.982822    0.011377
 490  -0.50975   0.99523    0.983930    0.011301
 491  -0.50875   0.99616    0.984932    0.011228
 492  -0.50775   0.99699    0.985829    0.011160
 493  -0.50675   0.99772    0.986622    0.011095
 494  -0.50575   0.99834    0.987310    0.011034
 495  -0.50475   0.99887    0.987894    0.010976
 496  -0.50375   0.99930    0.988373    0.010923
 497  -0.50275   0.99962    0.988749    0.010872
 498  -0.50175   0.99985    0.989022    0.010825
 499  -0.50075   0.99997    0.989190    0.010782
 500  -0.49975   1.00000    0.989255    0.010742
 501  -0.49875   0.99992    0.989217    0.010705
 502  -0.49775   0.99975    0.989075    0.010672
 503  -0.49675   0.99947    0.988829    0.010643
 504  -0.49575   0.99910    0.988480    0.010616
 505  -0.49475   0.99862    0.988026    0.010594
 506  -0.49375   0.99804    0.987469    0.010574
 507  -0.49275   0.99737    0.986807    0.010559
 508  -0.49175   0.99659    0.986041    0.010546
 509  -0.49075   0.99571    0.985170    0.010538
 510  -0.48974   0.99473    0.984195    0.010533
 511  -0.48874   0.99365    0.983113    0.010532
 512  -0.48774   0.99246    0.981927    0.010534
 513  -0.48674   0.99117    0.980633    0.010541
 514  -0.48574   0.98978    0.979234    0.010551
 515  -0.48474   0.98829    0.977727    0.010565
 516  -0.48374   0.98670    0.976112    0.010583
 517  -0.48274   0.98499    0.974388    0.010606
 518  -0.48174   0.98319    0.972557    0.010632
 519  -0.48074   0.98128    0.970614    0.010664
 520  -0.47974   0.97926    0.968562    0.010699
 521  -0.47874   0.97714    0.966398    0.010740
 522  -0.47774   0.97491    0.964123    0.010785
 523  -0.47674   0.97257    0.961733    0.010835
 524  -0.47574   0.97012    0.959231    0.010890
 525  -0.47474   0.96756    0.956613    0.010951
 526  -0.47374   0.96490    0.953879    0.011017
 527  -0.47274   0.96212    0.951027    0.011090
 528  -0.47174   0.95923    0.948057    0.011168
 529  -0.47074   0.95622    0.944967    0.011254
 530  -0.46973   0.95310    0.941756    0.011346
 531  -0.46873   0.94987    0.938421    0.011445
 532  -0.46773   0.94651    0.934963    0.011551
 533  -0.46673   0.94304    0.931379    0.011665
 534  -0.46573   0.93946    0.927667    0.011788
 535  -0.46473   0.93575    0.923825    0.011920
 536  -0.46373   0.93191    0.919852    0.012061
 537  -0.46273   0.92796    0.915745    0.012212
 538  -0.46173   0.92388    0.911502    0.012374
 539  -0.46073   0.91967    0.907120    0.012548
 540  -0.45973   0.91533    0.902598    0.012734
 541  -0.45873   0.91086    0.897932    0.012932
 542  -0.45773   0.90626    0.893120    0.013145
 543  -0.45673   0.90153    0.888157    0.013373
 544  -0.45573   0.89666    0.883042    0.013617
 545  -0.45473   0.89165    0.877770    0.013879
 546  -0.45373   0.88650    0.872339    0.014159
 547  -0.45273   0.88120    0.866743    0.014461
 548  -0.45173   0.87576    0.860979    0.014784
 549  -0.45073   0.87017    0.855042    0.015131
 550  -0.44972   0.86443    0.848927    0.015504
 551  -0.44872   0.85853    0.842629    0.015905
 552  -0.44772   0.85248    0.836144    0.016335
 553  -0.44672   0.84626    0.829462    0.016800
 554  -0.44572   0.83988    0.822583    0.017297
 555  -0.44472   0.83333    0.815493    0.017837
 556  -0.44372   0.82661    0.808194    0.018411
 557  -0.44272   0.81970    0.800669    0.019036
 558  -0.44172   0.81262    0.792920    0.019702
 559  -0.44072   0.80535    0.784929    0.020423
 560  -0.43972   0.79789    0.776699    0.021193
 561  -0.43872   0.79023    0.768207    0.022025
 562  -0.43772   0.78237    0.759462    0.022910
 563  -0.43672   0.77430    0.750435    0.023867
 564  -0.43572   0.76602    0.741137    0.024879
 565  -0.43472   0.75751    0.731536    0.025972
 566  -0.43372   0.74877    0.721648    0.027120
 567  -0.43272   0.73979    0.711436    0.028356
 568  -0.43172   0.73057    0.700920    0.029647
 569  -0.43072   0.72108    0.690059    0.031025
 570  -0.42971   0.71134    0.678881    0.032457
 571  -0.42871   0.70131    0.667339    0.033971
 572  -0.42771   0.69099    0.655466    0.035528
 573  -0.42671   0.68037    0.643215    0.037158
 574  -0.42571   0.66943    0.630624    0.038810
 575  -0.42471   0.65816    0.617646    0.040517
 576  -0.42371   0.64654    0.604325    0.042213
 577  -0.42271   0.63454    0.590615    0.043929
 578  -0.42171   0.62216    0.576565    0.045594
 579  -0.42071   0.60936    0.562134    0.047222
 580  -0.41971   0.59611    0.547375    0.048738
 581  -0.41871   0.58239    0.532256    0.050137
 582  -0.41771   0.56817    0.516828    0.051342
 583  -0.41671   0.55340    0.501076    0.052323
 584  -0.41571   0.53804    0.485046    0.052990
 585  -0.41471   0.52203    0.468742    0.053290
 586  -0.41371   0.50532    0.452202    0.053118
 587  -0.41271   0.48783    0.435454    0.052380
 588  -0.41171   0.46948    0.418522    0.050961
 589  -0.41071   0.45016    0.401467    0.048695
 590  -0.40970   0.42974    0.384289    0.045452
 591  -0.40870   0.40806    0.367087    0.040968
 592  -0.40770   0.38489    0.349830    0.035063
 593  -0.40670   0.35996    0.332662    0.027302
 594  -0.40570   0.33287    0.315512    0.017361
 595  -0.40470   0.30304    0.298572    0.004471
 596  -0.40370   0.26957    0.281728    0.012163
 597  -0.40270   0.23086    0.265219    0.034355
 598  -0.40170   0.18365    0.248881    0.065230
 599  -0.40070   0.11814    0.233001    0.114859
 600  -0.39970   0.00000    0.217365    0.217365
 601  -0.39870   0.00000    0.202304    0.202304
 602  -0.39770   0.00000    0.187549    0.187549
 603  -0.39670   0.00000    0.173472    0.173472
 604  -0.39570   0.00000    0.159755    0.159755
 605  -0.39470   0.00000    0.146800    0.146800
 606  -0.39370   0.00000    0.134245    0.134245
 607  -0.39270   0.00000    0.122514    0.122514
 608  -0.39170   0.00000    0.111208    0.111208
 609  -0.39070   0.00000    0.100762    0.100762
 610  -0.38969   0.00000    0.090752    0.090752
 611  -0.38869   0.00000    0.081613    0.081613
 612  -0.38769   0.00000    0.072905    0.072905
 613  -0.38669   0.00000    0.065053    0.065053
 614  -0.38569   0.00000    0.057614    0.057614
 615  -0.38469   0.00000    0.050993    0.050993
 616  -0.38369   0.00000    0.044758    0.044758
 617  -0.38269   0.00000    0.039282    0.039282
 618  -0.38169   0.00000    0.034156    0.034156
 619  -0.38069   0.00000    0.029717    0.029717
 620  -0.37969   0.00000    0.025586    0.025586
 621  -0.37869   0.00000    0.022062    0.022062
 622  -0.37769   0.00000    0.018802    0.018802
 623  -0.37669   0.00000    0.016062    0.016062
 624  -0.37569   0.00000    0.013543    0.013543
 625  -0.37469   0.00000    0.011459    0.011459
 626  -0.37369   0.00000    0.009555    0.009555
 627  -0.37269   0.00000    0.008006    0.008006
 628  -0.37169   0.00000    0.006599    0.006599
 629  -0.37069   0.00000    0.005473    0.005473
 630  -0.36968   0.00000    0.004457    0.004457
 631  -0.36868   0.00000    0.003659    0.003659
 632  -0.36768   0.00000    0.002943    0.002943
 633  -0.36668   0.00000    0.002390    0.002390
 634  -0.36568   0.00000    0.001897    0.001897
 635  -0.36468   0.00000    0.001524    0.001524
 636  -0.36368   0.00000    0.001193    0.001193
 637  -0.36268   0.00000    0.000948    0.000948
 638  -0.36168   0.00000    0.000732    0.000732
 639  -0.36068   0.00000    0.000575    0.000575
 640  -0.35968   0.00000    0.000437    0.000437
 641  -0.35868   0.00000    0.000339    0.000339
 642  -0.35768   0.00000    0.000254    0.000254
 643  -0.35668   0.00000    0.000195    0.000195
 644  -0.35568   0.00000    0.000144    0.000144
 645  -0.35468   0.00000    0.000109    0.000109
 646  -0.35368   0.00000    0.000079    0.000079
 647  -0.35268   0.00000    0.000059    0.000059
 648  -0.35168   0.00000    0.000042    0.000042
 649  -0.35068   0.00000    0.000031    0.000031
 650  -0.34967   0.00000    0.000022    0.000022
 651  -0.34867   0.00000    0.000016    0.000016
 652  -0.34767   0.00000    0.000011    0.000011
 653  -0.34667   0.00000    0.000008    0.000008
 654  -0.34567   0.00000    0.000005    0.000005
 655  -0.34467   0.00000    0.000004    0.000004
 656  -0.34367   0.00000    0.000002    0.000002
 657  -0.34267   0.00000    0.000002    0.000002
 658  -0.34167   0.00000    0.000001    0.000001
 659  -0.34067   0.00000    0.000001    0.000001
 660  -0.33967   0.00000    0.000000    0.000000
 661  -0.33867   0.00000    0.000000    0.000000
 662  -0.33767   0.00000    0.000000    0.000000
 663  -0.33667   0.00000    0.000000    0.000000
 664  -0.33567   0.00000    0.000000    0.000000
 665  -0.33467   0.00000    0.000000    0.000000
 666  -0.33367   0.00000    0.000000    0.000000
 667  -0.33267   0.00000    0.000000    0.000000
 668  -0.33167   0.00000    0.000000    0.000000
 669  -0.33067   0.00000    0.000000    0.000000
 670  -0.32966   0.00000    0.000000    0.000000
 671  -0.32866   0.00000    0.000000    0.000000
 672  -0.32766   0.00000    0.000000    0.000000
 673  -0.32666   0.00000    0.000000    0.000000
 674  -0.32566   0.00000    0.000000    0.000000
 675  -0.32466   0.00000    0.000000    0.000000
 676  -0.32366   0.00000    0.000000    0.000000
 677  -0.32266   0.00000    0.000000    0.000000
 678  -0.32166   0.00000    0.000000    0.000000
 679  -0.32066   0.00000    0.000000    0.000000
 680  -0.31966   0.00000    0.000000    0.000000
 681  -0.31866   0.00000    0.000000    0.000000
 682  -0.31766   0.00000    0.000000    0.000000
 683  -0.31666   0.00000    0.000000    0.000000
 684  -0.31566   0.00000    0.000000    0.000000
 685  -0.31466   0.00000    0.000000    0.000000
 686  -0.31366   0.00000    0.000000    0.000000
 687  -0.31266   0.00000    0.000000    0.000000
 688  -0.31166   0.00000    0.000000    0.000000
 689  -0.31066   0.00000    0.000000    0.000000
 690  -0.30965   0.00000    0.000000    0.000000
 691  -0.30865   0.00000    0.000000    0.000000
 692  -0.30765   0.00000    0.000000    0.000000
 693  -0.30665   0.00000    0.000000    0.000000
 694  -0.30565   0.00000    0.000000    0.000000
 695  -0.30465   0.00000    0.000000    0.000000
 696  -0.30365   0.00000    0.000000    0.000000
 697  -0.30265   0.00000    0.000000    0.000000
 698  -0.30165   0.00000    0.000000    0.000000
 699  -0.30065   0.00000    0.000000    0.000000
 700  -0.29965   0.00000    0.000000    0.000000
 701  -0.29865   0.00000    0.000000    0.000000
 702  -0.29765   0.00000    0.000000    0.000000
 703  -0.29665   0.00000    0.000000    0.000000
 704  -0.29565   0.00000    0.000000    0.000000
 705  -0.29465   0.00000    0.000000    0.000000
 706  -0.29365   0.00000    0.000000    0.000000
 707  -0.29265   0.00000    0.000000    0.000000
 708  -0.29165   0.00000    0.000000    0.000000
 709  -0.29065   0.00000    0.000000    0.000000
 710  -0.28964   0.00000    0.000000    0.000000
 711  -0.28864   0.00000    0.000000    0.000000
 712  -0.28764   0.00000    0.000000    0.000000
 713  -0.28664   0.00000    0.000000    0.000000
 714  -0.28564   0.00000    0.000000    0.000000
 715  -0.28464   0.00000    0.000000    0.000000
 716  -0.28364   0.00000    0.000000    0.000000
 717  -0.28264   0.00000    0.000000    0.000000
 718  -0.28164   0.00000    0.000000    0.000000
 719  -0.28064   0.00000    0.000000    0.000000
 720  -0.27964   0.00000    0.000000    0.000000
 721  -0.27864   0.00000    0.000000    0.000000
 722  -0.27764   0.00000    0.000000    0.000000
 723  -0.27664   0.00000    0.000000    0.000000
 724  -0.27564   0.00000    0.000000    0.000000
 725  -0.27464   0.00000    0.000000    0.000000
 726  -0.27364   0.00000    0.000000    0.000000
 727  -0.27264   0.00000    0.000000    0.000000
 728  -0.27164   0.00000    0.000000    0.000000
 729  -0.27064   0.00000    0.000000    0.000000
 730  -0.26963   0.00000    0.000000    0.000000
 731  -0.26863   0.00000    0.000000    0.000000
 732  -0.26763   0.00000    0.000000    0.000000
 733  -0.26663   0.00000    0.000000    0.000000
 734  -0.26563   0.00000    0.000000    0.000000
 735  -0.26463   0.00000    0.000000    0.000000
 736  -0.26363   0.00000    0.000000    0.000000
 737  -0.26263   0.00000    0.000000    0.000000
 738  -0.26163   0.00000    0.000000    0.000000
 739  -0.26063   0.00000    0.000000    0.000000
 740  -0.25963   0.00000    0.000000    0.000000
 741  -0.25863   0.00000    0.000000    0.000000
 742  -0.25763   0.00000    0.000000    0.000000
 743  -0.25663   0.00000    0.000000    0.000000
 744  -0.25563   0.00000    0.000000    0.000000
 745  -0.25463   0.00000    0.000000    0.000000
 746  -0.25363   0.00000    0.000000    0.000000
 747  -0.25263   0.00000    0.000000    0.000000
 748  -0.25163   0.00000    0.000000    0.000000
 749  -0.25063   0.00000    0.000000    0.000000
 750  -0.24962   0.00000    0.000000    0.000000
 751  -0.24862   0.00000    0.000000    0.000000
 752  -0.24762   0.00000    0.000000    0.000000
 753  -0.24662   0.00000    0.000000    0.000000
 754  -0.24562   0.00000    0.000000    0.000000
 755  -0.24462   0.00000    0.000000    0.000000
 756  -0.24362   0.00000    0.000000    0.000000
 757  -0.24262   0.00000    0.000000    0.000000
 758  -0.24162   0.00000    0.000000    0.000000
 759  -0.24062   0.00000    0.000000    0.000000
 760  -0.23962   0.00000    0.000000    0.000000
 761  -0.23862   0.00000    0.000000    0.000000
 762  -0.23762   0.00000    0.000000    0.000000
 763  -0.23662   0.00000    0.000000    0.000000
 764  -0.23562   0.00000    0.000000    0.000000
 765  -0.23462   0.00000    0.000000    0.000000
 766  -0.23362   0.00000    0.000000    0.000000
 767  -0.23262   0.00000    0.000000    0.000000
 768  -0.23162   0.00000    0.000000    0.000000
 769  -0.23062   0.00000    0.000000    0.000000
 770  -0.22961   0.00000    0.000000    0.000000
 771  -0.22861   0.00000    0.000000    0.000000
 772  -0.22761   0.00000    0.000000    0.000000
 773  -0.22661   0.00000    0.000000    0.000000
 774  -0.22561   0.00000    0.000000    0.000000
 775  -0.22461   0.00000    0.000000    0.000000
 776  -0.22361   0.00000    0.000000    0.000000
 777  -0.22261   0.00000    0.000000    0.000000
 778  -0.22161   0.00000    0.000000    0.000000
 779  -0.22061   0.00000    0.000000    0.000000
 780  -0.21961   0.00000    0.000000    0.000000
 781  -0.21861   0.00000    0.000000    0.000000
 782  -0.21761   0.00000    0.000000    0.000000
 783  -0.21661   0.00000    0.000000    0.000000
 784  -0.21561   0.00000    0.000000    0.000000
 785  -0.21461   0.00000    0.000000    0.000000
 786  -0.21361   0.00000    0.000000    0.000000
 787  -0.21261   0.00000    0.000000    0.000000
 788  -0.21161   0.00000    0.000000    0.000000
 789  -0.21061   0.00000    0.000000    0.000000
 790  -0.20960   0.00000    0.000000    0.000000
 791  -0.20860   0.00000    0.000000    0.000000
 792  -0.20760   0.00000    0.000000    0.000000
 793  -0.20660   0.00000    0.000000    0.000000
 794  -0.20560   0.00000    0.000000    0.000000
 795  -0.20460   0.00000    0.000000    0.000000
 796  -0.20360   0.00000    0.000000    0.000000
 797  -0.20260   0.00000    0.000000    0.000000
 798  -0.20160   0.00000    0.000000    0.000000
 799  -0.20060   0.00000    0.000000    0.000000
 800  -0.19960   0.00000    0.000000    0.000000
 801  -0.19860   0.00000    0.000000    0.000000
 802  -0.19760   0.00000    0.000000    0.000000
 803  -0.19660   0.00000    0.000000    0.000000
 804  -0.19560   0.00000    0.000000    0.000000
 805  -0.19460   0.00000    0.000000    0.000000
 806  -0.19360   0.00000    0.000000    0.000000
 807  -0.19260   0.00000    0.000000    0.000000
 808  -0.19160   0.00000    0.000000    0.000000
 809  -0.19060   0.00000    0.000000    0.000000
 810  -0.18959   0.00000    0.000000    0.000000
 811  -0.18859   0.00000    0.000000    0.000000
 812  -0.18759   0.00000    0.000000    0.000000
 813  -0.18659   0.00000    0.000000    0.000000
 814  -0.18559   0.00000    0.000000    0.000000
 815  -0.18459   0.00000    0.000000    0.000000
 816  -0.18359   0.00000    0.000000    0.000000
 817  -0.18259   0.00000    0.000000    0.000000
 818  -0.18159   0.00000    0.000000    0.000000
 819  -0.18059   0.00000    0.000000    0.000000
 820  -0.17959   0.00000    0.000000    0.000000
 821  -0.17859   0.00000    0.000000    0.000000
 822  -0.17759   0.00000    0.000000    0.000000
 823  -0.17659   0.00000    0.000000    0.000000
 824  -0.17559   0.00000    0.000000    0.000000
 825  -0.17459   0.00000    0.000000    0.000000
 826  -0.17359   0.00000    0.000000    0.000000
 827  -0.17259   0.00000    0.000000    0.000000
 828  -0.17159   0.00000    0.000000    0.000000
 829  -0.17059   0.00000    0.000000    0.000000
 830  -0.16958   0.00000    0.000000    0.000000
 831  -0.16858   0.00000    0.000000    0.000000
 832  -0.16758   0.00000    0.000000    0.000000
 833  -0.16658   0.00000    0.000000    0.000000
 834  -0.16558   0.00000    0.000000    0.000000
 835  -0.16458   0.00000    0.000000    0.000000
 836  -0.16358   0.00000    0.000000    0.000000
 837  -0.16258   0.00000    0.000000    0.000000
 838  -0.16158   0.00000    0.000000    0.000000
 839  -0.16058   0.00000    0.000000    0.000000
 840  -0.15958   0.00000    0.000000    0.000000
 841  -0.15858   0.00000    0.000000    0.000000
 842  -0.15758   0.00000    0.000000    0.000000
 843  -0.15658   0.00000    0.000000    0.000000
 844  -0.15558   0.00000    0.000000    0.000000
 845  -0.15458   0.00000    0.000000    0.000000
 846  -0.15358   0.00000    0.000000    0.000000
 847  -0.15258   0.00000    0.000000    0.000000
 848  -0.15158   0.00000    0.000000    0.000000
 849  -0.15058   0.00000    0.000000    0.000000
 850  -0.14957   0.00000    0.000000    0.000000
 851  -0.14857   0.00000    0.000000    0.000000
 852  -0.14757   0.00000    0.000000    0.000000
 853  -0.14657   0.00000    0.000000    0.000000
 854  -0.14557   0.00000    0.000000    0.000000
 855  -0.14457   0.00000    0.000000    0.000000
 856  -0.14357   0.00000    0.000000    0.000000
 857  -0.14257   0.00000    0.000000    0.000000
 858  -0.14157   0.00000    0.000000    0.000000
 859  -0.14057   0.00000    0.000000    0.000000
 860  -0.13957   0.00000    0.000000    0.000000
 861  -0.13857   0.00000    0.000000    0.000000
 862  -0.13757   0.00000    0.000000    0.000000
 863  -0.13657   0.00000    0.000000    0.000000
 864  -0.13557   0.00000    0.000000    0.000000
 865  -0.13457   0.00000    0.000000    0.000000
 866  -0.13357   0.00000    0.000000    0.000000
 867  -0.13257   0.00000    0.000000    0.000000
 868  -0.13157   0.00000    0.000000    0.000000
 869  -0.13057   0.00000    0.000000    0.000000
 870  -0.12956   0.00000    0.000000    0.000000
 871  -0.12856   0.00000    0.000000    0.000000
 872  -0.12756   0.00000    0.000000    0.000000
 873  -0.12656   0.00000    0.000000    0.000000
 874  -0.12556   0.00000    0.000000    0.000000
 875  -0.12456   0.00000    0.000000    0.000000
 876  -0.12356   0.00000    0.000000    0.000000
 877  -0.12256   0.00000    0.000000    0.000000
 878  -0.12156   0.00000    0.000000    0.000000
 879  -0.12056   0.00000    0.000000    0.000000
 880  -0.11956   0.00000    0.000000    0.000000
 881  -0.11856   0.00000    0.000000    0.000000
 882  -0.11756   0.00000    0.000000    0.000000
 883  -0.11656   0.00000    0.000000    0.000000
 884  -0.11556   0.00000    0.000000    0.000000
 885  -0.11456   0.00000    0.000000    0.000000
 886  -0.11356   0.00000    0.000000    0.000000
 887  -0.11256   0.00000    0.000000    0.000000
 888  -0.11156   0.00000    0.000000    0.000000
 889  -0.11056   0.00000    0.000000    0.000000
 890  -0.10955   0.00000    0.000000    0.000000
 891  -0.10855   0.00000    0.000000    0.000000
 892  -0.10755   0.00000    0.000000    0.000000
 893  -0.10655   0.00000    0.000000    0.000000
 894  -0.10555   0.00000    0.000000    0.000000
 895  -0.10455   0.00000    0.000000    0.000000
 896  -0.10355   0.00000    0.000000    0.000000
 897  -0.10255   0.00000    0.000000    0.000000
 898  -0.10155   0.00000    0.000000    0.000000
 899  -0.10055   0.00000    0.000000    0.000000
 900  -0.09955   0.00000    0.000000    0.000000
 901  -0.09855   0.00000    0.000000    0.000000
 902  -0.09755   0.00000    0.000000    0.000000
 903  -0.09655   0.00000    0.000000    0.000000
 904  -0.09555   0.00000    0.000000    0.000000
 905  -0.09455   0.00000    0.000000    0.000000
 906  -0.09355   0.00000    0.000000    0.000000
 907  -0.09255   0.00000    0.000000    0.000000
 908  -0.09155   0.00000    0.000000    0.000000
 909  -0.09055   0.00000    0.000000    0.000000
 910  -0.08954   0.00000    0.000000    0.000000
 911  -0.08854   0.00000    0.000000    0.000000
 912  -0.08754   0.00000    0.000000    0.000000
 913  -0.08654   0.00000    0.000000    0.000000
 914  -0.08554   0.00000    0.000000    0.000000
 915  -0.08454   0.00000    0.000000    0.000000
 916  -0.08354   0.00000    0.000000    0.000000
 917  -0.08254   0.00000    0.000000    0.000000
 918  -0.08154   0.00000    0.000000    0.000000
 919  -0.08054   0.00000    0.000000    0.000000
 920  -0.07954   0.00000    0.000000    0.000000
 921  -0.07854   0.00000    0.000000    0.000000
 922  -0.07754   0.00000    0.000000    0.000000
 923  -0.07654   0.00000    0.000000    0.000000
 924  -0.07554   0.00000    0.000000    0.000000
 925  -0.07454   0.00000    0.000000    0.000000
 926  -0.07354   0.00000    0.000000    0.000000
 927  -0.07254   0.00000    0.000000    0.000000
 928  -0.07154   0.00000    0.000000    0.000000
 929  -0.07054   0.00000    0.000000    0.000000
 930  -0.06953   0.00000    0.000000    0.000000
 931  -0.06853   0.00000    0.000000    0.000000
 932  -0.06753   0.00000    0.000000    0.000000
 933  -0.06653   0.00000    0.000000    0.000000
 934  -0.06553   0.00000    0.000000    0.000000
 935  -0.06453   0.00000    0.000000    0.000000
 936  -0.06353   0.00000    0.000000    0.000000
 937  -0.06253   0.00000    0.000000    0.000000
 938  -0.06153   0.00000    0.000000    0.000000
 939  -0.06053   0.00000    0.000000    0.000000
 940  -0.05953   0.00000    0.000000    0.000000
 941  -0.05853   0.00000    0.000000    0.000000
 942  -0.05753   0.00000    0.000000    0.000000
 943  -0.05653   0.00000    0.000000    0.000000
 944  -0.05553   0.00000    0.000000    0.000000
 945  -0.05453   0.00000    0.000000    0.000000
 946  -0.05353   0.00000    0.000000    0.000000
 947  -0.05253   0.00000    0.000000    0.000000
 948  -0.05153   0.00000    0.000000    0.000000
 949  -0.05053   0.00000    0.000000    0.000000
 950  -0.04952   0.00000    0.000000    0.000000
 951  -0.04852   0.00000    0.000000    0.000000
 952  -0.04752   0.00000    0.000000    0.000000
 953  -0.04652   0.00000    0.000000    0.000000
 954  -0.04552   0.00000    0.000000    0.000000
 955  -0.04452   0.00000    0.000000    0.000000
 956  -0.04352   0.00000    0.000000    0.000000
 957  -0.04252   0.00000    0.000000    0.000000
 958  -0.04152   0.00000    0.000000    0.000000
 959  -0.04052   0.00000    0.000000    0.000000
 960  -0.03952   0.00000    0.000000    0.000000
 961  -0.03852   0.00000    0.000000    0.000000
 962  -0.03752   0.00000    0.000000    0.000000
 963  -0.03652   0.00000    0.000000    0.000000
 964  -0.03552   0.00000    0.000000    0.000000
 965  -0.03452   0.00000    0.000000    0.000000
 966  -0.03352   0.00000    0.000000    0.000000
 967  -0.03252   0.00000    0.000000    0.000000
 968  -0.03152   0.00000    0.000000    0.000000
 969  -0.03052   0.00000    0.000000    0.000000
 970  -0.02951   0.00000    0.000000    0.000000
 971  -0.02851   0.00000    0.000000    0.000000
 972  -0.02751   0.00000    0.000000    0.000000
 973  -0.02651   0.00000    0.000000    0.000000
 974  -0.02551   0.00000    0.000000    0.000000
 975  -0.02451   0.00000    0.000000    0.000000
 976  -0.02351   0.00000    0.000000    0.000000
 977  -0.02251   0.00000    0.000000    0.000000
 978  -0.02151   0.00000    0.000000    0.000000
 979  -0.02051   0.00000    0.000000    0.000000
 980  -0.01951   0.00000    0.000000    0.000000
 981  -0.01851   0.00000    0.000000    0.000000
 982  -0.01751   0.00000    0.000000    0.000000
 983  -0.01651   0.00000    0.000000    0.000000
 984  -0.01551   0.00000    0.000000    0.000000
 985  -0.01451   0.00000    0.000000    0.000000
 986  -0.01351   0.00000    0.000000    0.000000
 987  -0.01251   0.00000    0.000000    0.000000
 988  -0.01151   0.00000    0.000000    0.000000
 989  -0.01051   0.00000    0.000000    0.000000
 990  -0.00950   0.00000    0.000000    0.000000
 991  -0.00850   0.00000    0.000000    0.000000
 992  -0.00750   0.00000    0.000000    0.000000
 993  -0.00650   0.00000    0.000000    0.000000
 994  -0.00550   0.00000    0.000000    0.000000
 995  -0.00450   0.00000    0.000000    0.000000
 996  -0.00350   0.00000    0.000000    0.000000
 997  -0.00250   0.00000    0.000000    0.000000
 998  -0.00150   0.00000    0.000000    0.000000
 999  -0.00050   0.00000    0.000000    0.000000
1000   0.00050   0.00000    0.000000    0.000000
1001   0.00150   0.00000    0.000000    0.000000
1002   0.00250   0.00000    0.000000    0.000000
1003   0.00350   0.00000    0.000000    0.000000
1004   0.00450   0.00000    0.000000    0.000000
1005   0.00550   0.00000    0.000000    0.000000
1006   0.00650   0.00000    0.000000    0.000000
1007   0.00750   0.00000    0.000000    0.000000
1008   0.00850   0.00000    0.000000    0.000000
1009   0.00950   0.00000    0.000000    0.000000
1010   0.01051   0.00000    0.000000    0.000000
1011   0.01151   0.00000    0.000000    0.000000
1012   0.01251   0.00000    0.000000    0.000000
1013   0.01351   0.00000    0.000000    0.000000
1014   0.01451   0.00000    0.000000    0.000000
1015   0.01551   0.00000    0.000000    0.000000
1016   0.01651   0.00000    0.000000    0.000000
1017   0.01751   0.00000    0.000000    0.000000
1018   0.01851   0.00000    0.000000    0.000000
1019   0.01951   0.00000    0.000000    0.000000
1020   0.02051   0.00000    0.000000    0.000000
1021   0.02151   0.00000    0.000000    0.000000
1022   0.02251   0.00000    0.000000    0.000000
1023   0.02351   0.00000    0.000000    0.000000
1024   0.02451   0.00000    0.000000    0.000000
1025   0.02551   0.00000    0.000000    0.000000
1026   0.02651   0.00000    0.000000    0.000000
1027   0.02751   0.00000    0.000000    0.000000
1028   0.02851   0.00000    0.000000    0.000000
1029   0.02951   0.00000    0.000000    0.000000
1030   0.03052   0.00000    0.000000    0.000000
1031   0.03152   0.00000    0.000000    0.000000
1032   0.03252   0.00000    0.000000    0.000000
1033   0.03352   0.00000    0.000000    0.000000
1034   0.03452   0.00000    0.000000    0.000000
1035   0.03552   0.00000    0.000000    0.000000
1036   0.03652   0.00000    0.000000    0.000000
1037   0.03752   0.00000    0.000000    0.000000
1038   0.03852   0.00000    0.000000    0.000000
1039   0.03952   0.00000    0.000000    0.000000
1040   0.04052   0.00000    0.000000    0.000000
1041   0.04152   0.00000    0.000000    0.000000
1042   0.04252   0.00000    0.000000    0.000000
1043   0.04352   0.00000    0.000000    0.000000
1044   0.04452   0.00000    0.000000    0.000000
1045   0.04552   0.00000    0.000000    0.000000
1046   0.04652   0.00000    0.000000    0.000000
1047   0.04752   0.00000    0.000000    0.000000
1048   0.04852   0.00000    0.000000    0.000000
1049   0.04952   0.00000    0.000000    0.000000
1050   0.05053   0.00000    0.000000    0.000000
1051   0.05153   0.00000    0.000000    0.000000
1052   0.05253   0.00000    0.000000    0.000000
1053   0.05353   0.00000    0.000000    0.000000
1054   0.05453   0.00000    0.000000    0.000000
1055   0.05553   0.00000    0.000000    0.000000
1056   0.05653   0.00000    0.000000    0.000000
1057   0.05753   0.00000    0.000000    0.000000
1058   0.05853   0.00000    0.000000    0.000000
1059   0.05953   0.00000    0.000000    0.000000
1060   0.06053   0.00000    0.000000    0.000000
1061   0.06153   0.00000    0.000000    0.000000
1062   0.06253   0.00000    0.000000    0.000000
1063   0.06353   0.00000    0.000000    0.000000
1064   0.06453   0.00000    0.000000    0.000000
1065   0.06553   0.00000    0.000000    0.000000
1066   0.06653   0.00000    0.000000    0.000000
1067   0.06753   0.00000    0.000000    0.000000
1068   0.06853   0.00000    0.000000    0.000000
1069   0.06953   0.00000    0.000000    0.000000
1070   0.07054   0.00000    0.000000    0.000000
1071   0.07154   0.00000    0.000000    0.000000
1072   0.07254   0.00000    0.000000    0.000000
1073   0.07354   0.00000    0.000000    0.000000
1074   0.07454   0.00000    0.000000    0.000000
1075   0.07554   0.00000    0.000000    0.000000
1076   0.07654   0.00000    0.000000    0.000000
1077   0.07754   0.00000    0.000000    0.000000
1078   0.07854   0.00000    0.000000    0.000000
1079   0.07954   0.00000    0.000000    0.000000
1080   0.08054   0.00000    0.000000    0.000000
1081   0.08154   0.00000    0.000000    0.000000
1082   0.08254   0.00000    0.000000    0.000000
1083   0.08354   0.00000    0.000000    0.000000
1084   0.08454   0.00000    0.000000    0.000000
1085   0.08554   0.00000    0.000000    0.000000
1086   0.08654   0.00000    0.000000    0.000000
1087   0.08754   0.00000    0.000000    0.000000
1088   0.08854   0.00000    0.000000    0.000000
1089   0.08954   0.00000    0.000000    0.000000
1090   0.09055   0.00000    0.000000    0.000000
1091   0.09155   0.00000    0.000000    0.000000
1092   0.09255   0.00000    0.000000    0.000000
1093   0.09355   0.00000    0.000000    0.000000
1094   0.09455   0.00000    0.000000    0.000000
1095   0.09555   0.00000    0.000000    0.000000
1096   0.09655   0.00000    0.000000    0.000000
1097   0.09755   0.00000    0.000000    0.000000
1098   0.09855   0.00000    0.000000    0.000000
1099   0.09955   0.00000    0.000000    0.000000
1100   0.10055   0.00000    0.000000    0.000000
1101   0.10155   0.00000    0.000000    0.000000
1102   0.10255   0.00000    0.000000    0.000000
1103   0.10355   0.00000    0.000000    0.000000
1104   0.10455   0.00000    0.000000    0.000000
1105   0.10555   0.00000    0.000000    0.000000
1106   0.10655   0.00000    0.000000    0.000000
1107   0.10755   0.00000    0.000000    0.000000
1108   0.10855   0.00000    0.000000    0.000000
1109   0.10955   0.00000    0.000000    0.000000
1110   0.11056   0.00000    0.000000    0.000000
1111   0.11156   0.00000    0.000000    0.000000
1112   0.11256   0.00000    0.000000    0.000000
1113   0.11356   0.00000    0.000000    0.000000
1114   0.11456   0.00000    0.000000    0.000000
1115   0.11556   0.00000    0.000000    0.000000
1116   0.11656   0.00000    0.000000    0.000000
1117   0.11756   0.00000    0.000000    0.000000
1118   0.11856   0.00000    0.000000    0.000000
1119   0.11956   0.00000    0.000000    0.000000
1120   0.12056   0.00000    0.000000    0.000000
1121   0.12156   0.00000    0.000000    0.000000
1122   0.12256   0.00000    0.000000    0.000000
1123   0.12356   0.00000    0.000000    0.000000
1124   0.12456   0.00000    0.000000    0.000000
1125   0.12556   0.00000    0.000000    0.000000
1126   0.12656   0.00000    0.000000    0.000000
1127   0.12756   0.00000    0.000000    0.000000
1128   0.12856   0.00000    0.000000    0.000000
1129   0.12956   0.00000    0.000000    0.000000
1130   0.13057   0.00000    0.000000    0.000000
1131   0.13157   0.00000    0.000000    0.000000
1132   0.13257   0.00000    0.000000    0.000000
1133   0.13357   0.00000    0.000000    0.000000
1134   0.13457   0.00000    0.000000    0.000000
1135   0.13557   0.00000    0.000000    0.000000
1136   0.13657   0.00000    0.000000    0.000000
1137   0.13757   0.00000    0.000000    0.000000
1138   0.13857   0.00000    0.000000    0.000000
1139   0.13957   0.00000    0.000000    0.000000
1140   0.14057   0.00000    0.000000    0.000000
1141   0.14157   0.00000    0.000000    0.000000
1142   0.14257   0.00000    0.000000    0.000000
1143   0.14357   0.00000    0.000000    0.000000
1144   0.14457   0.00000    0.000000    0.000000
1145   0.14557   0.00000    0.000000    0.000000
1146   0.14657   0.00000    0.000000    0.000000
1147   0.14757   0.00000    0.000000    0.000000
1148   0.14857   0.00000    0.000000    0.000000
1149   0.14957   0.00000    0.000001    0.000001
1150   0.15058   0.00000    0.000001    0.000001
1151   0.15158   0.00000    0.000001    0.000001
1152   0.15258   0.00000    0.000001    0.000001
1153   0.15358   0.00000    0.000001    0.000001
1154   0.15458   0.00000    0.000002    0.000002
1155   0.15558   0.00000    0.000002    0.000002
1156   0.15658   0.00000    0.000002    0.000002
1157   0.15758   0.00000    0.000003    0.000003
1158   0.15858   0.00000    0.000004    0.000004
1159   0.15958   0.00000    0.000005    0.000005
1160   0.16058   0.00000    0.000006    0.000006
1161   0.16158   0.00000    0.000007    0.000007
1162   0.16258   0.00000    0.000008    0.000008
1163   0.16358   0.00000    0.000011    0.000011
1164   0.16458   0.00000    0.000012    0.000012
1165   0.16558   0.00000    0.000016    0.000016
1166   0.16658   0.00000    0.000018    0.000018
1167   0.16758   0.00000    0.000023    0.000023
1168   0.16858   0.00000    0.000026    0.000026
1169   0.16958   0.00000    0.000033    0.000033
1170   0.17059   0.00000    0.000037    0.000037
1171   0.17159   0.00000    0.000046    0.000046
1172   0.17259   0.00000    0.000053    0.000053
1173   0.17359   0.00000    0.000065    0.000065
1174   0.17459   0.00000    0.000074    0.000074
1175   0.17559   0.00000    0.000090    0.000090
1176   0.17659   0.00000    0.000103    0.000103
1177   0.17759   0.00000    0.000124    0.000124
1178   0.17859   0.00000    0.000142    0.000142
1179   0.17959   0.00000    0.000170    0.000170
1180   0.18059   0.00000    0.000193    0.000193
1181   0.18159   0.00000    0.000230    0.000230
1182   0.18259   0.00000    0.000261    0.000261
1183   0.18359   0.00000    0.000309    0.000309
1184   0.18459   0.00000    0.000350    0.000350
1185   0.18559   0.00000    0.000411    0.000411
1186   0.18659   0.00000    0.000466    0.000466
1187   0.18759   0.00000    0.000543    0.000543
1188   0.18859   0.00000    0.000615    0.000615
1189   0.18959   0.00000    0.000713    0.000713
1190   0.19060   0.00000    0.000805    0.000805
1191   0.19160   0.00000    0.000928    0.000928
1192   0.19260   0.00000    0.001046    0.001046
1193   0.19360   0.00000    0.001200    0.001200
1194   0.19460   0.00000    0.001351    0.001351
1195   0.19560   0.00000    0.001542    0.001542
1196   0.19660   0.00000    0.001733    0.001733
1197   0.19760   0.00000    0.001969    0.001969
1198   0.19860   0.00000    0.002208    0.002208
1199   0.19960   0.00000    0.002498    0.002498
1200   0.20060   0.00050    0.002796    0.002300
1201   0.20160   0.00058    0.003151    0.002574
1202   0.20260   0.00067    0.003520    0.002849
1203   0.20360   0.00078    0.003953    0.003173
1204   0.20460   0.00090    0.004407    0.003503
1205   0.20560   0.00105    0.004932    0.003886
1206   0.20660   0.00121    0.005487    0.004278
1207   0.20760   0.00139    0.006121    0.004726
1208   0.20860   0.00161    0.006796    0.005189
1209   0.20960   0.00185    0.007558    0.005709
1210   0.21061   0.00212    0.008374    0.006250
1211   0.21161   0.00244    0.009287    0.006852
1212   0.21261   0.00279    0.010267    0.007479
1213   0.21361   0.00319    0.011356    0.008168
1214   0.21461   0.00364    0.012528    0.008889
1215   0.21561   0.00415    0.013821    0.009673
1216   0.21661   0.00472    0.015214    0.010493
1217   0.21761   0.00536    0.016741    0.011378
1218   0.21861   0.00609    0.018388    0.012303
1219   0.21961   0.00689    0.020186    0.013293
1220   0.22061   0.00780    0.022123    0.014327
1221   0.22161   0.00880    0.024228    0.015424
1222   0.22261   0.00993    0.026494    0.016567
1223   0.22361   0.01118    0.028947    0.017771
1224   0.22461   0.01256    0.031584    0.019022
1225   0.22561   0.01410    0.034429    0.020330
1226   0.22661   0.01580    0.037483    0.021683
1227   0.22761   0.01768    0.040765    0.023088
1228   0.22861   0.01975    0.044282    0.024533
1229   0.22961   0.02203    0.048050    0.026022
1230   0.23062   0.02453    0.052078    0.027545
1231   0.23162   0.02728    0.056383    0.029102
1232   0.23262   0.03029    0.060973    0.030684
1233   0.23362   0.03358    0.065864    0.032286
1234   0.23462   0.03717    0.071065    0.033900
1235   0.23562   0.04107    0.076593    0.035519
1236   0.23662   0.04532    0.082457    0.037133
1237   0.23762   0.04994    0.088670    0.038735
1238   0.23862   0.05493    0.095244    0.040312
1239   0.23962   0.06034    0.102190    0.041854
1240   0.24062   0.06617    0.109519    0.043350
1241   0.24162   0.07245    0.117241    0.044788
1242   0.24262   0.07921    0.125367    0.046154
1243   0.24362   0.08647    0.133904    0.047435
1244   0.24462   0.09425    0.142861    0.048616
1245   0.24562   0.10256    0.152246    0.049683
1246   0.24662   0.11144    0.162063    0.050620
1247   0.24762   0.12090    0.172319    0.051415
1248   0.24862   0.13097    0.183016    0.052050
1249   0.24962   0.14165    0.194157    0.052509
1250   0.25063   0.15296    0.205744    0.052779
1251   0.25163   0.16493    0.217774    0.052843
1252   0.25263   0.17756    0.230247    0.052689
1253   0.25363   0.19086    0.243159    0.052299
1254   0.25463   0.20484    0.256503    0.051661
1255   0.25563   0.21951    0.270272    0.050763
1256   0.25663   0.23486    0.284456    0.049593
1257   0.25763   0.25090    0.299045    0.048142
1258   0.25863   0.26763    0.314025    0.046398
1259   0.25963   0.28503    0.329380    0.044353
1260   0.26063   0.30309    0.345092    0.042003
1261   0.26163   0.32180    0.361142    0.039343
1262   0.26263   0.34114    0.377508    0.036369
1263   0.26363   0.36108    0.394166    0.033085
1264   0.26463   0.38160    0.411089    0.029487
1265   0.26563   0.40267    0.428250    0.025581
1266   0.26663   0.42424    0.445617    0.021373
1267   0.26763   0.44629    0.463159    0.016873
1268   0.26863   0.46875    0.480841    0.012094
1269   0.26963   0.49158    0.498628    0.007044
1270   0.27064   0.51474    0.516480    0.001743
1271   0.27164   0.53815    0.534359    0.003792
1272   0.27264   0.56176    0.552224    0.009540
1273   0.27364   0.58551    0.570032    0.015475
1274   0.27464   0.60932    0.587740    0.021576
1275   0.27564   0.63312    0.605302    0.027813
1276   0.27664   0.65683    0.622674    0.034157
1277   0.27764   0.68039    0.639808    0.040577
1278   0.27864   0.70370    0.656659    0.047037
1279   0.27964   0.72669    0.673178    0.053508
1280   0.28064   0.74927    0.689319    0.059953
1281   0.28164   0.77137    0.705034    0.066334
1282   0.28264   0.79289    0.720278    0.072616
1283   0.28364   0.81376    0.735003    0.078758
1284   0.28464   0.83389    0.749165    0.084729
1285   0.28564   0.85321    0.762719    0.090489
1286   0.28664   0.87162    0.775622    0.096003
1287   0.28764   0.88907    0.787833    0.101234
1288   0.28864   0.90546    0.799311    0.106147
1289   0.28964   0.92073    0.810020    0.110714
1290   0.29065   0.93482    0.819922    0.114902
1291   0.29165   0.94767    0.828986    0.118682
1292   0.29265   0.95921    0.837179    0.122029
1293   0.29365   0.96939    0.844475    0.124917
1294   0.29465   0.97818    0.850847    0.127329
1295   0.29565   0.98552    0.856273    0.129245
1296   0.29665   0.99139    0.860734    0.130651
1297   0.29765   0.99575    0.864215    0.131537
1298   0.29865   0.99860    0.866701    0.131894
1299   0.29965   0.99991    0.868186    0.131720
1300   0.30065   0.99967    0.868661    0.131013
1301   0.30165   0.99790    0.868127    0.129776
1302   0.30265   0.99460    0.866583    0.128017
1303   0.30365   0.98978    0.864035    0.125746
1304   0.30465   0.98347    0.860491    0.122978
1305   0.30565   0.97569    0.855963    0.119727
1306   0.30665   0.96648    0.850466    0.116016
1307   0.30765   0.95588    0.844019    0.111866
1308   0.30865   0.94395    0.836642    0.107306
1309   0.30965   0.93073    0.828362    0.102363
1310   0.31066   0.91627    0.819206    0.097067
1311   0.31166   0.90065    0.809204    0.091450
1312   0.31266   0.88394    0.798388    0.085550
1313   0.31366   0.86620    0.786797    0.079399
1314   0.31466   0.84750    0.774465    0.073039
1315   0.31566   0.82794    0.761435    0.066501
1316   0.31666   0.80757    0.747745    0.059829
1317   0.31766   0.78650    0.733441    0.053057
1318   0.31866   0.76479    0.718566    0.046226
1319   0.31966   0.74254    0.703168    0.039375
1320   0.32066   0.71983    0.687290    0.032537
1321   0.32166   0.69673    0.670983    0.025748
1322   0.32266   0.67334    0.654292    0.019045
1323   0.32366   0.64973    0.637267    0.012459
1324   0.32466   0.62598    0.619953    0.006027
1325   0.32566   0.60217    0.602401    0.000231
1326   0.32666   0.57837    0.584655    0.006282
1327   0.32766   0.55466    0.566764    0.012104
1328   0.32866   0.53110    0.548773    0.017672
1329   0.32966   0.50776    0.530726    0.022965
1330   0.33067   0.48470    0.512666    0.027970
1331   0.33167   0.46197    0.494637    0.032670
1332   0.33267   0.43962    0.476677    0.037053
1333   0.33367   0.41772    0.458827    0.041109
1334   0.33467   0.39629    0.441123    0.044829
1335   0.33567   0.37539    0.423600    0.048213
1336   0.33667   0.35504    0.406292    0.051256
1337   0.33767   0.33527    0.389229    0.053959
1338   0.33867   0.31612    0.372441    0.056325
1339   0.33967   0.29760    0.355955    0.058354
1340   0.34067   0.27974    0.339795    0.060059
1341   0.34167   0.26254    0.323984    0.061446
1342   0.34267   0.24602    0.308542    0.062524
1343   0.34367   0.23018    0.293486    0.063304
1344   0.34467   0.21503    0.278834    0.063800
1345   0.34567   0.20057    0.264598    0.064023
1346   0.34667   0.18680    0.250790    0.063992
1347   0.34767   0.17370    0.237420    0.063720
1348   0.34867   0.16127    0.224495    0.063224
1349   0.34967   0.14950    0.212021    0.062520
1350   0.35068   0.13838    0.200001    0.061624
1351   0.35168   0.12788    0.188437    0.060554
1352   0.35268   0.11800    0.177331    0.059328
1353   0.35368   0.10872    0.166679    0.057962
1354   0.35468   0.10001    0.156481    0.056472
1355   0.35568   0.09186    0.146730    0.054873
1356   0.35668   0.08424    0.137423    0.053185
1357   0.35768   0.07713    0.128552    0.051419
1358   0.35868   0.07052    0.120110    0.049592
1359   0.35968   0.06437    0.112088    0.047717
1360   0.36068   0.05867    0.104477    0.045806
1361   0.36168   0.05339    0.097265    0.043873
1362   0.36268   0.04851    0.090443    0.041930
1363   0.36368   0.04401    0.083997    0.039986
1364   0.36468   0.03987    0.077919    0.038052
1365   0.36568   0.03606    0.072192    0.036135
1366   0.36668   0.03256    0.066807    0.034246
1367   0.36768   0.02936    0.061747    0.032389
1368   0.36868   0.02643    0.057004    0.030575
1369   0.36968   0.02376    0.052559    0.028803
1370   0.37069   0.02132    0.048405    0.027084
1371   0.37169   0.01911    0.044522    0.025417
1372   0.37269   0.01709    0.040905    0.023811
1373   0.37369   0.01527    0.037532    0.022261
1374   0.37469   0.01362    0.034400    0.020779
1375   0.37569   0.01213    0.031485    0.019354
1376   0.37669   0.01079    0.028788    0.018001
1377   0.37769   0.00958    0.026284    0.016707
1378   0.37869   0.00849    0.023975    0.015485
1379   0.37969   0.00751    0.021834    0.014319
1380   0.38069   0.00664    0.019868    0.013227
1381   0.38169   0.00586    0.018047    0.012187
1382   0.38269   0.00516    0.016383    0.011220
1383   0.38369   0.00454    0.014842    0.010300
1384   0.38469   0.00399    0.013441    0.009452
1385   0.38569   0.00350    0.012144    0.008646
1386   0.38669   0.00306    0.010971    0.007908
1387   0.38769   0.00268    0.009884    0.007207
1388   0.38869   0.00234    0.008909    0.006572
1389   0.38969   0.00204    0.008003    0.005965
1390   0.39070   0.00177    0.007196    0.005423
1391   0.39170   0.00154    0.006443    0.004903
1392   0.39270   0.00134    0.005781    0.004444
1393   0.39370   0.00116    0.005159    0.004001
1394   0.39470   0.00100    0.004617    0.003616
1395   0.39570   0.00086    0.004105    0.003241
1396   0.39670   0.00075    0.003666    0.002921
1397   0.39770   0.00064    0.003247    0.002605
1398   0.39870   0.00055    0.002893    0.002341
1399   0.39970   0.00047    0.002551    0.002077
1400   0.40070   0.00000    0.002268    0.002268
1401   0.40170   0.00000    0.001990    0.001990
1402   0.40270   0.00000    0.001765    0.001765
1403   0.40370   0.00000    0.001541    0.001541
1404   0.40470   0.00000    0.001364    0.001364
1405   0.40570   0.00000    0.001183    0.001183
1406   0.40670   0.00000    0.001045    0.001045
1407   0.40770   0.00000    0.000901    0.000901
1408   0.40870   0.00000    0.000794    0.000794
1409   0.40970   0.00000    0.000679    0.000679
1410   0.41071   0.00000    0.000598    0.000598
1411   0.41171   0.00000    0.000507    0.000507
1412   0.41271   0.00000    0.000446    0.000446
1413   0.41371   0.00000    0.000374    0.000374
1414   0.41471   0.00000    0.000329    0.000329
1415   0.41571   0.00000    0.000273    0.000273
1416   0.41671   0.00000    0.000239    0.000239
1417   0.41771   0.00000    0.000197    0.000197
1418   0.41871   0.00000    0.000172    0.000172
1419   0.41971   0.00000    0.000140    0.000140
1420   0.42071   0.00000    0.000122    0.000122
1421   0.42171   0.00000    0.000098    0.000098
1422   0.42271   0.00000    0.000086    0.000086
1423   0.42371   0.00000    0.000068    0.000068
1424   0.42471   0.00000    0.000059    0.000059
1425   0.42571   0.00000    0.000046    0.000046
1426   0.42671   0.00000    0.000040    0.000040
1427   0.42771   0.00000    0.000031    0.000031
1428   0.42871   0.00000    0.000027    0.000027
1429   0.42971   0.00000    0.000020    0.000020
1430   0.43072   0.00000    0.000017    0.000017
1431   0.43172   0.00000    0.000013    0.000013
1432   0.43272   0.00000    0.000011    0.000011
1433   0.43372   0.00000    0.000008    0.000008
1434   0.43472   0.00000    0.000007    0.000007
1435   0.43572   0.00000    0.000005    0.000005
1436   0.43672   0.00000    0.000004    0.000004
1437   0.43772   0.00000    0.000003    0.000003
1438   0.43872   0.00000    0.000003    0.000003
1439   0.43972   0.00000    0.000002    0.000002
1440   0.44072   0.00000    0.000002    0.000002
1441   0.44172   0.00000    0.000001    0.000001
1442   0.44272   0.00000    0.000001    0.000001
1443   0.44372   0.00000    0.000001    0.000001
1444   0.44472   0.00000    0.000000    0.000000
1445   0.44572   0.00000    0.000000    0.000000
1446   0.44672   0.00000    0.000000    0.000000
1447   0.44772   0.00000    0.000000    0.000000
1448   0.44872   0.00000    0.000000    0.000000
1449   0.44972   0.00000    0.000000    0.000000
1450   0.45073   0.00000    0.000000    0.000000
1451   0.45173   0.00000    0.000000    0.000000
1452   0.45273   0.00000    0.000000    0.000000
1453   0.45373   0.00000    0.000000    0.000000
1454   0.45473   0.00000    0.000000    0.000000
1455   0.45573   0.00000    0.000000    0.000000
1456   0.45673   0.00000    0.000000    0.000000
1457   0.45773   0.00000    0.000000    0.000000
1458   0.45873   0.00000    0.000000    0.000000
1459   0.45973   0.00000    0.000000    0.000000
1460   0.46073   0.00000    0.000000    0.000000
1461   0.46173   0.00000    0.000000    0.000000
1462   0.46273   0.00000    0.000000    0.000000
1463   0.46373   0.00000    0.000000    0.000000
1464   0.46473   0.00000    0.000000    0.000000
1465   0.46573   0.00000    0.000000    0.000000
1466   0.46673   0.00000    0.000000    0.000000
1467   0.46773   0.00000    0.000000    0.000000
1468   0.46873   0.00000    0.000000    0.000000
1469   0.46973   0.00000    0.000000    0.000000
1470   0.47074   0.00000    0.000000    0.000000
1471   0.47174   0.00000    0.000000    0.000000
1472   0.47274   0.00000    0.000000    0.000000
1473   0.47374   0.00000    0.000000    0.000000
1474   0.47474   0.00000    0.000000    0.000000
1475   0.47574   0.00000    0.000000    0.000000
1476   0.47674   0.00000    0.000000    0.000000
1477   0.47774   0.00000    0.000000    0.000000
1478   0.47874   0.00000    0.000000    0.000000
1479   0.47974   0.00000    0.000000    0.000000
1480   0.48074   0.00000    0.000000    0.000000
1481   0.48174   0.00000    0.000000    0.000000
1482   0.48274   0.00000    0.000000    0.000000
1483   0.48374   0.00000    0.000000    0.000000
1484   0.48474   0.00000    0.000000    0.000000
1485   0.48574   0.00000    0.000000    0.000000
1486   0.48674   0.00000    0.000000    0.000000
1487   0.48774   0.00000    0.000000    0.000000
1488   0.48874   0.00000    0.000000    0.000000
1489   0.48974   0.00000    0.000000    0.000000
1490   0.49075   0.00000    0.000000    0.000000
1491   0.49175   0.00000    0.000000    0.000000
1492   0.49275   0.00000    0.000000    0.000000
1493   0.49375   0.00000    0.000000    0.000000
1494   0.49475   0.00000    0.000000    0.000000
1495   0.49575   0.00000    0.000000    0.000000
1496   0.49675   0.00000    0.000000    0.000000
1497   0.49775   0.00000    0.000000    0.000000
1498   0.49875   0.00000    0.000000    0.000000
1499   0.49975   0.00000    0.000000    0.000000
1500   0.50075   0.00000    0.000000    0.000000
1501   0.50175   0.00000    0.000000    0.000000
1502   0.50275   0.00000    0.000000    0.000000
1503   0.50375   0.00000    0.000000    0.000000
1504   0.50475   0.00000    0.000000    0.000000
1505   0.50575   0.00000    0.000000    0.000000
1506   0.50675   0.00000    0.000000    0.000000
1507   0.50775   0.00000    0.000000    0.000000
1508   0.50875   0.00000    0.000000    0.000000
1509   0.50975   0.00000    0.000000    0.000000
1510   0.51076   0.00000    0.000000    0.000000
1511   0.51176   0.00000    0.000000    0.000000
1512   0.51276   0.00000    0.000000    0.000000
1513   0.51376   0.00000    0.000000    0.000000
1514   0.51476   0.00000    0.000000    0.000000
1515   0.51576   0.00000    0.000000    0.000000
1516   0.51676   0.00000    0.000000    0.000000
1517   0.51776   0.00000    0.000000    0.000000
1518   0.51876   0.00000    0.000000    0.000000
1519   0.51976   0.00000    0.000000    0.000000
1520   0.52076   0.00000    0.000000    0.000000
1521   0.52176   0.00000    0.000000    0.000000
1522   0.52276   0.00000    0.000000    0.000000
1523   0.52376   0.00000    0.000001    0.000001
1524   0.52476   0.00000    0.000001    0.000001
1525   0.52576   0.00000    0.000001    0.000001
1526   0.52676   0.00000    0.000001    0.000001
1527   0.52776   0.00000    0.000003    0.000003
1528   0.52876   0.00000    0.000003    0.000003
1529   0.52976   0.00000    0.000004    0.000004
1530   0.53077   0.00000    0.000004    0.000004
1531   0.53177   0.00000    0.000007    0.000007
1532   0.53277   0.00000    0.000007    0.000007
1533   0.53377   0.00000    0.000013    0.000013
1534   0.53477   0.00000    0.000013    0.000013
1535   0.53577   0.00000    0.000021    0.000021
1536   0.53677   0.00000    0.000021    0.000021
1537   0.53777   0.00000    0.000036    0.000036
1538   0.53877   0.00000    0.000036    0.000036
1539   0.53977   0.00000    0.000058    0.000058
1540   0.54077   0.00000    0.000058    0.000058
1541   0.54177   0.00000    0.000095    0.000095
1542   0.54277   0.00000    0.000095    0.000095
1543   0.54377   0.00000    0.000152    0.000152
1544   0.54477   0.00000    0.000152    0.000152
1545   0.54577   0.00000    0.000241    0.000241
1546   0.54677   0.00000    0.000241    0.000241
1547   0.54777   0.00000    0.000377    0.000377
1548   0.54877   0.00000    0.000377    0.000377
1549   0.54977   0.00000    0.000582    0.000582
1550   0.55078   0.00000    0.000582    0.000582
1551   0.55178   0.00000    0.000889    0.000889
1552   0.55278   0.00000    0.000889    0.000889
1553   0.55378   0.00000    0.001342    0.001342
1554   0.55478   0.00000    0.001342    0.001342
1555   0.55578   0.00000    0.001999    0.001999
1556   0.55678   0.00000    0.001999    0.001999
1557   0.55778   0.00000    0.002941    0.002941
1558   0.55878   0.00000    0.002941    0.002941
1559   0.55978   0.00000    0.004272    0.004272
1560   0.56078   0.00000    0.004272    0.004272
1561   0.56178   0.00000    0.006128    0.006128
1562   0.56278   0.00000    0.006128    0.006128
1563   0.56378   0.00000    0.008678    0.008678
1564   0.56478   0.00000    0.008678    0.008678
1565   0.56578   0.00000    0.012132    0.012132
1566   0.56678   0.00000    0.012132    0.012132
1567   0.56778   0.00000    0.016742    0.016742
1568   0.56878   0.00000    0.016742    0.016742
1569   0.56978   0.00000    0.022807    0.022807
1570   0.57079   0.00000    0.022807    0.022807
1571   0.57179   0.00000    0.030667    0.030667
1572   0.57279   0.00000    0.030667    0.030667
1573   0.57379   0.00000    0.040699    0.040699
1574   0.57479   0.00000    0.040699    0.040699
1575   0.57579   0.00000    0.053308    0.053308
1576   0.57679   0.00000    0.053308    0.053308
1577   0.57779   0.00000    0.068913    0.068913
1578   0.57879   0.00000    0.068913    0.068913
1579   0.57979   0.00000    0.087923    0.087923
1580   0.58079   0.00000    0.087923    0.087923
1581   0.58179   0.00000    0.110712    0.110712
1582   0.58279   0.00000    0.110712    0.110712
1583   0.58379   0.00000    0.137594    0.137594
1584   0.58479   0.00000    0.137594    0.137594
1585   0.58579   0.00000    0.168785    0.168785
1586   0.58679   0.00000    0.168785    0.168785
1587   0.58779   0.00000    0.204377    0.204377
1588   0.58879   0.00000    0.204377    0.204377
1589   0.58979   0.00000    0.244307    0.244307
1590   0.59080   0.00000    0.244307    0.244307
1591   0.59180   0.00000    0.288341    0.288341
1592   0.59280   0.00000    0.288341    0.288341
1593   0.59380   0.00000    0.336058    0.336058
1594   0.59480   0.00000    0.336058    0.336058
1595   0.59580   0.00000    0.386856    0.386856
1596   0.59680   0.00000    0.386856    0.386856
1597   0.59780   0.00000    0.439968    0.439968
1598   0.59880   0.00000    0.439968    0.439968
1599   0.59980   0.00000    0.494490    0.494490
1600   0.60080   1.00000    0.494490    0.505510
1601   0.60180   1.00000    0.549424    0.450576
1602   0.60280   1.00000    0.549424    0.450576
1603   0.60380   1.00000    0.603735    0.396265
1604   0.60480   1.00000    0.603735    0.396265
1605   0.60580   1.00000    0.656403    0.343597
1606   0.60680   1.00000    0.656403    0.343597
1607   0.60780   1.00000    0.706485    0.293515
1608   0.60880   1.00000    0.706485    0.293515
1609   0.60980   1.00000    0.753165    0.246835
1610   0.61081   1.00000    0.753165    0.246835
1611   0.61181   1.00000    0.795798    0.204202
1612   0.61281   1.00000    0.795798    0.204202
1613   0.61381   1.00000    0.833934    0.166066
1614   0.61481   1.00000    0.833934    0.166066
1615   0.61581   1.00000    0.867335    0.132665
1616   0.61681   1.00000    0.867335    0.132665
1617   0.61781   1.00000    0.895964    0.104036
1618   0.61881   1.00000    0.895964    0.104036
1619   0.61981   1.00000    0.919969    0.080031
1620   0.62081   1.00000    0.919969    0.080031
1621   0.62181   1.00000    0.939651    0.060349
1622   0.62281   1.00000    0.939651    0.060349
1623   0.62381   1.00000    0.955421    0.044579
1624   0.62481   1.00000    0.955421    0.044579
1625   0.62581   1.00000    0.967766    0.032234
1626   0.62681   1.00000    0.967766    0.032234
1627   0.62781   1.00000    0.977201    0.022799
1628   0.62881   1.00000    0.977201    0.022799
1629   0.62981   1.00000    0.984237    0.015763
1630   0.63082   1.00000    0.984237    0.015763
1631   0.63182   1.00000    0.989354    0.010646
1632   0.63282   1.00000    0.989354    0.010646
1633   0.63382   1.00000    0.992982    0.007018
1634   0.63482   1.00000    0.992982    0.007018
1635   0.63582   1.00000    0.995487    0.004513
1636   0.63682   1.00000    0.995487    0.004513
1637   0.63782   1.00000    0.997170    0.002830
1638   0.63882   1.00000    0.997170    0.002830
1639   0.63982   1.00000    0.998271    0.001729
1640   0.64082   1.00000    0.998271    0.001729
1641   0.64182   1.00000    0.998970    0.001030
1642   0.64282   1.00000    0.998970    0.001030
1643   0.64382   1.00000    0.999401    0.000599
1644   0.64482   1.00000    0.999401    0.000599
1645   0.64582   1.00000    0.999659    0.000341
1646   0.64682   1.00000    0.999659    0.000341
1647   0.64782   1.00000    0.999807    0.000193
1648   0.64882   1.00000    0.999807    0.000193
1649   0.64982   1.00000    0.999890    0.000110
1650   0.65083   1.00000    0.999890    0.000110
1651   0.65183   1.00000    0.999935    0.000065
1652   0.65283   1.00000    0.999935    0.000065
1653   0.65383   1.00000    0.999957    0.000043
1654   0.65483   1.00000    0.999957    0.000043
1655   0.65583   1.00000    0.999967    0.000033
1656   0.65683   1.00000    0.999967    0.000033
1657   0.65783   1.00000    0.999971    0.000029
1658   0.65883   1.00000    0.999971    0.000029
1659   0.65983   1.00000    0.999972    0.000028
1660   0.66083   1.00000    0.999972    0.000028
1661   0.66183   1.00000    0.999973    0.000027
1662   0.66283   1.00000    0.999973    0.000027
1663   0.66383   1.00000    0.999974    0.000026
1664   0.66483   1.00000    0.999974    0.000026
1665   0.66583   1.00000    0.999975    0.000025
1666   0.66683   1.00000    0.999975    0.000025
1667   0.66783   1.00000    0.999976    0.000024
1668   0.66883   1.00000    0.999976    0.000024
1669   0.66983   1.00000    0.999977    0.000023
1670   0.67084   1.00000    0.999977    0.000023
1671   0.67184   1.00000    0.999979    0.000021
1672   0.67284   1.00000    0.999979    0.000021
1673   0.67384   1.00000    0.999980    0.000020
1674   0.67484   1.00000    0.999980    0.000020
1675   0.67584   1.00000    0.999981    0.000019
1676   0.67684   1.00000    0.999981    0.000019
1677   0.67784   1.00000    0.999982    0.000018
1678   0.67884   1.00000    0.999982    0.000018
1679   0.67984   1.00000    0.999983    0.000017
1680   0.68084   1.00000    0.999983    0.000017
1681   0.68184   1.00000    0.999984    0.000016
1682   0.68284   1.00000    0.999984    0.000016
1683   0.68384   1.00000    0.999985    0.000015
1684   0.68484   1.00000    0.999985    0.000015
1685   0.68584   1.00000    0.999986    0.000014
1686   0.68684   1.00000    0.999986    0.000014
1687   0.68784   1.00000    0.999987    0.000013
1688   0.68884   1.00000    0.999987    0.000013
1689   0.68984   1.00000    0.999988    0.000012
1690   0.69085   1.00000    0.999988    0.000012
1691   0.69185   1.00000    0.999989    0.000011
1692   0.69285   1.00000    0.999989    0.000011
1693   0.69385   1.00000    0.999990    0.000010
1694   0.69485   1.00000    0.999990    0.000010
1695   0.69585   1.00000    0.999991    0.000009
1696   0.69685   1.00000    0.999991    0.000009
1697   0.69785   1.00000    0.999992    0.000008
1698   0.69885   1.00000    0.999992    0.000008
1699   0.69985   1.00000    0.999994    0.000006
1700   0.70085   1.00000    0.999994    0.000006
1701   0.70185   1.00000    0.999995    0.000005
1702   0.70285   1.00000    0.999995    0.000005
1703   0.70385   1.00000    0.999996    0.000004
1704   0.70485   1.00000    0.999996    0.000004
1705   0.70585   1.00000    0.999997    0.000003
1706   0.70685   1.00000    0.999997    0.000003
1707   0.70785   1.00000    0.999998    0.000002
1708   0.70885   1.00000    0.999998    0.000002
1709   0.70985   1.00000    0.999999    0.000001
1710   0.71086   1.00000    0.999999    0.000001
1711   0.71186   1.00000    1.000000    0.000000
1712   0.71286   1.00000    1.000000    0.000000
1713   0.71386   1.00000    1.000000    0.000000
1714   0.71486   1.00000    1.000000    0.000000
1715   0.71586   1.00000    1.000000    0.000000
1716   0.71686   1.00000    1.000000    0.000000
1717   0.71786   1.00000    1.000000    0.000000
1718   0.71886   1.00000    1.000000    0.000000
1719   0.71986   1.00000    1.000000    0.000000
1720   0.72086   1.00000    1.000000    0.000000
1721   0.72186   1.00000    1.000000    0.000000
1722   0.72286   1.00000    1.000000    0.000000
1723   0.72386   1.00000    0.999999    0.000001
1724   0.72486   1.00000    0.999999    0.000001
1725   0.72586   1.00000    0.999998    0.000002
1726   0.72686   1.00000    0.999998    0.000002
1727   0.72786   1.00000    0.999997    0.000003
1728   0.72886   1.00000    0.999997    0.000003
1729   0.72986   1.00000    0.999996    0.000004
1730   0.73087   1.00000    0.999996    0.000004
1731   0.73187   1.00000    0.999993    0.000007
1732   0.73287   1.00000    0.999993    0.000007
1733   0.73387   1.00000    0.999987    0.000013
1734   0.73487   1.00000    0.999987    0.000013
1735   0.73587   1.00000    0.999979    0.000021
1736   0.73687   1.00000    0.999979    0.000021
1737   0.73787   1.00000    0.999965    0.000035
1738   0.73887   1.00000    0.999965    0.000035
1739   0.73987   1.00000    0.999942    0.000058
1740   0.74087   1.00000    0.999942    0.000058
1741   0.74187   1.00000    0.999905    0.000095
1742   0.74287   1.00000    0.999905    0.000095
1743   0.74387   1.00000    0.999848    0.000152
1744   0.74487   1.00000    0.999848    0.000152
1745   0.74587   1.00000    0.999760    0.000240
1746   0.74687   1.00000    0.999760    0.000240
1747   0.74787   1.00000    0.999624    0.000376
1748   0.74887   1.00000    0.999624    0.000376
1749   0.74987   1.00000    0.999418    0.000582
1750   0.75088   1.00000    0.999418    0.000582
1751   0.75188   1.00000    0.999111    0.000889
1752   0.75288   1.00000    0.999111    0.000889
1753   0.75388   1.00000    0.998659    0.001341
1754   0.75488   1.00000    0.998659    0.001341
1755   0.75588   1.00000    0.998002    0.001998
1756   0.75688   1.00000    0.998002    0.001998
1757   0.75788   1.00000    0.997060    0.002940
1758   0.75888   1.00000    0.997060    0.002940
1759   0.75988   1.00000    0.995728    0.004272
1760   0.76088   1.00000    0.995728    0.004272
1761   0.76188   1.00000    0.993873    0.006127
1762   0.76288   1.00000    0.993873    0.006127
1763   0.76388   1.00000    0.991323    0.008677
1764   0.76488   1.00000    0.991323    0.008677
1765   0.76588   1.00000    0.987869    0.012131
1766   0.76688   1.00000    0.987869    0.012131
1767   0.76788   1.00000    0.983258    0.016742
1768   0.76888   1.00000    0.983258    0.016742
1769   0.76988   1.00000    0.977193    0.022807
1770   0.77089   1.00000    0.977193    0.022807
1771   0.77189   1.00000    0.969333    0.030667
1772   0.77289   1.00000    0.969333    0.030667
1773   0.77389   1.00000    0.959302    0.040698
1774   0.77489   1.00000    0.959302    0.040698
1775   0.77589   1.00000    0.946692    0.053308
1776   0.77689   1.00000    0.946692    0.053308
1777   0.77789   1.00000    0.931087    0.068913
1778   0.77889   1.00000    0.931087    0.068913
1779   0.77989   1.00000    0.912077    0.087923
1780   0.78089   1.00000    0.912077    0.087923
1781   0.78189   1.00000    0.889288    0.110712
1782   0.78289   1.00000    0.889288    0.110712
1783   0.78389   1.00000    0.862406    0.137594
1784   0.78489   1.00000    0.862406    0.137594
1785   0.78589   1.00000    0.831215    0.168785
1786   0.78689   1.00000    0.831215    0.168785
1787   0.78789   1.00000    0.795624    0.204376
1788   0.78889   1.00000    0.795624    0.204376
1789   0.78990   1.00000    0.755693    0.244307
1790   0.79090   1.00000    0.755693    0.244307
1791   0.79190   1.00000    0.711659    0.288341
1792   0.79290   1.00000    0.711659    0.288341
1793   0.79390   1.00000    0.663942    0.336058
1794   0.79490   1.00000    0.663942    0.336058
1795   0.79590   1.00000    0.613144    0.386856
1796   0.79690   1.00000    0.613144    0.386856
1797   0.79790   1.00000    0.560031    0.439969
1798   0.79890   1.00000    0.560031    0.439969
1799   0.79990   1.00000    0.505510    0.494490
1800   0.80090   0.00000    0.505510    0.505510
1801   0.80190   0.00000    0.450576    0.450576
1802   0.80290   0.00000    0.450576    0.450576
1803   0.80390   0.00000    0.396265    0.396265
1804   0.80490   0.00000    0.396265    0.396265
1805   0.80590   0.00000    0.343597    0.343597
1806   0.80690   0.00000    0.343597    0.343597
1807   0.80790   0.00000    0.293515    0.293515
1808   0.80890   0.00000    0.293515    0.293515
1809   0.80991   0.00000    0.246834    0.246834
1810   0.81091   0.00000    0.246834    0.246834
1811   0.81191   0.00000    0.204202    0.204202
1812   0.81291   0.00000    0.204202    0.204202
1813   0.81391   0.00000    0.166065    0.166065
1814   0.81491   0.00000    0.166065    0.166065
1815   0.81591   0.00000    0.132665    0.132665
1816   0.81691   0.00000    0.132665    0.132665
1817   0.81791   0.00000    0.104035    0.104035
1818   0.81891   0.00000    0.104035    0.104035
1819   0.81991   0.00000    0.080030    0.080030
1820   0.82091   0.00000    0.080030    0.080030
1821   0.82191   0.00000    0.060348    0.060348
1822   0.82291   0.00000    0.060348    0.060348
1823   0.82391   0.00000    0.044577    0.044577
1824   0.82491   0.00000    0.044577    0.044577
1825   0.82591   0.00000    0.032232    0.032232
1826   0.82691   0.00000    0.032232    0.032232
1827   0.82791   0.00000    0.022797    0.022797
1828   0.82891   0.00000    0.022797    0.022797
1829   0.82992   0.00000    0.015760    0.015760
1830   0.83092   0.00000    0.015760    0.015760
1831   0.83192   0.00000    0.010642    0.010642
1832   0.83292   0.00000    0.010642    0.010642
1833   0.83392   0.00000    0.007013    0.007013
1834   0.83492   0.00000    0.007013    0.007013
1835   0.83592   0.00000    0.004507    0.004507
1836   0.83692   0.00000    0.004507    0.004507
1837   0.83792   0.00000    0.002823    0.002823
1838   0.83892   0.00000    0.002823    0.002823
1839   0.83992   0.00000    0.001721    0.001721
1840   0.84092   0.00000    0.001721    0.001721
1841   0.84192   0.00000    0.001021    0.001021
1842   0.84292   0.00000    0.001021    0.001021
1843   0.84392   0.00000    0.000589    0.000589
1844   0.84492   0.00000    0.000589    0.000589
1845   0.84592   0.00000    0.000329    0.000329
1846   0.84692   0.00000    0.000329    0.000329
1847   0.84792   0.00000    0.000179    0.000179
1848   0.84892   0.00000    0.000179    0.000179
1849   0.84993   0.00000    0.000094    0.000094
1850   0.85093   0.00000    0.000094    0.000094
1851   0.85193   0.00000    0.000048    0.000048
1852   0.85293   0.00000    0.000048    0.000048
1853   0.85393   0.00000    0.000024    0.000024
1854   0.85493   0.00000    0.000024    0.000024
1855   0.85593   0.00000    0.000011    0.000011
1856   0.85693   0.00000    0.000011    0.000011
1857   0.85793   0.00000    0.000005    0.000005
1858   0.85893   0.00000    0.000005    0.000005
1859   0.85993   0.00000    0.000002    0.000002
1860   0.86093   0.00000    0.000002    0.000002
1861   0.86193   0.00000    0.000001    0.000001
1862   0.86293   0.00000    0.000001    0.000001
1863   0.86393   0.00000    0.000000    0.000000
1864   0.86493   0.00000    0.000000    0.000000
1865   0.86593   0.00000    0.000000    0.000000
1866   0.86693   0.00000    0.000000    0.000000
1867   0.86793   0.00000    0.000000    0.000000
1868   0.86893   0.00000    0.000000    0.000000
1869   0.86994   0.00000    0.000000    0.000000
1870   0.87094   0.00000    0.000000    0.000000
1871   0.87194   0.00000    0.000000    0.000000
1872   0.87294   0.00000    0.000000    0.000000
1873   0.87394   0.00000    0.000000    0.000000
1874   0.87494   0.00000    0.000000    0.000000
1875   0.87594   0.00000    0.000000    0.000000
1876   0.87694   0.00000    0.000000    0.000000
1877   0.87794   0.00000    0.000000    0.000000
1878   0.87894   0.00000    0.000000    0.000000
1879   0.87994   0.00000    0.000000    0.000000
1880   0.88094   0.00000    0.000000    0.000000
1881   0.88194   0.00000    0.000000    0.000000
1882   0.88294   0.00000    0.000000    0.000000
1883   0.88394   0.00000    0.000000    0.000000
1884   0.88494   0.00000    0.000000    0.000000
1885   0.88594   0.00000    0.000000    0.000000
1886   0.88694   0.00000    0.000000    0.000000
1887   0.88794   0.00000    0.000000    0.000000
1888   0.88894   0.00000    0.000000    0.000000
1889   0.88995   0.00000    0.000000    0.000000
1890   0.89095   0.00000    0.000000    0.000000
1891   0.89195   0.00000    0.000000    0.000000
1892   0.89295   0.00000    0.000000    0.000000
1893   0.89395   0.00000    0.000000    0.000000
1894   0.89495   0.00000    0.000000    0.000000
1895   0.89595   0.00000    0.000000    0.000000
1896   0.89695   0.00000    0.000000    0.000000
1897   0.89795   0.00000    0.000000    0.000000
1898   0.89895   0.00000    0.000000    0.000000
1899   0.89995   0.00000    0.000000    0.000000
1900   0.90095   0.00000    0.000000    0.000000
1901   0.90195   0.00000    0.000000    0.000000
1902   0.90295   0.00000    0.000000    0.000000
1903   0.90395   0.00000    0.000000    0.000000
1904   0.90495   0.00000    0.000000    0.000000
1905   0.90595   0.00000    0.000000    0.000000
1906   0.90695   0.00000    0.000000    0.000000
1907   0.90795   0.00000    0.000000    0.000000
1908   0.90895   0.00000    0.000000    0.000000
1909   0.90996   0.00000    0.000000    0.000000
1910   0.91096   0.00000    0.000000    0.000000
1911   0.91196   0.00000    0.000000    0.000000
1912   0.91296   0.00000    0.000000    0.000000
1913   0.91396   0.00000    0.000000    0.000000
1914   0.91496   0.00000    0.000000    0.000000
1915   0.91596   0.00000    0.000000    0.000000
1916   0.91696   0.00000    0.000000    0.000000
1917   0.91796   0.00000    0.000000    0.000000
1918   0.91896   0.00000    0.000000    0.000000
1919   0.91996   0.00000    0.000000    0.000000
1920   0.92096   0.00000    0.000000    0.000000
1921   0.92196   0.00000    0.000000    0.000000
1922   0.92296   0.00000    0.000000    0.000000
1923   0.92396   0.00000    0.000000    0.000000
1924   0.92496   0.00000    0.000000    0.000000
1925   0.92596   0.00000    0.000000    0.000000
1926   0.92696   0.00000    0.000000    0.000000
1927   0.92796   0.00000    0.000000    0.000000
1928   0.92896   0.00000    0.000000    0.000000
1929   0.92997   0.00000    0.000000    0.000000
1930   0.93097   0.00000    0.000000    0.000000
1931   0.93197   0.00000    0.000000    0.000000
1932   0.93297   0.00000    0.000000    0.000000
1933   0.93397   0.00000    0.000000    0.000000
1934   0.93497   0.00000    0.000001    0.000001
1935   0.93597   0.00000    0.000001    0.000001
1936   0.93697   0.00000    0.000001    0.000001
1937   0.93797   0.00000    0.000001    0.000001
1938   0.93897   0.00000    0.000002    0.000002
1939   0.93997   0.00000    0.000002    0.000002
1940   0.94097   0.00000    0.000003    0.000003
1941   0.94197   0.00000    0.000003    0.000003
1942   0.94297   0.00000    0.000004    0.000004
1943   0.94397   0.00000    0.000006    0.000006
1944   0.94497   0.00000    0.000007    0.000007
1945   0.94597   0.00000    0.000009    0.000009
1946   0.94697   0.00000    0.000011    0.000011
1947   0.94797   0.00000    0.000015    0.000015
1948   0.94897   0.00000    0.000018    0.000018
1949   0.94998   0.00000    0.000023    0.000023
1950   0.95098   0.00000    0.000029    0.000029
1951   0.95198   0.00000    0.000036    0.000036
1952   0.95298   0.00000    0.000045    0.000045
1953   0.95398   0.00000    0.000056    0.000056
1954   0.95498   0.00000    0.000070    0.000070
1955   0.95598   0.00000    0.000086    0.000086
1956   0.95698   0.00000    0.000106    0.000106
1957   0.95798   0.00000    0.000131    0.000131
1958   0.95898   0.00000    0.000161    0.000161
1959   0.95998   0.00000    0.000197    0.000197
1960   0.96098   0.00000    0.000239    0.000239
1961   0.96198   0.00000    0.000291    0.000291
1962   0.96298   0.00000    0.000353    0.000353
1963   0.96398   0.00000    0.000427    0.000427
1964   0.96498   0.00000    0.000514    0.000514
1965   0.96598   0.00000    0.000618    0.000618
1966   0.96698   0.00000    0.000739    0.000739
1967   0.96798   0.00000    0.000884    0.000884
1968   0.96898   0.00000    0.001051    0.001051
1969   0.96999   0.00000    0.001249    0.001249
1970   0.97099   0.00000    0.001477    0.001477
1971   0.97199   0.00000    0.001745    0.001745
1972   0.97299   0.00000    0.002051    0.002051
1973   0.97399   0.00000    0.002408    0.002408
1974   0.97499   0.00000    0.002816    0.002816
1975   0.97599   0.00000    0.003286    0.003286
1976   0.97699   0.00000    0.003819    0.003819
1977   0.97799   0.00000    0.004431    0.004431
1978   0.97899   0.00000    0.005120    0.005120
1979   0.97999   0.00000    0.005905    0.005905
1980   0.98099   0.00000    0.006784    0.006784
1981   0.98199   0.00000    0.007778    0.007778
1982   0.98299   0.00000    0.008886    0.008886
1983   0.98399   0.00000    0.010128    0.010128
1984   0.98499   0.00000    0.011505    0.011505
1985   0.98599   0.00000    0.013037    0.013037
1986   0.98699   0.00000    0.014726    0.014726
1987   0.98799   0.00000    0.016593    0.016593
1988   0.98899   0.00000    0.018637    0.018637
1989   0.99000   0.00000    0.020882    0.020882
1990   0.99100   0.00000    0.023326    0.023326
1991   0.99200   0.00000    0.025991    0.025991
1992   0.99300   0.00000    0.028876    0.028876
1993   0.99400   0.00000    0.031999    0.031999
1994   0.99500   0.00000    0.035362    0.035362
1995   0.99600   0.00000    0.038978    0.038978
1996   0.99700   0.00000    0.042848    0.042848
1997   0.99800   0.00000    0.046985    0.046985
1998   0.99900   0.00000    0.051387    0.051387
1999   1.00000   0.00000    0.056061    0.056061
 
