 i       X     FEXACT   FI_LAXW   ERR_LAXW
   0  -1.00000   0.00000    0.009329    0.009329
   1  -0.99900   0.01001    0.015889    0.005884
   2  -0.99800   0.02001    0.023209    0.003199
   3  -0.99700   0.03001    0.031165    0.001151
   4  -0.99600   0.04002    0.039639    0.000381
   5  -0.99500   0.05002    0.048522    0.001503
   6  -0.99400   0.06003    0.057723    0.002307
   7  -0.99300   0.07004    0.067162    0.002873
   8  -0.99200   0.08004    0.076777    0.003262
   9  -0.99100   0.09004    0.086518    0.003526
  10  -0.99000   0.10005    0.096348    0.003702
  11  -0.98899   0.11006    0.106239    0.003816
  12  -0.98799   0.12006    0.116172    0.003889
  13  -0.98699   0.13006    0.126131    0.003933
  14  -0.98599   0.14007    0.136108    0.003963
  15  -0.98499   0.15007    0.146096    0.003978
  16  -0.98399   0.16008    0.156092    0.003989
  17  -0.98299   0.17009    0.166091    0.003994
  18  -0.98199   0.18009    0.176093    0.003997
  19  -0.98099   0.19010    0.186096    0.004000
  20  -0.97999   0.20010    0.196100    0.004000
  21  -0.97899   0.21011    0.206105    0.004000
  22  -0.97799   0.22011    0.216110    0.004000
  23  -0.97699   0.23011    0.226115    0.003999
  24  -0.97599   0.24012    0.236121    0.004000
  25  -0.97499   0.25012    0.246126    0.003999
  26  -0.97399   0.26013    0.256131    0.003999
  27  -0.97299   0.27014    0.266136    0.004000
  28  -0.97199   0.28014    0.276140    0.003999
  29  -0.97099   0.29015    0.286145    0.004001
  30  -0.96999   0.30015    0.296150    0.004000
  31  -0.96898   0.31016    0.306155    0.004000
  32  -0.96798   0.32016    0.316160    0.004001
  33  -0.96698   0.33016    0.326164    0.004000
  34  -0.96598   0.34017    0.336169    0.004002
  35  -0.96498   0.35017    0.346174    0.004001
  36  -0.96398   0.36018    0.356179    0.004001
  37  -0.96298   0.37019    0.366184    0.004002
  38  -0.96198   0.38019    0.376188    0.004001
  39  -0.96098   0.39020    0.386193    0.004003
  40  -0.95998   0.40020    0.396198    0.004002
  41  -0.95898   0.41021    0.406203    0.004002
  42  -0.95798   0.42021    0.416209    0.004001
  43  -0.95698   0.43021    0.426216    0.003999
  44  -0.95598   0.44022    0.436223    0.003998
  45  -0.95498   0.45022    0.446229    0.003996
  46  -0.95398   0.46023    0.456233    0.003997
  47  -0.95298   0.47024    0.466234    0.004001
  48  -0.95198   0.48024    0.476234    0.004006
  49  -0.95098   0.49025    0.486233    0.004013
  50  -0.94998   0.50025    0.496236    0.004014
  51  -0.94897   0.51026    0.506245    0.004010
  52  -0.94797   0.52026    0.516261    0.004000
  53  -0.94697   0.53026    0.526281    0.003984
  54  -0.94597   0.54027    0.536299    0.003972
  55  -0.94497   0.55027    0.546308    0.003967
  56  -0.94397   0.56028    0.556301    0.003979
  57  -0.94297   0.57029    0.566276    0.004009
  58  -0.94197   0.58029    0.576241    0.004048
  59  -0.94097   0.59030    0.586209    0.004086
  60  -0.93997   0.60030    0.596200    0.004100
  61  -0.93897   0.61031    0.606228    0.004077
  62  -0.93797   0.62031    0.616301    0.004009
  63  -0.93697   0.63031    0.626407    0.003907
  64  -0.93597   0.64032    0.636518    0.003803
  65  -0.93497   0.65032    0.646592    0.003733
  66  -0.93397   0.66033    0.656587    0.003743
  67  -0.93297   0.67034    0.666478    0.003858
  68  -0.93197   0.68034    0.676268    0.004073
  69  -0.93097   0.69035    0.686000    0.004346
  70  -0.92996   0.70035    0.695752    0.004598
  71  -0.92896   0.71036    0.705617    0.004738
  72  -0.92796   0.72036    0.715680    0.004680
  73  -0.92696   0.73037    0.725988    0.004378
  74  -0.92596   0.74037    0.736522    0.003849
  75  -0.92496   0.75037    0.747193    0.003182
  76  -0.92396   0.76038    0.757846    0.002534
  77  -0.92296   0.77039    0.768295    0.002091
  78  -0.92196   0.78039    0.778359    0.002031
  79  -0.92096   0.79040    0.787918    0.002477
  80  -0.91996   0.80040    0.796948    0.003451
  81  -0.91896   0.81041    0.805544    0.004861
  82  -0.91796   0.82041    0.813920    0.006490
  83  -0.91696   0.83042    0.822377    0.008038
  84  -0.91596   0.84042    0.831259    0.009162
  85  -0.91496   0.85042    0.840885    0.009540
  86  -0.91396   0.86043    0.851493    0.008937
  87  -0.91296   0.87044    0.863189    0.007246
  88  -0.91196   0.88044    0.875920    0.004520
  89  -0.91096   0.89045    0.889469    0.000976
  90  -0.90995   0.90045    0.903477    0.003027
  91  -0.90895   0.91045    0.917482    0.007027
  92  -0.90795   0.92046    0.930971    0.010511
  93  -0.90695   0.93047    0.943439    0.012973
  94  -0.90595   0.94047    0.954431    0.013960
  95  -0.90495   0.95047    0.963586    0.013111
  96  -0.90395   0.96048    0.970657    0.010177
  97  -0.90295   0.97049    0.975519    0.005033
  98  -0.90195   0.98049    0.978162    0.002329
  99  -0.90095   0.99050    0.978676    0.011819
 100  -0.89995   0.99950    0.977227    0.022273
 101  -0.89895   0.98950    0.974029    0.015466
 102  -0.89795   0.97949    0.969324    0.010166
 103  -0.89695   0.96948    0.963360    0.006125
 104  -0.89595   0.95948    0.956371    0.003108
 105  -0.89495   0.94948    0.948572    0.000903
 106  -0.89395   0.93947    0.940148    0.000680
 107  -0.89295   0.92946    0.931255    0.001790
 108  -0.89195   0.91946    0.922015    0.002555
 109  -0.89095   0.90945    0.912527    0.003072
 110  -0.88994   0.89945    0.902864    0.003414
 111  -0.88894   0.88944    0.893082    0.003638
 112  -0.88794   0.87944    0.883219    0.003780
 113  -0.88694   0.86943    0.873303    0.003869
 114  -0.88594   0.85943    0.863353    0.003924
 115  -0.88494   0.84943    0.853381    0.003955
 116  -0.88394   0.83942    0.843395    0.003976
 117  -0.88294   0.82941    0.833400    0.003986
 118  -0.88194   0.81941    0.823401    0.003992
 119  -0.88094   0.80940    0.813399    0.003994
 120  -0.87994   0.79940    0.803395    0.003995
 121  -0.87894   0.78939    0.793390    0.003996
 122  -0.87794   0.77939    0.783385    0.003995
 123  -0.87694   0.76938    0.773380    0.003995
 124  -0.87594   0.75938    0.763375    0.003996
 125  -0.87494   0.74938    0.753370    0.003995
 126  -0.87394   0.73937    0.743365    0.003996
 127  -0.87294   0.72936    0.733360    0.003995
 128  -0.87194   0.71936    0.723355    0.003995
 129  -0.87094   0.70935    0.713350    0.003996
 130  -0.86993   0.69935    0.703345    0.003995
 131  -0.86893   0.68934    0.693340    0.003996
 132  -0.86793   0.67934    0.683335    0.003995
 133  -0.86693   0.66933    0.673330    0.003996
 134  -0.86593   0.65933    0.663325    0.003996
 135  -0.86493   0.64933    0.653320    0.003995
 136  -0.86393   0.63932    0.643315    0.003996
 137  -0.86293   0.62931    0.633310    0.003995
 138  -0.86193   0.61931    0.623305    0.003996
 139  -0.86093   0.60930    0.613300    0.003996
 140  -0.85993   0.59930    0.603295    0.003995
 141  -0.85893   0.58929    0.593290    0.003996
 142  -0.85793   0.57929    0.583285    0.003995
 143  -0.85693   0.56928    0.573280    0.003995
 144  -0.85593   0.55928    0.563275    0.003995
 145  -0.85493   0.54928    0.553270    0.003995
 146  -0.85393   0.53927    0.543266    0.003997
 147  -0.85293   0.52926    0.533264    0.003999
 148  -0.85193   0.51926    0.523262    0.004002
 149  -0.85093   0.50925    0.513260    0.004006
 150  -0.84992   0.49925    0.503256    0.004007
 151  -0.84892   0.48924    0.493250    0.004006
 152  -0.84792   0.47924    0.483239    0.004000
 153  -0.84692   0.46923    0.473227    0.003993
 154  -0.84592   0.45923    0.463216    0.003987
 155  -0.84492   0.44922    0.453210    0.003985
 156  -0.84392   0.43922    0.443211    0.003992
 157  -0.84292   0.42921    0.433221    0.004006
 158  -0.84192   0.41921    0.423237    0.004027
 159  -0.84092   0.40920    0.413250    0.004045
 160  -0.83992   0.39920    0.403251    0.004052
 161  -0.83892   0.38919    0.393234    0.004040
 162  -0.83792   0.37919    0.383194    0.004004
 163  -0.83692   0.36918    0.373138    0.003953
 164  -0.83592   0.35918    0.363080    0.003900
 165  -0.83492   0.34917    0.353042    0.003868
 166  -0.83392   0.33917    0.343044    0.003875
 167  -0.83292   0.32916    0.333099    0.003934
 168  -0.83192   0.31916    0.323204    0.004044
 169  -0.83092   0.30915    0.313336    0.004181
 170  -0.82991   0.29915    0.303456    0.004307
 171  -0.82891   0.28914    0.293517    0.004373
 172  -0.82791   0.27914    0.283477    0.004337
 173  -0.82691   0.26913    0.273314    0.004179
 174  -0.82591   0.25913    0.263039    0.003909
 175  -0.82491   0.24912    0.252699    0.003575
 176  -0.82391   0.23912    0.242372    0.003253
 177  -0.82291   0.22912    0.232153    0.003038
 178  -0.82191   0.21911    0.222129    0.003020
 179  -0.82091   0.20910    0.212361    0.003256
 180  -0.81991   0.19910    0.202856    0.003757
 181  -0.81891   0.18909    0.193565    0.004471
 182  -0.81791   0.17909    0.184377    0.005287
 183  -0.81691   0.16908    0.175140    0.006055
 184  -0.81591   0.15908    0.165682    0.006603
 185  -0.81491   0.14907    0.155845    0.006771
 186  -0.81391   0.13907    0.145512    0.006443
 187  -0.81291   0.12907    0.134633    0.005568
 188  -0.81191   0.11906    0.123241    0.004181
 189  -0.81091   0.10905    0.111446    0.002392
 190  -0.80990   0.09905    0.099433    0.000384
 191  -0.80890   0.08904    0.087434    0.001610
 192  -0.80790   0.07904    0.075706    0.003334
 193  -0.80690   0.06903    0.064501    0.004534
 194  -0.80590   0.05903    0.054044    0.004986
 195  -0.80490   0.04902    0.044513    0.004511
 196  -0.80390   0.03902    0.036030    0.002989
 197  -0.80290   0.02902    0.028653    0.000363
 198  -0.80190   0.01901    0.022383    0.003375
 199  -0.80090   0.00900    0.017176    0.008171
 200  -0.79990   0.00000    0.012945    0.012945
 201  -0.79890   0.00000    0.009582    0.009582
 202  -0.79790   0.00000    0.006967    0.006967
 203  -0.79690   0.00000    0.004975    0.004975
 204  -0.79590   0.00000    0.003490    0.003490
 205  -0.79490   0.00000    0.002404    0.002404
 206  -0.79390   0.00000    0.001627    0.001627
 207  -0.79290   0.00000    0.001082    0.001082
 208  -0.79190   0.00000    0.000707    0.000707
 209  -0.79090   0.00000    0.000454    0.000454
 210  -0.78989   0.00000    0.000286    0.000286
 211  -0.78889   0.00000    0.000177    0.000177
 212  -0.78789   0.00000    0.000108    0.000108
 213  -0.78689   0.00000    0.000065    0.000065
 214  -0.78589   0.00000    0.000038    0.000038
 215  -0.78489   0.00000    0.000022    0.000022
 216  -0.78389   0.00000    0.000012    0.000012
 217  -0.78289   0.00000    0.000007    0.000007
 218  -0.78189   0.00000    0.000004    0.000004
 219  -0.78089   0.00000    0.000002    0.000002
 220  -0.77989   0.00000    0.000001    0.000001
 221  -0.77889   0.00000    0.000001    0.000001
 222  -0.77789   0.00000    0.000000    0.000000
 223  -0.77689   0.00000    0.000000    0.000000
 224  -0.77589   0.00000    0.000000    0.000000
 225  -0.77489   0.00000    0.000000    0.000000
 226  -0.77389   0.00000    0.000000    0.000000
 227  -0.77289   0.00000    0.000000    0.000000
 228  -0.77189   0.00000    0.000000    0.000000
 229  -0.77089   0.00000    0.000000    0.000000
 230  -0.76988   0.00000    0.000000    0.000000
 231  -0.76888   0.00000    0.000000    0.000000
 232  -0.76788   0.00000    0.000000    0.000000
 233  -0.76688   0.00000    0.000000    0.000000
 234  -0.76588   0.00000    0.000000    0.000000
 235  -0.76488   0.00000    0.000000    0.000000
 236  -0.76388   0.00000    0.000000    0.000000
 237  -0.76288   0.00000    0.000000    0.000000
 238  -0.76188   0.00000    0.000000    0.000000
 239  -0.76088   0.00000    0.000000    0.000000
 240  -0.75988   0.00000    0.000000    0.000000
 241  -0.75888   0.00000    0.000000    0.000000
 242  -0.75788   0.00000    0.000000    0.000000
 243  -0.75688   0.00000    0.000000    0.000000
 244  -0.75588   0.00000    0.000000    0.000000
 245  -0.75488   0.00000    0.000000    0.000000
 246  -0.75388   0.00000    0.000000    0.000000
 247  -0.75288   0.00000    0.000000    0.000000
 248  -0.75188   0.00000    0.000000    0.000000
 249  -0.75088   0.00000    0.000000    0.000000
 250  -0.74987   0.00000    0.000000    0.000000
 251  -0.74887   0.00000    0.000000    0.000000
 252  -0.74787   0.00000    0.000000    0.000000
 253  -0.74687   0.00000   -0.000000    0.000000
 254  -0.74587   0.00000   -0.000000    0.000000
 255  -0.74487   0.00000    0.000000    0.000000
 256  -0.74387   0.00000    0.000000    0.000000
 257  -0.74287   0.00000    0.000000    0.000000
 258  -0.74187   0.00000    0.000000    0.000000
 259  -0.74087   0.00000   -0.000000    0.000000
 260  -0.73987   0.00000   -0.000000    0.000000
 261  -0.73887   0.00000   -0.000000    0.000000
 262  -0.73787   0.00000    0.000000    0.000000
 263  -0.73687   0.00000    0.000000    0.000000
 264  -0.73587   0.00000    0.000000    0.000000
 265  -0.73487   0.00000   -0.000000    0.000000
 266  -0.73387   0.00000   -0.000000    0.000000
 267  -0.73287   0.00000   -0.000000    0.000000
 268  -0.73187   0.00000   -0.000000    0.000000
 269  -0.73087   0.00000    0.000000    0.000000
 270  -0.72986   0.00000    0.000000    0.000000
 271  -0.72886   0.00000    0.000000    0.000000
 272  -0.72786   0.00000   -0.000000    0.000000
 273  -0.72686   0.00000   -0.000000    0.000000
 274  -0.72586   0.00000   -0.000000    0.000000
 275  -0.72486   0.00000   -0.000000    0.000000
 276  -0.72386   0.00000    0.000000    0.000000
 277  -0.72286   0.00000    0.000000    0.000000
 278  -0.72186   0.00000    0.000000    0.000000
 279  -0.72086   0.00000   -0.000000    0.000000
 280  -0.71986   0.00000   -0.000000    0.000000
 281  -0.71886   0.00000   -0.000000    0.000000
 282  -0.71786   0.00000   -0.000000    0.000000
 283  -0.71686   0.00000    0.000000    0.000000
 284  -0.71586   0.00000    0.000000    0.000000
 285  -0.71486   0.00000    0.000000    0.000000
 286  -0.71386   0.00000   -0.000000    0.000000
 287  -0.71286   0.00000   -0.000000    0.000000
 288  -0.71186   0.00000   -0.000000    0.000000
 289  -0.71086   0.00000   -0.000000    0.000000
 290  -0.70985   0.00000    0.000000    0.000000
 291  -0.70885   0.00000    0.000000    0.000000
 292  -0.70785   0.00000    0.000000    0.000000
 293  -0.70685   0.00000   -0.000000    0.000000
 294  -0.70585   0.00000   -0.000000    0.000000
 295  -0.70485   0.00000   -0.000000    0.000000
 296  -0.70385   0.00000   -0.000000    0.000000
 297  -0.70285   0.00000    0.000000    0.000000
 298  -0.70185   0.00000    0.000000    0.000000
 299  -0.70085   0.00000    0.000000    0.000000
 300  -0.69985   0.00000    0.000000    0.000000
 301  -0.69885   0.00000   -0.000000    0.000000
 302  -0.69785   0.00000   -0.000000    0.000000
 303  -0.69685   0.00000   -0.000000    0.000000
 304  -0.69585   0.00000   -0.000000    0.000000
 305  -0.69485   0.00000    0.000000    0.000000
 306  -0.69385   0.00000    0.000000    0.000000
 307  -0.69285   0.00000    0.000000    0.000000
 308  -0.69185   0.00000   -0.000000    0.000000
 309  -0.69085   0.00000   -0.000000    0.000000
 310  -0.68984   0.00000   -0.000000    0.000000
 311  -0.68884   0.00000   -0.000000    0.000000
 312  -0.68784   0.00000    0.000000    0.000000
 313  -0.68684   0.00000    0.000000    0.000000
 314  -0.68584   0.00000    0.000000    0.000000
 315  -0.68484   0.00000    0.000000    0.000000
 316  -0.68384   0.00000   -0.000000    0.000000
 317  -0.68284   0.00000   -0.000000    0.000000
 318  -0.68184   0.00000   -0.000000    0.000000
 319  -0.68084   0.00000   -0.000000    0.000000
 320  -0.67984   0.00000    0.000000    0.000000
 321  -0.67884   0.00000    0.000000    0.000000
 322  -0.67784   0.00000    0.000000    0.000000
 323  -0.67684   0.00000    0.000000    0.000000
 324  -0.67584   0.00000   -0.000000    0.000000
 325  -0.67484   0.00000   -0.000000    0.000000
 326  -0.67384   0.00000   -0.000000    0.000000
 327  -0.67284   0.00000   -0.000000    0.000000
 328  -0.67184   0.00000   -0.000000    0.000000
 329  -0.67084   0.00000    0.000000    0.000000
 330  -0.66983   0.00000    0.000001    0.000001
 331  -0.66883   0.00000    0.000001    0.000001
 332  -0.66783   0.00000    0.000000    0.000000
 333  -0.66683   0.00000   -0.000000    0.000000
 334  -0.66583   0.00000   -0.000001    0.000001
 335  -0.66483   0.00000   -0.000002    0.000002
 336  -0.66383   0.00000   -0.000001    0.000001
 337  -0.66283   0.00000    0.000001    0.000001
 338  -0.66183   0.00000    0.000003    0.000003
 339  -0.66083   0.00000    0.000006    0.000006
 340  -0.65983   0.00000    0.000005    0.000005
 341  -0.65883   0.00000    0.000002    0.000002
 342  -0.65783   0.00000   -0.000006    0.000006
 343  -0.65683   0.00000   -0.000014    0.000014
 344  -0.65583   0.00000   -0.000018    0.000018
 345  -0.65483   0.00000   -0.000013    0.000013
 346  -0.65383   0.00000    0.000002    0.000002
 347  -0.65283   0.00000    0.000025    0.000025
 348  -0.65183   0.00000    0.000046    0.000046
 349  -0.65083   0.00000    0.000052    0.000052
 350  -0.64982   0.00000    0.000031    0.000031
 351  -0.64882   0.00000   -0.000018    0.000018
 352  -0.64782   0.00000   -0.000083    0.000083
 353  -0.64682   0.00000   -0.000136    0.000136
 354  -0.64582   0.00000   -0.000145    0.000145
 355  -0.64482   0.00000   -0.000083    0.000083
 356  -0.64382   0.00000    0.000051    0.000051
 357  -0.64282   0.00000    0.000224    0.000224
 358  -0.64182   0.00000    0.000370    0.000370
 359  -0.64082   0.00000    0.000408    0.000408
 360  -0.63982   0.00000    0.000275    0.000275
 361  -0.63882   0.00000   -0.000040    0.000040
 362  -0.63782   0.00000   -0.000475    0.000475
 363  -0.63682   0.00000   -0.000891    0.000891
 364  -0.63582   0.00000   -0.001105    0.001105
 365  -0.63482   0.00000   -0.000957    0.000957
 366  -0.63382   0.00000   -0.000369    0.000369
 367  -0.63282   0.00000    0.000590    0.000590
 368  -0.63182   0.00000    0.001692    0.001692
 369  -0.63082   0.00000    0.002587    0.002587
 370  -0.62981   0.00000    0.002891    0.002891
 371  -0.62881   0.00000    0.002310    0.002310
 372  -0.62781   0.00000    0.000759    0.000759
 373  -0.62681   0.00000   -0.001562    0.001562
 374  -0.62581   0.00000   -0.004164    0.004164
 375  -0.62481   0.00000   -0.006353    0.006353
 376  -0.62381   0.00000   -0.007386    0.007386
 377  -0.62281   0.00000   -0.006668    0.006668
 378  -0.62181   0.00000   -0.003937    0.003937
 379  -0.62081   0.00000    0.000614    0.000614
 380  -0.61981   0.00000    0.006312    0.006312
 381  -0.61881   0.00000    0.012092    0.012092
 382  -0.61781   0.00000    0.016683    0.016683
 383  -0.61681   0.00000    0.018853    0.018853
 384  -0.61581   0.00000    0.017666    0.017666
 385  -0.61481   0.00000    0.012681    0.012681
 386  -0.61381   0.00000    0.004078    0.004078
 387  -0.61281   0.00000   -0.007337    0.007337
 388  -0.61181   0.00000   -0.020228    0.020228
 389  -0.61081   0.00000   -0.032914    0.032914
 390  -0.60980   0.00000   -0.043595    0.043595
 391  -0.60880   0.00000   -0.050592    0.050592
 392  -0.60780   0.00000   -0.052536    0.052536
 393  -0.60680   0.00000   -0.048517    0.048517
 394  -0.60580   0.00000   -0.038138    0.038138
 395  -0.60480   0.00000   -0.021513    0.021513
 396  -0.60380   0.00000    0.000811    0.000811
 397  -0.60280   0.00000    0.027960    0.027960
 398  -0.60180   0.00000    0.058861    0.058861
 399  -0.60080   0.00000    0.092371    0.092371
 400  -0.59980   0.06323    0.127382    0.064148
 401  -0.59880   0.15450    0.162904    0.008408
 402  -0.59780   0.20866    0.198113    0.010547
 403  -0.59680   0.25101    0.232379    0.018632
 404  -0.59580   0.28684    0.265255    0.021583
 405  -0.59480   0.31835    0.296469    0.021879
 406  -0.59380   0.34672    0.325888    0.020832
 407  -0.59280   0.37267    0.353490    0.019182
 408  -0.59180   0.39667    0.379330    0.017345
 409  -0.59080   0.41907    0.403514    0.015556
 410  -0.58979   0.44010    0.426175    0.013925
 411  -0.58879   0.45995    0.447456    0.012496
 412  -0.58779   0.47877    0.467501    0.011273
 413  -0.58679   0.49668    0.486441    0.010238
 414  -0.58579   0.51377    0.504396    0.009372
 415  -0.58479   0.53012    0.521474    0.008644
 416  -0.58379   0.54580    0.537764    0.008031
 417  -0.58279   0.56086    0.553346    0.007510
 418  -0.58179   0.57535    0.568285    0.007062
 419  -0.58079   0.58931    0.582640    0.006674
 420  -0.57979   0.60279    0.596457    0.006335
 421  -0.57879   0.61581    0.609778    0.006034
 422  -0.57779   0.62840    0.622638    0.005764
 423  -0.57679   0.64059    0.635069    0.005519
 424  -0.57579   0.65240    0.647098    0.005297
 425  -0.57479   0.66384    0.658747    0.005094
 426  -0.57379   0.67494    0.670038    0.004906
 427  -0.57279   0.68572    0.680990    0.004732
 428  -0.57179   0.69619    0.691620    0.004568
 429  -0.57079   0.70636    0.701943    0.004416
 430  -0.56978   0.71625    0.711973    0.004273
 431  -0.56878   0.72586    0.721722    0.004137
 432  -0.56778   0.73521    0.731202    0.004009
 433  -0.56678   0.74431    0.740424    0.003886
 434  -0.56578   0.75317    0.749397    0.003770
 435  -0.56478   0.76179    0.758131    0.003659
 436  -0.56378   0.77019    0.766634    0.003553
 437  -0.56278   0.77836    0.774913    0.003451
 438  -0.56178   0.78633    0.782975    0.003353
 439  -0.56078   0.79409    0.790827    0.003260
 440  -0.55978   0.80165    0.798477    0.003169
 441  -0.55878   0.80901    0.805929    0.003082
 442  -0.55778   0.81619    0.813188    0.002998
 443  -0.55678   0.82318    0.820261    0.002916
 444  -0.55578   0.82999    0.827152    0.002837
 445  -0.55478   0.83663    0.833866    0.002760
 446  -0.55378   0.84309    0.840407    0.002686
 447  -0.55278   0.84939    0.846779    0.002613
 448  -0.55178   0.85553    0.852985    0.002541
 449  -0.55078   0.86150    0.859030    0.002472
 450  -0.54977   0.86732    0.864917    0.002404
 451  -0.54877   0.87299    0.870649    0.002338
 452  -0.54777   0.87850    0.876229    0.002273
 453  -0.54677   0.88387    0.881659    0.002210
 454  -0.54577   0.88909    0.886944    0.002148
 455  -0.54477   0.89417    0.892084    0.002088
 456  -0.54377   0.89911    0.897083    0.002029
 457  -0.54277   0.90391    0.901944    0.001971
 458  -0.54177   0.90858    0.906668    0.001913
 459  -0.54077   0.91311    0.911257    0.001857
 460  -0.53977   0.91752    0.915714    0.001802
 461  -0.53877   0.92179    0.920040    0.001748
 462  -0.53777   0.92593    0.924238    0.001695
 463  -0.53677   0.92995    0.928309    0.001642
 464  -0.53577   0.93384    0.932255    0.001590
 465  -0.53477   0.93762    0.936077    0.001538
 466  -0.53377   0.94127    0.939777    0.001488
 467  -0.53277   0.94479    0.943357    0.001438
 468  -0.53177   0.94820    0.946817    0.001388
 469  -0.53077   0.95150    0.950159    0.001340
 470  -0.52976   0.95468    0.953384    0.001292
 471  -0.52876   0.95774    0.956493    0.001244
 472  -0.52776   0.96069    0.959488    0.001197
 473  -0.52676   0.96352    0.962370    0.001151
 474  -0.52576   0.96624    0.965139    0.001105
 475  -0.52476   0.96886    0.967797    0.001060
 476  -0.52376   0.97136    0.970344    0.001015
 477  -0.52276   0.97375    0.972782    0.000970
 478  -0.52176   0.97604    0.975111    0.000925
 479  -0.52076   0.97821    0.977332    0.000881
 480  -0.51976   0.98028    0.979446    0.000837
 481  -0.51876   0.98225    0.981453    0.000793
 482  -0.51776   0.98410    0.983355    0.000750
 483  -0.51676   0.98586    0.985152    0.000706
 484  -0.51576   0.98751    0.986844    0.000663
 485  -0.51476   0.98905    0.988431    0.000620
 486  -0.51376   0.99049    0.989914    0.000578
 487  -0.51276   0.99183    0.991294    0.000536
 488  -0.51176   0.99307    0.992571    0.000495
 489  -0.51076   0.99420    0.993746    0.000453
 490  -0.50975   0.99523    0.994819    0.000412
 491  -0.50875   0.99616    0.995790    0.000371
 492  -0.50775   0.99699    0.996659    0.000330
 493  -0.50675   0.99772    0.997428    0.000289
 494  -0.50575   0.99834    0.998097    0.000247
 495  -0.50475   0.99887    0.998665    0.000205
 496  -0.50375   0.99930    0.999134    0.000162
 497  -0.50275   0.99962    0.999502    0.000120
 498  -0.50175   0.99985    0.999769    0.000077
 499  -0.50075   0.99997    0.999937    0.000035
 500  -0.49975   1.00000    1.000004    0.000007
 501  -0.49875   0.99992    0.999971    0.000049
 502  -0.49775   0.99975    0.999837    0.000091
 503  -0.49675   0.99947    0.999603    0.000132
 504  -0.49575   0.99910    0.999269    0.000173
 505  -0.49475   0.99862    0.998833    0.000214
 506  -0.49375   0.99804    0.998298    0.000255
 507  -0.49275   0.99737    0.997661    0.000296
 508  -0.49175   0.99659    0.996924    0.000337
 509  -0.49075   0.99571    0.996086    0.000377
 510  -0.48974   0.99473    0.995146    0.000418
 511  -0.48874   0.99365    0.994104    0.000459
 512  -0.48774   0.99246    0.992962    0.000501
 513  -0.48674   0.99117    0.991717    0.000543
 514  -0.48574   0.98978    0.990369    0.000585
 515  -0.48474   0.98829    0.988919    0.000627
 516  -0.48374   0.98670    0.987365    0.000670
 517  -0.48274   0.98499    0.985707    0.000713
 518  -0.48174   0.98319    0.983945    0.000756
 519  -0.48074   0.98128    0.982077    0.000799
 520  -0.47974   0.97926    0.980104    0.000843
 521  -0.47874   0.97714    0.978025    0.000887
 522  -0.47774   0.97491    0.975838    0.000931
 523  -0.47674   0.97257    0.973544    0.000976
 524  -0.47574   0.97012    0.971142    0.001021
 525  -0.47474   0.96756    0.968630    0.001066
 526  -0.47374   0.96490    0.966008    0.001112
 527  -0.47274   0.96212    0.963275    0.001158
 528  -0.47174   0.95923    0.960430    0.001204
 529  -0.47074   0.95622    0.957472    0.001251
 530  -0.46973   0.95310    0.954400    0.001299
 531  -0.46873   0.94987    0.951214    0.001348
 532  -0.46773   0.94651    0.947911    0.001396
 533  -0.46673   0.94304    0.944491    0.001446
 534  -0.46573   0.93946    0.940951    0.001496
 535  -0.46473   0.93575    0.937291    0.001545
 536  -0.46373   0.93191    0.933508    0.001595
 537  -0.46273   0.92796    0.929604    0.001646
 538  -0.46173   0.92388    0.925576    0.001700
 539  -0.46073   0.91967    0.921424    0.001756
 540  -0.45973   0.91533    0.917146    0.001815
 541  -0.45873   0.91086    0.912739    0.001875
 542  -0.45773   0.90626    0.908196    0.001931
 543  -0.45673   0.90153    0.903514    0.001984
 544  -0.45573   0.89666    0.898690    0.002031
 545  -0.45473   0.89165    0.893727    0.002077
 546  -0.45373   0.88650    0.888629    0.002131
 547  -0.45273   0.88120    0.883399    0.002196
 548  -0.45173   0.87576    0.878042    0.002279
 549  -0.45073   0.87017    0.872551    0.002378
 550  -0.44972   0.86443    0.866911    0.002480
 551  -0.44872   0.85853    0.861101    0.002567
 552  -0.44772   0.85248    0.855098    0.002619
 553  -0.44672   0.84626    0.848891    0.002629
 554  -0.44572   0.83988    0.842487    0.002607
 555  -0.44472   0.83333    0.835916    0.002586
 556  -0.44372   0.82661    0.829220    0.002615
 557  -0.44272   0.81970    0.822443    0.002738
 558  -0.44172   0.81262    0.815599    0.002977
 559  -0.44072   0.80535    0.808661    0.003309
 560  -0.43972   0.79789    0.801548    0.003656
 561  -0.43872   0.79023    0.794145    0.003913
 562  -0.43772   0.78237    0.786335    0.003963
 563  -0.43672   0.77430    0.778047    0.003745
 564  -0.43572   0.76602    0.769301    0.003285
 565  -0.43472   0.75751    0.760224    0.002716
 566  -0.43372   0.74877    0.751033    0.002265
 567  -0.43272   0.73979    0.741978    0.002186
 568  -0.43172   0.73057    0.733251    0.002685
 569  -0.43072   0.72108    0.724906    0.003821
 570  -0.42971   0.71134    0.716789    0.005452
 571  -0.42871   0.70131    0.708541    0.007231
 572  -0.42771   0.69099    0.699656    0.008663
 573  -0.42671   0.68037    0.689607    0.009234
 574  -0.42571   0.66943    0.677996    0.008562
 575  -0.42471   0.65816    0.664698    0.006536
 576  -0.42371   0.64654    0.649952    0.003414
 577  -0.42271   0.63454    0.634355    0.000190
 578  -0.42171   0.62216    0.618771    0.003388
 579  -0.42071   0.60936    0.604149    0.005207
 580  -0.41971   0.59611    0.591302    0.004810
 581  -0.41871   0.58239    0.580694    0.001699
 582  -0.41771   0.56817    0.572282    0.004112
 583  -0.41671   0.55340    0.565459    0.012060
 584  -0.41571   0.53804    0.559109    0.021073
 585  -0.41471   0.52203    0.551766    0.029733
 586  -0.41371   0.50532    0.541836    0.036516
 587  -0.41271   0.48783    0.527858    0.040024
 588  -0.41171   0.46948    0.508728    0.039245
 589  -0.41071   0.45016    0.483868    0.033705
 590  -0.40970   0.42974    0.453302    0.023560
 591  -0.40870   0.40806    0.417644    0.009589
 592  -0.40770   0.38489    0.377999    0.006894
 593  -0.40670   0.35996    0.335806    0.024157
 594  -0.40570   0.33287    0.292659    0.040214
 595  -0.40470   0.30304    0.250125    0.052918
 596  -0.40370   0.26957    0.209601    0.059964
 597  -0.40270   0.23086    0.172199    0.058664
 598  -0.40170   0.18365    0.138699    0.044952
 599  -0.40070   0.11814    0.109532    0.008610
 600  -0.39970   0.00000    0.084816    0.084816
 601  -0.39870   0.00000    0.064407    0.064407
 602  -0.39770   0.00000    0.047969    0.047969
 603  -0.39670   0.00000    0.035046    0.035046
 604  -0.39570   0.00000    0.025120    0.025120
 605  -0.39470   0.00000    0.017667    0.017667
 606  -0.39370   0.00000    0.012194    0.012194
 607  -0.39270   0.00000    0.008260    0.008260
 608  -0.39170   0.00000    0.005493    0.005493
 609  -0.39070   0.00000    0.003586    0.003586
 610  -0.38969   0.00000    0.002298    0.002298
 611  -0.38869   0.00000    0.001447    0.001447
 612  -0.38769   0.00000    0.000894    0.000894
 613  -0.38669   0.00000    0.000543    0.000543
 614  -0.38569   0.00000    0.000324    0.000324
 615  -0.38469   0.00000    0.000189    0.000189
 616  -0.38369   0.00000    0.000109    0.000109
 617  -0.38269   0.00000    0.000062    0.000062
 618  -0.38169   0.00000    0.000034    0.000034
 619  -0.38069   0.00000    0.000019    0.000019
 620  -0.37969   0.00000    0.000010    0.000010
 621  -0.37869   0.00000    0.000005    0.000005
 622  -0.37769   0.00000    0.000003    0.000003
 623  -0.37669   0.00000    0.000001    0.000001
 624  -0.37569   0.00000    0.000001    0.000001
 625  -0.37469   0.00000    0.000000    0.000000
 626  -0.37369   0.00000    0.000000    0.000000
 627  -0.37269   0.00000    0.000000    0.000000
 628  -0.37169   0.00000    0.000000    0.000000
 629  -0.37069   0.00000    0.000000    0.000000
 630  -0.36968   0.00000    0.000000    0.000000
 631  -0.36868   0.00000    0.000000    0.000000
 632  -0.36768   0.00000    0.000000    0.000000
 633  -0.36668   0.00000    0.000000    0.000000
 634  -0.36568   0.00000    0.000000    0.000000
 635  -0.36468   0.00000    0.000000    0.000000
 636  -0.36368   0.00000    0.000000    0.000000
 637  -0.36268   0.00000    0.000000    0.000000
 638  -0.36168   0.00000    0.000000    0.000000
 639  -0.36068   0.00000    0.000000    0.000000
 640  -0.35968   0.00000    0.000000    0.000000
 641  -0.35868   0.00000    0.000000    0.000000
 642  -0.35768   0.00000    0.000000    0.000000
 643  -0.35668   0.00000    0.000000    0.000000
 644  -0.35568   0.00000    0.000000    0.000000
 645  -0.35468   0.00000    0.000000    0.000000
 646  -0.35368   0.00000    0.000000    0.000000
 647  -0.35268   0.00000    0.000000    0.000000
 648  -0.35168   0.00000    0.000000    0.000000
 649  -0.35068   0.00000    0.000000    0.000000
 650  -0.34967   0.00000    0.000000    0.000000
 651  -0.34867   0.00000    0.000000    0.000000
 652  -0.34767   0.00000    0.000000    0.000000
 653  -0.34667   0.00000    0.000000    0.000000
 654  -0.34567   0.00000    0.000000    0.000000
 655  -0.34467   0.00000    0.000000    0.000000
 656  -0.34367   0.00000    0.000000    0.000000
 657  -0.34267   0.00000    0.000000    0.000000
 658  -0.34167   0.00000    0.000000    0.000000
 659  -0.34067   0.00000    0.000000    0.000000
 660  -0.33967   0.00000    0.000000    0.000000
 661  -0.33867   0.00000    0.000000    0.000000
 662  -0.33767   0.00000    0.000000    0.000000
 663  -0.33667   0.00000    0.000000    0.000000
 664  -0.33567   0.00000    0.000000    0.000000
 665  -0.33467   0.00000    0.000000    0.000000
 666  -0.33367   0.00000    0.000000    0.000000
 667  -0.33267   0.00000    0.000000    0.000000
 668  -0.33167   0.00000    0.000000    0.000000
 669  -0.33067   0.00000    0.000000    0.000000
 670  -0.32966   0.00000    0.000000    0.000000
 671  -0.32866   0.00000    0.000000    0.000000
 672  -0.32766   0.00000    0.000000    0.000000
 673  -0.32666   0.00000    0.000000    0.000000
 674  -0.32566   0.00000    0.000000    0.000000
 675  -0.32466   0.00000    0.000000    0.000000
 676  -0.32366   0.00000    0.000000    0.000000
 677  -0.32266   0.00000    0.000000    0.000000
 678  -0.32166   0.00000    0.000000    0.000000
 679  -0.32066   0.00000    0.000000    0.000000
 680  -0.31966   0.00000    0.000000    0.000000
 681  -0.31866   0.00000   -0.000000    0.000000
 682  -0.31766   0.00000   -0.000000    0.000000
 683  -0.31666   0.00000   -0.000000    0.000000
 684  -0.31566   0.00000   -0.000000    0.000000
 685  -0.31466   0.00000   -0.000000    0.000000
 686  -0.31366   0.00000   -0.000000    0.000000
 687  -0.31266   0.00000   -0.000000    0.000000
 688  -0.31166   0.00000   -0.000000    0.000000
 689  -0.31066   0.00000   -0.000000    0.000000
 690  -0.30965   0.00000   -0.000000    0.000000
 691  -0.30865   0.00000   -0.000000    0.000000
 692  -0.30765   0.00000   -0.000000    0.000000
 693  -0.30665   0.00000   -0.000000    0.000000
 694  -0.30565   0.00000   -0.000000    0.000000
 695  -0.30465   0.00000   -0.000000    0.000000
 696  -0.30365   0.00000   -0.000000    0.000000
 697  -0.30265   0.00000   -0.000000    0.000000
 698  -0.30165   0.00000   -0.000000    0.000000
 699  -0.30065   0.00000   -0.000000    0.000000
 700  -0.29965   0.00000   -0.000000    0.000000
 701  -0.29865   0.00000   -0.000000    0.000000
 702  -0.29765   0.00000   -0.000000    0.000000
 703  -0.29665   0.00000   -0.000000    0.000000
 704  -0.29565   0.00000   -0.000000    0.000000
 705  -0.29465   0.00000   -0.000000    0.000000
 706  -0.29365   0.00000   -0.000000    0.000000
 707  -0.29265   0.00000   -0.000000    0.000000
 708  -0.29165   0.00000   -0.000000    0.000000
 709  -0.29065   0.00000   -0.000000    0.000000
 710  -0.28964   0.00000   -0.000000    0.000000
 711  -0.28864   0.00000   -0.000000    0.000000
 712  -0.28764   0.00000   -0.000000    0.000000
 713  -0.28664   0.00000   -0.000000    0.000000
 714  -0.28564   0.00000   -0.000000    0.000000
 715  -0.28464   0.00000   -0.000000    0.000000
 716  -0.28364   0.00000   -0.000000    0.000000
 717  -0.28264   0.00000   -0.000000    0.000000
 718  -0.28164   0.00000   -0.000000    0.000000
 719  -0.28064   0.00000   -0.000000    0.000000
 720  -0.27964   0.00000   -0.000000    0.000000
 721  -0.27864   0.00000   -0.000000    0.000000
 722  -0.27764   0.00000   -0.000000    0.000000
 723  -0.27664   0.00000   -0.000000    0.000000
 724  -0.27564   0.00000   -0.000000    0.000000
 725  -0.27464   0.00000   -0.000000    0.000000
 726  -0.27364   0.00000   -0.000000    0.000000
 727  -0.27264   0.00000   -0.000000    0.000000
 728  -0.27164   0.00000   -0.000000    0.000000
 729  -0.27064   0.00000   -0.000000    0.000000
 730  -0.26963   0.00000   -0.000000    0.000000
 731  -0.26863   0.00000   -0.000000    0.000000
 732  -0.26763   0.00000   -0.000000    0.000000
 733  -0.26663   0.00000   -0.000000    0.000000
 734  -0.26563   0.00000   -0.000000    0.000000
 735  -0.26463   0.00000   -0.000000    0.000000
 736  -0.26363   0.00000   -0.000000    0.000000
 737  -0.26263   0.00000   -0.000000    0.000000
 738  -0.26163   0.00000   -0.000000    0.000000
 739  -0.26063   0.00000   -0.000000    0.000000
 740  -0.25963   0.00000   -0.000000    0.000000
 741  -0.25863   0.00000   -0.000000    0.000000
 742  -0.25763   0.00000   -0.000000    0.000000
 743  -0.25663   0.00000   -0.000000    0.000000
 744  -0.25563   0.00000   -0.000000    0.000000
 745  -0.25463   0.00000   -0.000000    0.000000
 746  -0.25363   0.00000   -0.000000    0.000000
 747  -0.25263   0.00000   -0.000000    0.000000
 748  -0.25163   0.00000   -0.000000    0.000000
 749  -0.25063   0.00000   -0.000000    0.000000
 750  -0.24962   0.00000   -0.000000    0.000000
 751  -0.24862   0.00000   -0.000000    0.000000
 752  -0.24762   0.00000   -0.000000    0.000000
 753  -0.24662   0.00000   -0.000000    0.000000
 754  -0.24562   0.00000   -0.000000    0.000000
 755  -0.24462   0.00000   -0.000000    0.000000
 756  -0.24362   0.00000   -0.000000    0.000000
 757  -0.24262   0.00000   -0.000000    0.000000
 758  -0.24162   0.00000   -0.000000    0.000000
 759  -0.24062   0.00000   -0.000000    0.000000
 760  -0.23962   0.00000   -0.000000    0.000000
 761  -0.23862   0.00000   -0.000000    0.000000
 762  -0.23762   0.00000   -0.000000    0.000000
 763  -0.23662   0.00000   -0.000000    0.000000
 764  -0.23562   0.00000   -0.000000    0.000000
 765  -0.23462   0.00000   -0.000000    0.000000
 766  -0.23362   0.00000   -0.000000    0.000000
 767  -0.23262   0.00000    0.000000    0.000000
 768  -0.23162   0.00000    0.000000    0.000000
 769  -0.23062   0.00000    0.000000    0.000000
 770  -0.22961   0.00000    0.000000    0.000000
 771  -0.22861   0.00000    0.000000    0.000000
 772  -0.22761   0.00000    0.000000    0.000000
 773  -0.22661   0.00000    0.000000    0.000000
 774  -0.22561   0.00000    0.000000    0.000000
 775  -0.22461   0.00000    0.000000    0.000000
 776  -0.22361   0.00000    0.000000    0.000000
 777  -0.22261   0.00000    0.000000    0.000000
 778  -0.22161   0.00000    0.000000    0.000000
 779  -0.22061   0.00000    0.000000    0.000000
 780  -0.21961   0.00000    0.000000    0.000000
 781  -0.21861   0.00000    0.000000    0.000000
 782  -0.21761   0.00000    0.000000    0.000000
 783  -0.21661   0.00000    0.000000    0.000000
 784  -0.21561   0.00000    0.000000    0.000000
 785  -0.21461   0.00000    0.000000    0.000000
 786  -0.21361   0.00000    0.000000    0.000000
 787  -0.21261   0.00000    0.000000    0.000000
 788  -0.21161   0.00000    0.000000    0.000000
 789  -0.21061   0.00000    0.000000    0.000000
 790  -0.20960   0.00000    0.000000    0.000000
 791  -0.20860   0.00000    0.000000    0.000000
 792  -0.20760   0.00000    0.000000    0.000000
 793  -0.20660   0.00000    0.000000    0.000000
 794  -0.20560   0.00000    0.000000    0.000000
 795  -0.20460   0.00000    0.000000    0.000000
 796  -0.20360   0.00000    0.000000    0.000000
 797  -0.20260   0.00000    0.000000    0.000000
 798  -0.20160   0.00000    0.000000    0.000000
 799  -0.20060   0.00000    0.000000    0.000000
 800  -0.19960   0.00000    0.000000    0.000000
 801  -0.19860   0.00000    0.000000    0.000000
 802  -0.19760   0.00000    0.000000    0.000000
 803  -0.19660   0.00000    0.000000    0.000000
 804  -0.19560   0.00000    0.000000    0.000000
 805  -0.19460   0.00000    0.000000    0.000000
 806  -0.19360   0.00000    0.000000    0.000000
 807  -0.19260   0.00000    0.000000    0.000000
 808  -0.19160   0.00000    0.000000    0.000000
 809  -0.19060   0.00000    0.000000    0.000000
 810  -0.18959   0.00000    0.000000    0.000000
 811  -0.18859   0.00000    0.000000    0.000000
 812  -0.18759   0.00000    0.000000    0.000000
 813  -0.18659   0.00000    0.000000    0.000000
 814  -0.18559   0.00000    0.000000    0.000000
 815  -0.18459   0.00000    0.000000    0.000000
 816  -0.18359   0.00000   -0.000000    0.000000
 817  -0.18259   0.00000   -0.000000    0.000000
 818  -0.18159   0.00000   -0.000000    0.000000
 819  -0.18059   0.00000   -0.000000    0.000000
 820  -0.17959   0.00000   -0.000000    0.000000
 821  -0.17859   0.00000   -0.000000    0.000000
 822  -0.17759   0.00000   -0.000000    0.000000
 823  -0.17659   0.00000   -0.000000    0.000000
 824  -0.17559   0.00000   -0.000000    0.000000
 825  -0.17459   0.00000   -0.000000    0.000000
 826  -0.17359   0.00000   -0.000000    0.000000
 827  -0.17259   0.00000   -0.000000    0.000000
 828  -0.17159   0.00000   -0.000000    0.000000
 829  -0.17059   0.00000   -0.000000    0.000000
 830  -0.16958   0.00000   -0.000000    0.000000
 831  -0.16858   0.00000   -0.000000    0.000000
 832  -0.16758   0.00000   -0.000000    0.000000
 833  -0.16658   0.00000   -0.000000    0.000000
 834  -0.16558   0.00000   -0.000000    0.000000
 835  -0.16458   0.00000   -0.000000    0.000000
 836  -0.16358   0.00000   -0.000000    0.000000
 837  -0.16258   0.00000   -0.000000    0.000000
 838  -0.16158   0.00000   -0.000000    0.000000
 839  -0.16058   0.00000   -0.000000    0.000000
 840  -0.15958   0.00000   -0.000000    0.000000
 841  -0.15858   0.00000   -0.000000    0.000000
 842  -0.15758   0.00000   -0.000000    0.000000
 843  -0.15658   0.00000   -0.000000    0.000000
 844  -0.15558   0.00000   -0.000000    0.000000
 845  -0.15458   0.00000   -0.000000    0.000000
 846  -0.15358   0.00000   -0.000000    0.000000
 847  -0.15258   0.00000   -0.000000    0.000000
 848  -0.15158   0.00000   -0.000000    0.000000
 849  -0.15058   0.00000   -0.000000    0.000000
 850  -0.14957   0.00000   -0.000000    0.000000
 851  -0.14857   0.00000   -0.000000    0.000000
 852  -0.14757   0.00000   -0.000000    0.000000
 853  -0.14657   0.00000   -0.000000    0.000000
 854  -0.14557   0.00000   -0.000000    0.000000
 855  -0.14457   0.00000   -0.000000    0.000000
 856  -0.14357   0.00000   -0.000000    0.000000
 857  -0.14257   0.00000   -0.000000    0.000000
 858  -0.14157   0.00000   -0.000000    0.000000
 859  -0.14057   0.00000   -0.000000    0.000000
 860  -0.13957   0.00000   -0.000000    0.000000
 861  -0.13857   0.00000   -0.000000    0.000000
 862  -0.13757   0.00000   -0.000000    0.000000
 863  -0.13657   0.00000   -0.000000    0.000000
 864  -0.13557   0.00000   -0.000000    0.000000
 865  -0.13457   0.00000   -0.000000    0.000000
 866  -0.13357   0.00000   -0.000000    0.000000
 867  -0.13257   0.00000   -0.000000    0.000000
 868  -0.13157   0.00000   -0.000000    0.000000
 869  -0.13057   0.00000   -0.000000    0.000000
 870  -0.12956   0.00000   -0.000000    0.000000
 871  -0.12856   0.00000   -0.000000    0.000000
 872  -0.12756   0.00000   -0.000000    0.000000
 873  -0.12656   0.00000   -0.000000    0.000000
 874  -0.12556   0.00000   -0.000000    0.000000
 875  -0.12456   0.00000   -0.000000    0.000000
 876  -0.12356   0.00000   -0.000000    0.000000
 877  -0.12256   0.00000   -0.000000    0.000000
 878  -0.12156   0.00000   -0.000000    0.000000
 879  -0.12056   0.00000   -0.000000    0.000000
 880  -0.11956   0.00000   -0.000000    0.000000
 881  -0.11856   0.00000   -0.000000    0.000000
 882  -0.11756   0.00000   -0.000000    0.000000
 883  -0.11656   0.00000   -0.000000    0.000000
 884  -0.11556   0.00000   -0.000000    0.000000
 885  -0.11456   0.00000   -0.000000    0.000000
 886  -0.11356   0.00000   -0.000000    0.000000
 887  -0.11256   0.00000   -0.000000    0.000000
 888  -0.11156   0.00000   -0.000000    0.000000
 889  -0.11056   0.00000   -0.000000    0.000000
 890  -0.10955   0.00000   -0.000000    0.000000
 891  -0.10855   0.00000   -0.000000    0.000000
 892  -0.10755   0.00000   -0.000000    0.000000
 893  -0.10655   0.00000   -0.000000    0.000000
 894  -0.10555   0.00000   -0.000000    0.000000
 895  -0.10455   0.00000   -0.000000    0.000000
 896  -0.10355   0.00000   -0.000000    0.000000
 897  -0.10255   0.00000   -0.000000    0.000000
 898  -0.10155   0.00000   -0.000000    0.000000
 899  -0.10055   0.00000   -0.000000    0.000000
 900  -0.09955   0.00000   -0.000000    0.000000
 901  -0.09855   0.00000   -0.000000    0.000000
 902  -0.09755   0.00000   -0.000000    0.000000
 903  -0.09655   0.00000   -0.000000    0.000000
 904  -0.09555   0.00000   -0.000000    0.000000
 905  -0.09455   0.00000   -0.000000    0.000000
 906  -0.09355   0.00000   -0.000000    0.000000
 907  -0.09255   0.00000   -0.000000    0.000000
 908  -0.09155   0.00000   -0.000000    0.000000
 909  -0.09055   0.00000   -0.000000    0.000000
 910  -0.08954   0.00000   -0.000000    0.000000
 911  -0.08854   0.00000   -0.000000    0.000000
 912  -0.08754   0.00000   -0.000000    0.000000
 913  -0.08654   0.00000   -0.000000    0.000000
 914  -0.08554   0.00000   -0.000000    0.000000
 915  -0.08454   0.00000   -0.000000    0.000000
 916  -0.08354   0.00000   -0.000000    0.000000
 917  -0.08254   0.00000   -0.000000    0.000000
 918  -0.08154   0.00000   -0.000000    0.000000
 919  -0.08054   0.00000   -0.000000    0.000000
 920  -0.07954   0.00000   -0.000000    0.000000
 921  -0.07854   0.00000   -0.000000    0.000000
 922  -0.07754   0.00000   -0.000000    0.000000
 923  -0.07654   0.00000    0.000000    0.000000
 924  -0.07554   0.00000    0.000000    0.000000
 925  -0.07454   0.00000    0.000000    0.000000
 926  -0.07354   0.00000    0.000000    0.000000
 927  -0.07254   0.00000    0.000000    0.000000
 928  -0.07154   0.00000    0.000000    0.000000
 929  -0.07054   0.00000    0.000000    0.000000
 930  -0.06953   0.00000    0.000000    0.000000
 931  -0.06853   0.00000    0.000000    0.000000
 932  -0.06753   0.00000    0.000000    0.000000
 933  -0.06653   0.00000    0.000000    0.000000
 934  -0.06553   0.00000    0.000000    0.000000
 935  -0.06453   0.00000    0.000000    0.000000
 936  -0.06353   0.00000    0.000000    0.000000
 937  -0.06253   0.00000    0.000000    0.000000
 938  -0.06153   0.00000    0.000000    0.000000
 939  -0.06053   0.00000    0.000000    0.000000
 940  -0.05953   0.00000    0.000000    0.000000
 941  -0.05853   0.00000    0.000000    0.000000
 942  -0.05753   0.00000    0.000000    0.000000
 943  -0.05653   0.00000    0.000000    0.000000
 944  -0.05553   0.00000    0.000000    0.000000
 945  -0.05453   0.00000    0.000000    0.000000
 946  -0.05353   0.00000    0.000000    0.000000
 947  -0.05253   0.00000    0.000000    0.000000
 948  -0.05153   0.00000    0.000000    0.000000
 949  -0.05053   0.00000    0.000000    0.000000
 950  -0.04952   0.00000    0.000000    0.000000
 951  -0.04852   0.00000    0.000000    0.000000
 952  -0.04752   0.00000    0.000000    0.000000
 953  -0.04652   0.00000    0.000000    0.000000
 954  -0.04552   0.00000    0.000000    0.000000
 955  -0.04452   0.00000    0.000000    0.000000
 956  -0.04352   0.00000    0.000000    0.000000
 957  -0.04252   0.00000    0.000000    0.000000
 958  -0.04152   0.00000    0.000000    0.000000
 959  -0.04052   0.00000    0.000000    0.000000
 960  -0.03952   0.00000    0.000000    0.000000
 961  -0.03852   0.00000    0.000000    0.000000
 962  -0.03752   0.00000   -0.000000    0.000000
 963  -0.03652   0.00000   -0.000000    0.000000
 964  -0.03552   0.00000   -0.000000    0.000000
 965  -0.03452   0.00000   -0.000000    0.000000
 966  -0.03352   0.00000   -0.000000    0.000000
 967  -0.03252   0.00000   -0.000000    0.000000
 968  -0.03152   0.00000   -0.000000    0.000000
 969  -0.03052   0.00000   -0.000000    0.000000
 970  -0.02951   0.00000   -0.000000    0.000000
 971  -0.02851   0.00000   -0.000000    0.000000
 972  -0.02751   0.00000   -0.000000    0.000000
 973  -0.02651   0.00000   -0.000000    0.000000
 974  -0.02551   0.00000   -0.000000    0.000000
 975  -0.02451   0.00000   -0.000000    0.000000
 976  -0.02351   0.00000   -0.000000    0.000000
 977  -0.02251   0.00000   -0.000000    0.000000
 978  -0.02151   0.00000   -0.000000    0.000000
 979  -0.02051   0.00000   -0.000000    0.000000
 980  -0.01951   0.00000   -0.000000    0.000000
 981  -0.01851   0.00000   -0.000000    0.000000
 982  -0.01751   0.00000   -0.000000    0.000000
 983  -0.01651   0.00000   -0.000000    0.000000
 984  -0.01551   0.00000   -0.000000    0.000000
 985  -0.01451   0.00000    0.000000    0.000000
 986  -0.01351   0.00000    0.000000    0.000000
 987  -0.01251   0.00000    0.000000    0.000000
 988  -0.01151   0.00000    0.000000    0.000000
 989  -0.01051   0.00000   -0.000000    0.000000
 990  -0.00950   0.00000   -0.000000    0.000000
 991  -0.00850   0.00000   -0.000000    0.000000
 992  -0.00750   0.00000    0.000000    0.000000
 993  -0.00650   0.00000    0.000000    0.000000
 994  -0.00550   0.00000    0.000000    0.000000
 995  -0.00450   0.00000   -0.000000    0.000000
 996  -0.00350   0.00000   -0.000000    0.000000
 997  -0.00250   0.00000   -0.000000    0.000000
 998  -0.00150   0.00000    0.000000    0.000000
 999  -0.00050   0.00000    0.000000    0.000000
1000   0.00050   0.00000    0.000000    0.000000
1001   0.00150   0.00000   -0.000000    0.000000
1002   0.00250   0.00000   -0.000000    0.000000
1003   0.00350   0.00000   -0.000000    0.000000
1004   0.00450   0.00000    0.000000    0.000000
1005   0.00550   0.00000    0.000000    0.000000
1006   0.00650   0.00000    0.000000    0.000000
1007   0.00750   0.00000   -0.000000    0.000000
1008   0.00850   0.00000   -0.000000    0.000000
1009   0.00950   0.00000   -0.000000    0.000000
1010   0.01051   0.00000    0.000000    0.000000
1011   0.01151   0.00000    0.000000    0.000000
1012   0.01251   0.00000    0.000000    0.000000
1013   0.01351   0.00000   -0.000000    0.000000
1014   0.01451   0.00000   -0.000000    0.000000
1015   0.01551   0.00000   -0.000000    0.000000
1016   0.01651   0.00000    0.000000    0.000000
1017   0.01751   0.00000    0.000000    0.000000
1018   0.01851   0.00000    0.000000    0.000000
1019   0.01951   0.00000   -0.000000    0.000000
1020   0.02051   0.00000   -0.000000    0.000000
1021   0.02151   0.00000   -0.000000    0.000000
1022   0.02251   0.00000    0.000000    0.000000
1023   0.02351   0.00000    0.000000    0.000000
1024   0.02451   0.00000    0.000000    0.000000
1025   0.02551   0.00000   -0.000000    0.000000
1026   0.02651   0.00000   -0.000000    0.000000
1027   0.02751   0.00000   -0.000000    0.000000
1028   0.02851   0.00000    0.000000    0.000000
1029   0.02951   0.00000    0.000000    0.000000
1030   0.03052   0.00000    0.000000    0.000000
1031   0.03152   0.00000   -0.000000    0.000000
1032   0.03252   0.00000   -0.000000    0.000000
1033   0.03352   0.00000   -0.000000    0.000000
1034   0.03452   0.00000   -0.000000    0.000000
1035   0.03552   0.00000    0.000000    0.000000
1036   0.03652   0.00000    0.000000    0.000000
1037   0.03752   0.00000    0.000000    0.000000
1038   0.03852   0.00000   -0.000000    0.000000
1039   0.03952   0.00000   -0.000000    0.000000
1040   0.04052   0.00000   -0.000000    0.000000
1041   0.04152   0.00000    0.000000    0.000000
1042   0.04252   0.00000    0.000000    0.000000
1043   0.04352   0.00000    0.000000    0.000000
1044   0.04452   0.00000   -0.000000    0.000000
1045   0.04552   0.00000   -0.000000    0.000000
1046   0.04652   0.00000   -0.000000    0.000000
1047   0.04752   0.00000    0.000000    0.000000
1048   0.04852   0.00000    0.000000    0.000000
1049   0.04952   0.00000    0.000000    0.000000
1050   0.05053   0.00000    0.000000    0.000000
1051   0.05153   0.00000   -0.000000    0.000000
1052   0.05253   0.00000   -0.000000    0.000000
1053   0.05353   0.00000   -0.000000    0.000000
1054   0.05453   0.00000    0.000000    0.000000
1055   0.05553   0.00000    0.000000    0.000000
1056   0.05653   0.00000    0.000000    0.000000
1057   0.05753   0.00000   -0.000000    0.000000
1058   0.05853   0.00000   -0.000000    0.000000
1059   0.05953   0.00000   -0.000000    0.000000
1060   0.06053   0.00000   -0.000000    0.000000
1061   0.06153   0.00000    0.000000    0.000000
1062   0.06253   0.00000    0.000000    0.000000
1063   0.06353   0.00000    0.000000    0.000000
1064   0.06453   0.00000   -0.000000    0.000000
1065   0.06553   0.00000   -0.000000    0.000000
1066   0.06653   0.00000   -0.000000    0.000000
1067   0.06753   0.00000    0.000000    0.000000
1068   0.06853   0.00000    0.000000    0.000000
1069   0.06953   0.00000    0.000000    0.000000
1070   0.07054   0.00000    0.000000    0.000000
1071   0.07154   0.00000   -0.000000    0.000000
1072   0.07254   0.00000   -0.000000    0.000000
1073   0.07354   0.00000   -0.000000    0.000000
1074   0.07454   0.00000    0.000000    0.000000
1075   0.07554   0.00000    0.000000    0.000000
1076   0.07654   0.00000    0.000000    0.000000
1077   0.07754   0.00000    0.000000    0.000000
1078   0.07854   0.00000   -0.000000    0.000000
1079   0.07954   0.00000   -0.000000    0.000000
1080   0.08054   0.00000   -0.000000    0.000000
1081   0.08154   0.00000    0.000000    0.000000
1082   0.08254   0.00000    0.000000    0.000000
1083   0.08354   0.00000    0.000000    0.000000
1084   0.08454   0.00000    0.000000    0.000000
1085   0.08554   0.00000   -0.000000    0.000000
1086   0.08654   0.00000   -0.000000    0.000000
1087   0.08754   0.00000   -0.000000    0.000000
1088   0.08854   0.00000   -0.000000    0.000000
1089   0.08954   0.00000    0.000000    0.000000
1090   0.09055   0.00000    0.000000    0.000000
1091   0.09155   0.00000    0.000000    0.000000
1092   0.09255   0.00000   -0.000000    0.000000
1093   0.09355   0.00000   -0.000000    0.000000
1094   0.09455   0.00000   -0.000000    0.000000
1095   0.09555   0.00000   -0.000000    0.000000
1096   0.09655   0.00000    0.000000    0.000000
1097   0.09755   0.00000    0.000000    0.000000
1098   0.09855   0.00000    0.000000    0.000000
1099   0.09955   0.00000    0.000000    0.000000
1100   0.10055   0.00000   -0.000000    0.000000
1101   0.10155   0.00000   -0.000000    0.000000
1102   0.10255   0.00000   -0.000000    0.000000
1103   0.10355   0.00000    0.000000    0.000000
1104   0.10455   0.00000    0.000000    0.000000
1105   0.10555   0.00000    0.000000    0.000000
1106   0.10655   0.00000    0.000000    0.000000
1107   0.10755   0.00000   -0.000000    0.000000
1108   0.10855   0.00000   -0.000000    0.000000
1109   0.10955   0.00000   -0.000000    0.000000
1110   0.11056   0.00000   -0.000000    0.000000
1111   0.11156   0.00000    0.000000    0.000000
1112   0.11256   0.00000    0.000000    0.000000
1113   0.11356   0.00000    0.000000    0.000000
1114   0.11456   0.00000    0.000000    0.000000
1115   0.11556   0.00000   -0.000000    0.000000
1116   0.11656   0.00000   -0.000000    0.000000
1117   0.11756   0.00000   -0.000000    0.000000
1118   0.11856   0.00000   -0.000000    0.000000
1119   0.11956   0.00000    0.000000    0.000000
1120   0.12056   0.00000    0.000000    0.000000
1121   0.12156   0.00000    0.000000    0.000000
1122   0.12256   0.00000    0.000000    0.000000
1123   0.12356   0.00000   -0.000000    0.000000
1124   0.12456   0.00000   -0.000000    0.000000
1125   0.12556   0.00000   -0.000000    0.000000
1126   0.12656   0.00000   -0.000000    0.000000
1127   0.12756   0.00000    0.000000    0.000000
1128   0.12856   0.00000    0.000000    0.000000
1129   0.12956   0.00000    0.000000    0.000000
1130   0.13057   0.00000    0.000000    0.000000
1131   0.13157   0.00000    0.000000    0.000000
1132   0.13257   0.00000   -0.000000    0.000000
1133   0.13357   0.00000   -0.000000    0.000000
1134   0.13457   0.00000   -0.000000    0.000000
1135   0.13557   0.00000   -0.000000    0.000000
1136   0.13657   0.00000    0.000000    0.000000
1137   0.13757   0.00000    0.000000    0.000000
1138   0.13857   0.00000    0.000000    0.000000
1139   0.13957   0.00000    0.000000    0.000000
1140   0.14057   0.00000   -0.000000    0.000000
1141   0.14157   0.00000   -0.000000    0.000000
1142   0.14257   0.00000   -0.000000    0.000000
1143   0.14357   0.00000   -0.000000    0.000000
1144   0.14457   0.00000   -0.000000    0.000000
1145   0.14557   0.00000    0.000000    0.000000
1146   0.14657   0.00000    0.000000    0.000000
1147   0.14757   0.00000    0.000000    0.000000
1148   0.14857   0.00000    0.000000    0.000000
1149   0.14957   0.00000    0.000000    0.000000
1150   0.15058   0.00000   -0.000000    0.000000
1151   0.15158   0.00000   -0.000000    0.000000
1152   0.15258   0.00000   -0.000000    0.000000
1153   0.15358   0.00000   -0.000000    0.000000
1154   0.15458   0.00000   -0.000000    0.000000
1155   0.15558   0.00000    0.000000    0.000000
1156   0.15658   0.00000    0.000001    0.000001
1157   0.15758   0.00000    0.000001    0.000001
1158   0.15858   0.00000    0.000001    0.000001
1159   0.15958   0.00000    0.000000    0.000000
1160   0.16058   0.00000   -0.000001    0.000001
1161   0.16158   0.00000   -0.000002    0.000002
1162   0.16258   0.00000   -0.000003    0.000003
1163   0.16358   0.00000   -0.000003    0.000003
1164   0.16458   0.00000   -0.000002    0.000002
1165   0.16558   0.00000    0.000000    0.000000
1166   0.16658   0.00000    0.000003    0.000003
1167   0.16758   0.00000    0.000005    0.000005
1168   0.16858   0.00000    0.000007    0.000007
1169   0.16958   0.00000    0.000007    0.000007
1170   0.17059   0.00000    0.000004    0.000004
1171   0.17159   0.00000   -0.000001    0.000001
1172   0.17259   0.00000   -0.000007    0.000007
1173   0.17359   0.00000   -0.000012    0.000012
1174   0.17459   0.00000   -0.000016    0.000016
1175   0.17559   0.00000   -0.000017    0.000017
1176   0.17659   0.00000   -0.000013    0.000013
1177   0.17759   0.00000   -0.000005    0.000005
1178   0.17859   0.00000    0.000007    0.000007
1179   0.17959   0.00000    0.000021    0.000021
1180   0.18059   0.00000    0.000032    0.000032
1181   0.18159   0.00000    0.000040    0.000040
1182   0.18259   0.00000    0.000042    0.000042
1183   0.18359   0.00000    0.000035    0.000035
1184   0.18459   0.00000    0.000021    0.000021
1185   0.18559   0.00000   -0.000001    0.000001
1186   0.18659   0.00000   -0.000027    0.000027
1187   0.18759   0.00000   -0.000054    0.000054
1188   0.18859   0.00000   -0.000079    0.000079
1189   0.18959   0.00000   -0.000098    0.000098
1190   0.19060   0.00000   -0.000109    0.000109
1191   0.19160   0.00000   -0.000110    0.000110
1192   0.19260   0.00000   -0.000100    0.000100
1193   0.19360   0.00000   -0.000078    0.000078
1194   0.19460   0.00000   -0.000044    0.000044
1195   0.19560   0.00000   -0.000001    0.000001
1196   0.19660   0.00000    0.000052    0.000052
1197   0.19760   0.00000    0.000112    0.000112
1198   0.19860   0.00000    0.000180    0.000180
1199   0.19960   0.00000    0.000255    0.000255
1200   0.20060   0.00050    0.000337    0.000159
1201   0.20160   0.00058    0.000426    0.000152
1202   0.20260   0.00067    0.000523    0.000148
1203   0.20360   0.00078    0.000631    0.000148
1204   0.20460   0.00090    0.000751    0.000153
1205   0.20560   0.00105    0.000885    0.000161
1206   0.20660   0.00121    0.001036    0.000173
1207   0.20760   0.00139    0.001207    0.000188
1208   0.20860   0.00161    0.001401    0.000206
1209   0.20960   0.00185    0.001621    0.000228
1210   0.21061   0.00212    0.001870    0.000253
1211   0.21161   0.00244    0.002154    0.000281
1212   0.21261   0.00279    0.002476    0.000312
1213   0.21361   0.00319    0.002841    0.000347
1214   0.21461   0.00364    0.003255    0.000385
1215   0.21561   0.00415    0.003722    0.000426
1216   0.21661   0.00472    0.004249    0.000471
1217   0.21761   0.00536    0.004843    0.000520
1218   0.21861   0.00609    0.005511    0.000574
1219   0.21961   0.00689    0.006262    0.000631
1220   0.22061   0.00780    0.007103    0.000693
1221   0.22161   0.00880    0.008044    0.000760
1222   0.22261   0.00993    0.009095    0.000832
1223   0.22361   0.01118    0.010266    0.000909
1224   0.22461   0.01256    0.011570    0.000992
1225   0.22561   0.01410    0.013019    0.001080
1226   0.22661   0.01580    0.014626    0.001173
1227   0.22761   0.01768    0.016405    0.001273
1228   0.22861   0.01975    0.018370    0.001378
1229   0.22961   0.02203    0.020538    0.001490
1230   0.23062   0.02453    0.022926    0.001607
1231   0.23162   0.02728    0.025549    0.001731
1232   0.23262   0.03029    0.028428    0.001861
1233   0.23362   0.03358    0.031581    0.001997
1234   0.23462   0.03717    0.035027    0.002139
1235   0.23562   0.04107    0.038787    0.002287
1236   0.23662   0.04532    0.042883    0.002441
1237   0.23762   0.04994    0.047335    0.002600
1238   0.23862   0.05493    0.052167    0.002765
1239   0.23962   0.06034    0.057400    0.002935
1240   0.24062   0.06617    0.063058    0.003111
1241   0.24162   0.07245    0.069164    0.003290
1242   0.24262   0.07921    0.075740    0.003473
1243   0.24362   0.08647    0.082810    0.003660
1244   0.24462   0.09425    0.090396    0.003850
1245   0.24562   0.10256    0.098521    0.004042
1246   0.24662   0.11144    0.107207    0.004236
1247   0.24762   0.12090    0.116473    0.004430
1248   0.24862   0.13097    0.126340    0.004626
1249   0.24962   0.14165    0.136827    0.004821
1250   0.25063   0.15296    0.147949    0.005015
1251   0.25163   0.16493    0.159724    0.005208
1252   0.25263   0.17756    0.172163    0.005396
1253   0.25363   0.19086    0.185278    0.005582
1254   0.25463   0.20484    0.199078    0.005763
1255   0.25563   0.21951    0.213569    0.005939
1256   0.25663   0.23486    0.228754    0.006109
1257   0.25763   0.25090    0.244633    0.006270
1258   0.25863   0.26763    0.261203    0.006424
1259   0.25963   0.28503    0.278456    0.006570
1260   0.26063   0.30309    0.296383    0.006706
1261   0.26163   0.32180    0.314969    0.006831
1262   0.26263   0.34114    0.334195    0.006944
1263   0.26363   0.36108    0.354039    0.007042
1264   0.26463   0.38160    0.374472    0.007130
1265   0.26563   0.40267    0.395465    0.007204
1266   0.26663   0.42424    0.416980    0.007264
1267   0.26763   0.44629    0.438978    0.007308
1268   0.26863   0.46875    0.461413    0.007334
1269   0.26963   0.49158    0.484236    0.007347
1270   0.27064   0.51474    0.507394    0.007343
1271   0.27164   0.53815    0.530830    0.007322
1272   0.27264   0.56176    0.554481    0.007283
1273   0.27364   0.58551    0.578282    0.007225
1274   0.27464   0.60932    0.602165    0.007151
1275   0.27564   0.63312    0.626056    0.007059
1276   0.27664   0.65683    0.649882    0.006949
1277   0.27764   0.68039    0.673564    0.006822
1278   0.27864   0.70370    0.697022    0.006673
1279   0.27964   0.72669    0.720176    0.006510
1280   0.28064   0.74927    0.742941    0.006330
1281   0.28164   0.77137    0.765236    0.006132
1282   0.28264   0.79289    0.786975    0.005918
1283   0.28364   0.81376    0.808075    0.005686
1284   0.28464   0.83389    0.828454    0.005440
1285   0.28564   0.85321    0.848029    0.005179
1286   0.28664   0.87162    0.866721    0.004903
1287   0.28764   0.88907    0.884452    0.004614
1288   0.28864   0.90546    0.901149    0.004309
1289   0.28964   0.92073    0.916740    0.003994
1290   0.29065   0.93482    0.931157    0.003667
1291   0.29165   0.94767    0.944339    0.003330
1292   0.29265   0.95921    0.956227    0.002982
1293   0.29365   0.96939    0.966768    0.002624
1294   0.29465   0.97818    0.975917    0.002259
1295   0.29565   0.98552    0.983631    0.001887
1296   0.29665   0.99139    0.989877    0.001509
1297   0.29765   0.99575    0.994626    0.001125
1298   0.29865   0.99860    0.997858    0.000738
1299   0.29965   0.99991    0.999557    0.000349
1300   0.30065   0.99967    0.999717    0.000043
1301   0.30165   0.99790    0.998338    0.000435
1302   0.30265   0.99460    0.995427    0.000827
1303   0.30365   0.98978    0.990998    0.001217
1304   0.30465   0.98347    0.985072    0.001603
1305   0.30565   0.97569    0.977676    0.001986
1306   0.30665   0.96648    0.968846    0.002365
1307   0.30765   0.95588    0.958622    0.002737
1308   0.30865   0.94395    0.947049    0.003102
1309   0.30965   0.93073    0.934182    0.003456
1310   0.31066   0.91627    0.920076    0.003803
1311   0.31166   0.90065    0.904794    0.004140
1312   0.31266   0.88394    0.888403    0.004464
1313   0.31366   0.86620    0.870973    0.004777
1314   0.31466   0.84750    0.852578    0.005074
1315   0.31566   0.82794    0.833295    0.005359
1316   0.31666   0.80757    0.813202    0.005628
1317   0.31766   0.78650    0.792380    0.005882
1318   0.31866   0.76479    0.770911    0.006119
1319   0.31966   0.74254    0.748878    0.006336
1320   0.32066   0.71983    0.726365    0.006537
1321   0.32166   0.69673    0.703452    0.006721
1322   0.32266   0.67334    0.680223    0.006886
1323   0.32366   0.64973    0.656758    0.007032
1324   0.32466   0.62598    0.633136    0.007155
1325   0.32566   0.60217    0.609433    0.007263
1326   0.32666   0.57837    0.585724    0.007351
1327   0.32766   0.55466    0.562081    0.007420
1328   0.32866   0.53110    0.538570    0.007470
1329   0.32966   0.50776    0.515258    0.007497
1330   0.33067   0.48470    0.492205    0.007509
1331   0.33167   0.46197    0.469469    0.007502
1332   0.33267   0.43962    0.447102    0.007478
1333   0.33367   0.41772    0.425154    0.007437
1334   0.33467   0.39629    0.403670    0.007376
1335   0.33567   0.37539    0.382689    0.007302
1336   0.33667   0.35504    0.362249    0.007213
1337   0.33767   0.33527    0.342380    0.007110
1338   0.33867   0.31612    0.323110    0.006993
1339   0.33967   0.29760    0.304462    0.006861
1340   0.34067   0.27974    0.286456    0.006720
1341   0.34167   0.26254    0.269107    0.006568
1342   0.34267   0.24602    0.252425    0.006407
1343   0.34367   0.23018    0.236420    0.006237
1344   0.34467   0.21503    0.221094    0.006060
1345   0.34567   0.20057    0.206449    0.005874
1346   0.34667   0.18680    0.192482    0.005684
1347   0.34767   0.17370    0.179190    0.005490
1348   0.34867   0.16127    0.166563    0.005292
1349   0.34967   0.14950    0.154592    0.005091
1350   0.35068   0.13838    0.143265    0.004888
1351   0.35168   0.12788    0.132567    0.004684
1352   0.35268   0.11800    0.122484    0.004481
1353   0.35368   0.10872    0.112996    0.004278
1354   0.35468   0.10001    0.104086    0.004077
1355   0.35568   0.09186    0.095734    0.003877
1356   0.35668   0.08424    0.087919    0.003680
1357   0.35768   0.07713    0.080621    0.003488
1358   0.35868   0.07052    0.073818    0.003300
1359   0.35968   0.06437    0.067487    0.003116
1360   0.36068   0.05867    0.061607    0.002937
1361   0.36168   0.05339    0.056155    0.002764
1362   0.36268   0.04851    0.051108    0.002596
1363   0.36368   0.04401    0.046444    0.002433
1364   0.36468   0.03987    0.042141    0.002275
1365   0.36568   0.03606    0.038178    0.002122
1366   0.36668   0.03256    0.034536    0.001976
1367   0.36768   0.02936    0.031194    0.001837
1368   0.36868   0.02643    0.028135    0.001706
1369   0.36968   0.02376    0.025340    0.001584
1370   0.37069   0.02132    0.022790    0.001469
1371   0.37169   0.01911    0.020468    0.001362
1372   0.37269   0.01709    0.018356    0.001262
1373   0.37369   0.01527    0.016436    0.001166
1374   0.37469   0.01362    0.014693    0.001072
1375   0.37569   0.01213    0.013111    0.000980
1376   0.37669   0.01079    0.011678    0.000891
1377   0.37769   0.00958    0.010382    0.000804
1378   0.37869   0.00849    0.009213    0.000723
1379   0.37969   0.00751    0.008163    0.000648
1380   0.38069   0.00664    0.007224    0.000583
1381   0.38169   0.00586    0.006388    0.000528
1382   0.38269   0.00516    0.005648    0.000486
1383   0.38369   0.00454    0.004995    0.000453
1384   0.38469   0.00399    0.004418    0.000429
1385   0.38569   0.00350    0.003907    0.000409
1386   0.38669   0.00306    0.003454    0.000391
1387   0.38769   0.00268    0.003048    0.000370
1388   0.38869   0.00234    0.002682    0.000344
1389   0.38969   0.00204    0.002349    0.000311
1390   0.39070   0.00177    0.002043    0.000270
1391   0.39170   0.00154    0.001763    0.000223
1392   0.39270   0.00134    0.001506    0.000170
1393   0.39370   0.00116    0.001272    0.000114
1394   0.39470   0.00100    0.001060    0.000059
1395   0.39570   0.00086    0.000872    0.000007
1396   0.39670   0.00075    0.000706    0.000040
1397   0.39770   0.00064    0.000563    0.000079
1398   0.39870   0.00055    0.000441    0.000111
1399   0.39970   0.00047    0.000340    0.000133
1400   0.40070   0.00000    0.000258    0.000258
1401   0.40170   0.00000    0.000192    0.000192
1402   0.40270   0.00000    0.000140    0.000140
1403   0.40370   0.00000    0.000101    0.000101
1404   0.40470   0.00000    0.000071    0.000071
1405   0.40570   0.00000    0.000049    0.000049
1406   0.40670   0.00000    0.000034    0.000034
1407   0.40770   0.00000    0.000023    0.000023
1408   0.40870   0.00000    0.000015    0.000015
1409   0.40970   0.00000    0.000010    0.000010
1410   0.41071   0.00000    0.000006    0.000006
1411   0.41171   0.00000    0.000004    0.000004
1412   0.41271   0.00000    0.000002    0.000002
1413   0.41371   0.00000    0.000001    0.000001
1414   0.41471   0.00000    0.000001    0.000001
1415   0.41571   0.00000    0.000000    0.000000
1416   0.41671   0.00000    0.000000    0.000000
1417   0.41771   0.00000    0.000000    0.000000
1418   0.41871   0.00000    0.000000    0.000000
1419   0.41971   0.00000    0.000000    0.000000
1420   0.42071   0.00000    0.000000    0.000000
1421   0.42171   0.00000    0.000000    0.000000
1422   0.42271   0.00000    0.000000    0.000000
1423   0.42371   0.00000    0.000000    0.000000
1424   0.42471   0.00000    0.000000    0.000000
1425   0.42571   0.00000    0.000000    0.000000
1426   0.42671   0.00000    0.000000    0.000000
1427   0.42771   0.00000    0.000000    0.000000
1428   0.42871   0.00000    0.000000    0.000000
1429   0.42971   0.00000    0.000000    0.000000
1430   0.43072   0.00000    0.000000    0.000000
1431   0.43172   0.00000    0.000000    0.000000
1432   0.43272   0.00000    0.000000    0.000000
1433   0.43372   0.00000    0.000000    0.000000
1434   0.43472   0.00000    0.000000    0.000000
1435   0.43572   0.00000    0.000000    0.000000
1436   0.43672   0.00000    0.000000    0.000000
1437   0.43772   0.00000    0.000000    0.000000
1438   0.43872   0.00000    0.000000    0.000000
1439   0.43972   0.00000    0.000000    0.000000
1440   0.44072   0.00000    0.000000    0.000000
1441   0.44172   0.00000    0.000000    0.000000
1442   0.44272   0.00000    0.000000    0.000000
1443   0.44372   0.00000    0.000000    0.000000
1444   0.44472   0.00000    0.000000    0.000000
1445   0.44572   0.00000    0.000000    0.000000
1446   0.44672   0.00000    0.000000    0.000000
1447   0.44772   0.00000    0.000000    0.000000
1448   0.44872   0.00000    0.000000    0.000000
1449   0.44972   0.00000    0.000000    0.000000
1450   0.45073   0.00000    0.000000    0.000000
1451   0.45173   0.00000   -0.000000    0.000000
1452   0.45273   0.00000   -0.000000    0.000000
1453   0.45373   0.00000   -0.000000    0.000000
1454   0.45473   0.00000    0.000000    0.000000
1455   0.45573   0.00000    0.000000    0.000000
1456   0.45673   0.00000    0.000000    0.000000
1457   0.45773   0.00000   -0.000000    0.000000
1458   0.45873   0.00000   -0.000000    0.000000
1459   0.45973   0.00000   -0.000000    0.000000
1460   0.46073   0.00000   -0.000000    0.000000
1461   0.46173   0.00000    0.000000    0.000000
1462   0.46273   0.00000    0.000000    0.000000
1463   0.46373   0.00000    0.000000    0.000000
1464   0.46473   0.00000   -0.000000    0.000000
1465   0.46573   0.00000   -0.000000    0.000000
1466   0.46673   0.00000   -0.000000    0.000000
1467   0.46773   0.00000    0.000000    0.000000
1468   0.46873   0.00000    0.000000    0.000000
1469   0.46973   0.00000    0.000000    0.000000
1470   0.47074   0.00000    0.000000    0.000000
1471   0.47174   0.00000   -0.000000    0.000000
1472   0.47274   0.00000   -0.000000    0.000000
1473   0.47374   0.00000   -0.000000    0.000000
1474   0.47474   0.00000    0.000000    0.000000
1475   0.47574   0.00000    0.000000    0.000000
1476   0.47674   0.00000    0.000000    0.000000
1477   0.47774   0.00000    0.000000    0.000000
1478   0.47874   0.00000   -0.000000    0.000000
1479   0.47974   0.00000   -0.000000    0.000000
1480   0.48074   0.00000   -0.000000    0.000000
1481   0.48174   0.00000    0.000000    0.000000
1482   0.48274   0.00000    0.000000    0.000000
1483   0.48374   0.00000    0.000000    0.000000
1484   0.48474   0.00000    0.000000    0.000000
1485   0.48574   0.00000   -0.000000    0.000000
1486   0.48674   0.00000   -0.000000    0.000000
1487   0.48774   0.00000   -0.000000    0.000000
1488   0.48874   0.00000    0.000000    0.000000
1489   0.48974   0.00000    0.000000    0.000000
1490   0.49075   0.00000    0.000000    0.000000
1491   0.49175   0.00000    0.000000    0.000000
1492   0.49275   0.00000   -0.000000    0.000000
1493   0.49375   0.00000   -0.000000    0.000000
1494   0.49475   0.00000   -0.000000    0.000000
1495   0.49575   0.00000   -0.000000    0.000000
1496   0.49675   0.00000    0.000000    0.000000
1497   0.49775   0.00000    0.000000    0.000000
1498   0.49875   0.00000    0.000000    0.000000
1499   0.49975   0.00000   -0.000000    0.000000
1500   0.50075   0.00000   -0.000000    0.000000
1501   0.50175   0.00000   -0.000000    0.000000
1502   0.50275   0.00000   -0.000000    0.000000
1503   0.50375   0.00000    0.000000    0.000000
1504   0.50475   0.00000    0.000000    0.000000
1505   0.50575   0.00000    0.000000    0.000000
1506   0.50675   0.00000    0.000000    0.000000
1507   0.50775   0.00000   -0.000000    0.000000
1508   0.50875   0.00000   -0.000000    0.000000
1509   0.50975   0.00000   -0.000000    0.000000
1510   0.51076   0.00000   -0.000000    0.000000
1511   0.51176   0.00000    0.000000    0.000000
1512   0.51276   0.00000    0.000000    0.000000
1513   0.51376   0.00000    0.000000    0.000000
1514   0.51476   0.00000    0.000000    0.000000
1515   0.51576   0.00000   -0.000000    0.000000
1516   0.51676   0.00000   -0.000000    0.000000
1517   0.51776   0.00000   -0.000000    0.000000
1518   0.51876   0.00000   -0.000000    0.000000
1519   0.51976   0.00000    0.000000    0.000000
1520   0.52076   0.00000    0.000000    0.000000
1521   0.52176   0.00000    0.000000    0.000000
1522   0.52276   0.00000    0.000000    0.000000
1523   0.52376   0.00000   -0.000000    0.000000
1524   0.52476   0.00000   -0.000001    0.000001
1525   0.52576   0.00000   -0.000001    0.000001
1526   0.52676   0.00000   -0.000001    0.000001
1527   0.52776   0.00000    0.000001    0.000001
1528   0.52876   0.00000    0.000002    0.000002
1529   0.52976   0.00000    0.000003    0.000003
1530   0.53077   0.00000    0.000002    0.000002
1531   0.53177   0.00000   -0.000001    0.000001
1532   0.53277   0.00000   -0.000006    0.000006
1533   0.53377   0.00000   -0.000010    0.000010
1534   0.53477   0.00000   -0.000010    0.000010
1535   0.53577   0.00000   -0.000001    0.000001
1536   0.53677   0.00000    0.000013    0.000013
1537   0.53777   0.00000    0.000028    0.000028
1538   0.53877   0.00000    0.000033    0.000033
1539   0.53977   0.00000    0.000018    0.000018
1540   0.54077   0.00000   -0.000017    0.000017
1541   0.54177   0.00000   -0.000063    0.000063
1542   0.54277   0.00000   -0.000095    0.000095
1543   0.54377   0.00000   -0.000086    0.000086
1544   0.54477   0.00000   -0.000018    0.000018
1545   0.54577   0.00000    0.000100    0.000100
1546   0.54677   0.00000    0.000224    0.000224
1547   0.54777   0.00000    0.000283    0.000283
1548   0.54877   0.00000    0.000211    0.000211
1549   0.54977   0.00000   -0.000021    0.000021
1550   0.55078   0.00000   -0.000362    0.000362
1551   0.55178   0.00000   -0.000679    0.000679
1552   0.55278   0.00000   -0.000792    0.000792
1553   0.55378   0.00000   -0.000543    0.000543
1554   0.55478   0.00000    0.000106    0.000106
1555   0.55578   0.00000    0.001010    0.001010
1556   0.55678   0.00000    0.001837    0.001837
1557   0.55778   0.00000    0.002155    0.002155
1558   0.55878   0.00000    0.001600    0.001600
1559   0.55978   0.00000    0.000065    0.000065
1560   0.56078   0.00000   -0.002156    0.002156
1561   0.56178   0.00000   -0.004363    0.004363
1562   0.56278   0.00000   -0.005608    0.005608
1563   0.56378   0.00000   -0.005014    0.005014
1564   0.56478   0.00000   -0.002150    0.002150
1565   0.56578   0.00000    0.002659    0.002659
1566   0.56678   0.00000    0.008242    0.008242
1567   0.56778   0.00000    0.012781    0.012781
1568   0.56878   0.00000    0.014296    0.014296
1569   0.56978   0.00000    0.011303    0.011303
1570   0.57079   0.00000    0.003439    0.003439
1571   0.57179   0.00000   -0.008149    0.008149
1572   0.57279   0.00000   -0.020845    0.020845
1573   0.57379   0.00000   -0.031056    0.031056
1574   0.57479   0.00000   -0.035093    0.035093
1575   0.57579   0.00000   -0.030217    0.030217
1576   0.57679   0.00000   -0.015564    0.015564
1577   0.57779   0.00000    0.007320    0.007320
1578   0.57879   0.00000    0.034518    0.034518
1579   0.57979   0.00000    0.060377    0.060377
1580   0.58079   0.00000    0.078627    0.078627
1581   0.58179   0.00000    0.083724    0.083724
1582   0.58279   0.00000    0.072105    0.072105
1583   0.58379   0.00000    0.043090    0.043090
1584   0.58479   0.00000   -0.000802    0.000802
1585   0.58579   0.00000   -0.054136    0.054136
1586   0.58679   0.00000   -0.109405    0.109405
1587   0.58779   0.00000   -0.158218    0.158218
1588   0.58879   0.00000   -0.192595    0.192595
1589   0.58979   0.00000   -0.206120    0.206120
1590   0.59080   0.00000   -0.194762    0.194762
1591   0.59180   0.00000   -0.157261    0.157261
1592   0.59280   0.00000   -0.095064    0.095064
1593   0.59380   0.00000   -0.011886    0.011886
1594   0.59480   0.00000    0.086978    0.086978
1595   0.59580   0.00000    0.195449    0.195449
1596   0.59680   0.00000    0.307419    0.307419
1597   0.59780   0.00000    0.417382    0.417382
1598   0.59880   0.00000    0.520862    0.520862
1599   0.59980   0.00000    0.614637    0.614637
1600   0.60080   1.00000    0.696764    0.303236
1601   0.60180   1.00000    0.766463    0.233537
1602   0.60280   1.00000    0.823905    0.176095
1603   0.60380   1.00000    0.869953    0.130047
1604   0.60480   1.00000    0.905909    0.094091
1605   0.60580   1.00000    0.933287    0.066713
1606   0.60680   1.00000    0.953633    0.046367
1607   0.60780   1.00000    0.968403    0.031597
1608   0.60880   1.00000    0.978884    0.021116
1609   0.60980   1.00000    0.986158    0.013842
1610   0.61081   1.00000    0.991098    0.008902
1611   0.61181   1.00000    0.994382    0.005618
1612   0.61281   1.00000    0.996520    0.003480
1613   0.61381   1.00000    0.997884    0.002116
1614   0.61481   1.00000    0.998737    0.001263
1615   0.61581   1.00000    0.999258    0.000742
1616   0.61681   1.00000    0.999571    0.000429
1617   0.61781   1.00000    0.999755    0.000245
1618   0.61881   1.00000    0.999860    0.000140
1619   0.61981   1.00000    0.999919    0.000081
1620   0.62081   1.00000    0.999951    0.000049
1621   0.62181   1.00000    0.999967    0.000033
1622   0.62281   1.00000    0.999975    0.000025
1623   0.62381   1.00000    0.999978    0.000022
1624   0.62481   1.00000    0.999979    0.000021
1625   0.62581   1.00000    0.999980    0.000020
1626   0.62681   1.00000    0.999980    0.000020
1627   0.62781   1.00000    0.999980    0.000020
1628   0.62881   1.00000    0.999980    0.000020
1629   0.62981   1.00000    0.999981    0.000019
1630   0.63082   1.00000    0.999981    0.000019
1631   0.63182   1.00000    0.999981    0.000019
1632   0.63282   1.00000    0.999981    0.000019
1633   0.63382   1.00000    0.999982    0.000018
1634   0.63482   1.00000    0.999982    0.000018
1635   0.63582   1.00000    0.999982    0.000018
1636   0.63682   1.00000    0.999982    0.000018
1637   0.63782   1.00000    0.999982    0.000018
1638   0.63882   1.00000    0.999983    0.000017
1639   0.63982   1.00000    0.999983    0.000017
1640   0.64082   1.00000    0.999983    0.000017
1641   0.64182   1.00000    0.999983    0.000017
1642   0.64282   1.00000    0.999984    0.000016
1643   0.64382   1.00000    0.999984    0.000016
1644   0.64482   1.00000    0.999984    0.000016
1645   0.64582   1.00000    0.999984    0.000016
1646   0.64682   1.00000    0.999985    0.000015
1647   0.64782   1.00000    0.999985    0.000015
1648   0.64882   1.00000    0.999985    0.000015
1649   0.64982   1.00000    0.999985    0.000015
1650   0.65083   1.00000    0.999986    0.000014
1651   0.65183   1.00000    0.999986    0.000014
1652   0.65283   1.00000    0.999986    0.000014
1653   0.65383   1.00000    0.999986    0.000014
1654   0.65483   1.00000    0.999987    0.000013
1655   0.65583   1.00000    0.999987    0.000013
1656   0.65683   1.00000    0.999987    0.000013
1657   0.65783   1.00000    0.999987    0.000013
1658   0.65883   1.00000    0.999987    0.000013
1659   0.65983   1.00000    0.999988    0.000012
1660   0.66083   1.00000    0.999988    0.000012
1661   0.66183   1.00000    0.999988    0.000012
1662   0.66283   1.00000    0.999988    0.000012
1663   0.66383   1.00000    0.999989    0.000011
1664   0.66483   1.00000    0.999989    0.000011
1665   0.66583   1.00000    0.999989    0.000011
1666   0.66683   1.00000    0.999989    0.000011
1667   0.66783   1.00000    0.999990    0.000010
1668   0.66883   1.00000    0.999990    0.000010
1669   0.66983   1.00000    0.999990    0.000010
1670   0.67084   1.00000    0.999990    0.000010
1671   0.67184   1.00000    0.999991    0.000009
1672   0.67284   1.00000    0.999991    0.000009
1673   0.67384   1.00000    0.999991    0.000009
1674   0.67484   1.00000    0.999991    0.000009
1675   0.67584   1.00000    0.999992    0.000008
1676   0.67684   1.00000    0.999992    0.000008
1677   0.67784   1.00000    0.999992    0.000008
1678   0.67884   1.00000    0.999992    0.000008
1679   0.67984   1.00000    0.999992    0.000008
1680   0.68084   1.00000    0.999993    0.000007
1681   0.68184   1.00000    0.999993    0.000007
1682   0.68284   1.00000    0.999993    0.000007
1683   0.68384   1.00000    0.999993    0.000007
1684   0.68484   1.00000    0.999994    0.000006
1685   0.68584   1.00000    0.999994    0.000006
1686   0.68684   1.00000    0.999994    0.000006
1687   0.68784   1.00000    0.999994    0.000006
1688   0.68884   1.00000    0.999995    0.000005
1689   0.68984   1.00000    0.999995    0.000005
1690   0.69085   1.00000    0.999995    0.000005
1691   0.69185   1.00000    0.999995    0.000005
1692   0.69285   1.00000    0.999996    0.000004
1693   0.69385   1.00000    0.999996    0.000004
1694   0.69485   1.00000    0.999996    0.000004
1695   0.69585   1.00000    0.999996    0.000004
1696   0.69685   1.00000    0.999997    0.000003
1697   0.69785   1.00000    0.999997    0.000003
1698   0.69885   1.00000    0.999997    0.000003
1699   0.69985   1.00000    0.999997    0.000003
1700   0.70085   1.00000    0.999998    0.000002
1701   0.70185   1.00000    0.999998    0.000002
1702   0.70285   1.00000    0.999998    0.000002
1703   0.70385   1.00000    0.999998    0.000002
1704   0.70485   1.00000    0.999999    0.000001
1705   0.70585   1.00000    0.999999    0.000001
1706   0.70685   1.00000    0.999999    0.000001
1707   0.70785   1.00000    0.999999    0.000001
1708   0.70885   1.00000    1.000000    0.000000
1709   0.70985   1.00000    1.000000    0.000000
1710   0.71086   1.00000    1.000000    0.000000
1711   0.71186   1.00000    1.000000    0.000000
1712   0.71286   1.00000    1.000000    0.000000
1713   0.71386   1.00000    1.000000    0.000000
1714   0.71486   1.00000    1.000000    0.000000
1715   0.71586   1.00000    1.000000    0.000000
1716   0.71686   1.00000    1.000000    0.000000
1717   0.71786   1.00000    1.000000    0.000000
1718   0.71886   1.00000    1.000000    0.000000
1719   0.71986   1.00000    1.000000    0.000000
1720   0.72086   1.00000    1.000000    0.000000
1721   0.72186   1.00000    1.000000    0.000000
1722   0.72286   1.00000    1.000000    0.000000
1723   0.72386   1.00000    0.999999    0.000001
1724   0.72486   1.00000    0.999999    0.000001
1725   0.72586   1.00000    0.999999    0.000001
1726   0.72686   1.00000    0.999997    0.000003
1727   0.72786   1.00000    0.999996    0.000004
1728   0.72886   1.00000    0.999994    0.000006
1729   0.72986   1.00000    0.999993    0.000007
1730   0.73087   1.00000    0.999995    0.000005
1731   0.73187   1.00000    0.999999    0.000001
1732   0.73287   1.00000    1.000004    0.000004
1733   0.73387   1.00000    1.000008    0.000008
1734   0.73487   1.00000    1.000008    0.000008
1735   0.73587   1.00000    1.000000    0.000000
1736   0.73687   1.00000    0.999985    0.000015
1737   0.73787   1.00000    0.999971    0.000029
1738   0.73887   1.00000    0.999966    0.000034
1739   0.73987   1.00000    0.999981    0.000019
1740   0.74087   1.00000    1.000016    0.000016
1741   0.74187   1.00000    1.000063    0.000063
1742   0.74287   1.00000    1.000095    0.000095
1743   0.74387   1.00000    1.000086    0.000086
1744   0.74487   1.00000    1.000018    0.000018
1745   0.74587   1.00000    0.999900    0.000100
1746   0.74687   1.00000    0.999776    0.000224
1747   0.74787   1.00000    0.999716    0.000284
1748   0.74887   1.00000    0.999789    0.000211
1749   0.74987   1.00000    1.000021    0.000021
1750   0.75088   1.00000    1.000362    0.000362
1751   0.75188   1.00000    1.000680    0.000680
1752   0.75288   1.00000    1.000792    0.000792
1753   0.75388   1.00000    1.000543    0.000543
1754   0.75488   1.00000    0.999895    0.000105
1755   0.75588   1.00000    0.998991    0.001009
1756   0.75688   1.00000    0.998164    0.001836
1757   0.75788   1.00000    0.997845    0.002155
1758   0.75888   1.00000    0.998400    0.001600
1759   0.75988   1.00000    0.999935    0.000065
1760   0.76088   1.00000    1.002156    0.002156
1761   0.76188   1.00000    1.004364    0.004364
1762   0.76288   1.00000    1.005609    0.005609
1763   0.76388   1.00000    1.005014    0.005014
1764   0.76488   1.00000    1.002151    0.002151
1765   0.76588   1.00000    0.997342    0.002658
1766   0.76688   1.00000    0.991758    0.008242
1767   0.76788   1.00000    0.987219    0.012781
1768   0.76888   1.00000    0.985704    0.014296
1769   0.76988   1.00000    0.988698    0.011302
1770   0.77089   1.00000    0.996561    0.003439
1771   0.77189   1.00000    1.008150    0.008150
1772   0.77289   1.00000    1.020845    0.020845
1773   0.77389   1.00000    1.031056    0.031056
1774   0.77489   1.00000    1.035092    0.035092
1775   0.77589   1.00000    1.030217    0.030217
1776   0.77689   1.00000    1.015564    0.015564
1777   0.77789   1.00000    0.992680    0.007320
1778   0.77889   1.00000    0.965482    0.034518
1779   0.77989   1.00000    0.939623    0.060377
1780   0.78089   1.00000    0.921372    0.078628
1781   0.78189   1.00000    0.916275    0.083725
1782   0.78289   1.00000    0.927893    0.072107
1783   0.78389   1.00000    0.956909    0.043091
1784   0.78489   1.00000    1.000800    0.000800
1785   0.78589   1.00000    1.054134    0.054134
1786   0.78689   1.00000    1.109404    0.109404
1787   0.78789   1.00000    1.158217    0.158217
1788   0.78889   1.00000    1.192595    0.192595
1789   0.78990   1.00000    1.206120    0.206120
1790   0.79090   1.00000    1.194762    0.194762
1791   0.79190   1.00000    1.157262    0.157262
1792   0.79290   1.00000    1.095065    0.095065
1793   0.79390   1.00000    1.011887    0.011887
1794   0.79490   1.00000    0.913022    0.086978
1795   0.79590   1.00000    0.804551    0.195449
1796   0.79690   1.00000    0.692581    0.307419
1797   0.79790   1.00000    0.582619    0.417381
1798   0.79890   1.00000    0.479138    0.520862
1799   0.79990   1.00000    0.385363    0.614637
1800   0.80090   0.00000    0.303236    0.303236
1801   0.80190   0.00000    0.233537    0.233537
1802   0.80290   0.00000    0.176095    0.176095
1803   0.80390   0.00000    0.130046    0.130046
1804   0.80490   0.00000    0.094091    0.094091
1805   0.80590   0.00000    0.066713    0.066713
1806   0.80690   0.00000    0.046367    0.046367
1807   0.80790   0.00000    0.031597    0.031597
1808   0.80890   0.00000    0.021116    0.021116
1809   0.80991   0.00000    0.013842    0.013842
1810   0.81091   0.00000    0.008902    0.008902
1811   0.81191   0.00000    0.005617    0.005617
1812   0.81291   0.00000    0.003478    0.003478
1813   0.81391   0.00000    0.002114    0.002114
1814   0.81491   0.00000    0.001261    0.001261
1815   0.81591   0.00000    0.000739    0.000739
1816   0.81691   0.00000    0.000425    0.000425
1817   0.81791   0.00000    0.000240    0.000240
1818   0.81891   0.00000    0.000133    0.000133
1819   0.81991   0.00000    0.000072    0.000072
1820   0.82091   0.00000    0.000039    0.000039
1821   0.82191   0.00000    0.000020    0.000020
1822   0.82291   0.00000    0.000010    0.000010
1823   0.82391   0.00000    0.000005    0.000005
1824   0.82491   0.00000    0.000003    0.000003
1825   0.82591   0.00000    0.000001    0.000001
1826   0.82691   0.00000    0.000001    0.000001
1827   0.82791   0.00000    0.000000    0.000000
1828   0.82891   0.00000    0.000000    0.000000
1829   0.82992   0.00000    0.000000    0.000000
1830   0.83092   0.00000    0.000000    0.000000
1831   0.83192   0.00000    0.000000    0.000000
1832   0.83292   0.00000    0.000000    0.000000
1833   0.83392   0.00000    0.000000    0.000000
1834   0.83492   0.00000    0.000000    0.000000
1835   0.83592   0.00000    0.000000    0.000000
1836   0.83692   0.00000    0.000000    0.000000
1837   0.83792   0.00000    0.000000    0.000000
1838   0.83892   0.00000    0.000000    0.000000
1839   0.83992   0.00000    0.000000    0.000000
1840   0.84092   0.00000    0.000000    0.000000
1841   0.84192   0.00000    0.000000    0.000000
1842   0.84292   0.00000    0.000000    0.000000
1843   0.84392   0.00000    0.000000    0.000000
1844   0.84492   0.00000    0.000000    0.000000
1845   0.84592   0.00000    0.000000    0.000000
1846   0.84692   0.00000    0.000000    0.000000
1847   0.84792   0.00000    0.000000    0.000000
1848   0.84892   0.00000    0.000000    0.000000
1849   0.84993   0.00000    0.000000    0.000000
1850   0.85093   0.00000    0.000000    0.000000
1851   0.85193   0.00000    0.000000    0.000000
1852   0.85293   0.00000    0.000000    0.000000
1853   0.85393   0.00000    0.000000    0.000000
1854   0.85493   0.00000    0.000000    0.000000
1855   0.85593   0.00000    0.000000    0.000000
1856   0.85693   0.00000    0.000000    0.000000
1857   0.85793   0.00000    0.000000    0.000000
1858   0.85893   0.00000   -0.000000    0.000000
1859   0.85993   0.00000   -0.000000    0.000000
1860   0.86093   0.00000   -0.000000    0.000000
1861   0.86193   0.00000   -0.000000    0.000000
1862   0.86293   0.00000    0.000000    0.000000
1863   0.86393   0.00000    0.000000    0.000000
1864   0.86493   0.00000    0.000000    0.000000
1865   0.86593   0.00000   -0.000000    0.000000
1866   0.86693   0.00000   -0.000000    0.000000
1867   0.86793   0.00000   -0.000000    0.000000
1868   0.86893   0.00000    0.000000    0.000000
1869   0.86994   0.00000    0.000000    0.000000
1870   0.87094   0.00000    0.000000    0.000000
1871   0.87194   0.00000    0.000000    0.000000
1872   0.87294   0.00000   -0.000000    0.000000
1873   0.87394   0.00000   -0.000000    0.000000
1874   0.87494   0.00000   -0.000000    0.000000
1875   0.87594   0.00000    0.000000    0.000000
1876   0.87694   0.00000    0.000000    0.000000
1877   0.87794   0.00000    0.000000    0.000000
1878   0.87894   0.00000    0.000000    0.000000
1879   0.87994   0.00000   -0.000000    0.000000
1880   0.88094   0.00000   -0.000000    0.000000
1881   0.88194   0.00000   -0.000000    0.000000
1882   0.88294   0.00000    0.000000    0.000000
1883   0.88394   0.00000    0.000000    0.000000
1884   0.88494   0.00000    0.000000    0.000000
1885   0.88594   0.00000    0.000000    0.000000
1886   0.88694   0.00000   -0.000000    0.000000
1887   0.88794   0.00000   -0.000000    0.000000
1888   0.88894   0.00000   -0.000000    0.000000
1889   0.88995   0.00000   -0.000000    0.000000
1890   0.89095   0.00000    0.000000    0.000000
1891   0.89195   0.00000    0.000000    0.000000
1892   0.89295   0.00000    0.000000    0.000000
1893   0.89395   0.00000   -0.000000    0.000000
1894   0.89495   0.00000   -0.000000    0.000000
1895   0.89595   0.00000   -0.000000    0.000000
1896   0.89695   0.00000   -0.000000    0.000000
1897   0.89795   0.00000    0.000000    0.000000
1898   0.89895   0.00000    0.000000    0.000000
1899   0.89995   0.00000    0.000000    0.000000
1900   0.90095   0.00000    0.000000    0.000000
1901   0.90195   0.00000   -0.000000    0.000000
1902   0.90295   0.00000   -0.000000    0.000000
1903   0.90395   0.00000   -0.000000    0.000000
1904   0.90495   0.00000   -0.000000    0.000000
1905   0.90595   0.00000    0.000000    0.000000
1906   0.90695   0.00000    0.000000    0.000000
1907   0.90795   0.00000    0.000000    0.000000
1908   0.90895   0.00000   -0.000000    0.000000
1909   0.90996   0.00000   -0.000000    0.000000
1910   0.91096   0.00000   -0.000000    0.000000
1911   0.91196   0.00000   -0.000000    0.000000
1912   0.91296   0.00000    0.000000    0.000000
1913   0.91396   0.00000    0.000000    0.000000
1914   0.91496   0.00000    0.000000    0.000000
1915   0.91596   0.00000    0.000000    0.000000
1916   0.91696   0.00000   -0.000000    0.000000
1917   0.91796   0.00000   -0.000000    0.000000
1918   0.91896   0.00000   -0.000000    0.000000
1919   0.91996   0.00000   -0.000000    0.000000
1920   0.92096   0.00000    0.000000    0.000000
1921   0.92196   0.00000    0.000000    0.000000
1922   0.92296   0.00000    0.000000    0.000000
1923   0.92396   0.00000    0.000000    0.000000
1924   0.92496   0.00000   -0.000000    0.000000
1925   0.92596   0.00000   -0.000000    0.000000
1926   0.92696   0.00000   -0.000000    0.000000
1927   0.92796   0.00000   -0.000000    0.000000
1928   0.92896   0.00000   -0.000000    0.000000
1929   0.92997   0.00000    0.000000    0.000000
1930   0.93097   0.00000    0.000000    0.000000
1931   0.93197   0.00000    0.000000    0.000000
1932   0.93297   0.00000    0.000000    0.000000
1933   0.93397   0.00000   -0.000000    0.000000
1934   0.93497   0.00000   -0.000000    0.000000
1935   0.93597   0.00000   -0.000000    0.000000
1936   0.93697   0.00000   -0.000000    0.000000
1937   0.93797   0.00000    0.000000    0.000000
1938   0.93897   0.00000    0.000000    0.000000
1939   0.93997   0.00000    0.000001    0.000001
1940   0.94097   0.00000    0.000001    0.000001
1941   0.94197   0.00000    0.000000    0.000000
1942   0.94297   0.00000   -0.000001    0.000001
1943   0.94397   0.00000   -0.000001    0.000001
1944   0.94497   0.00000   -0.000002    0.000002
1945   0.94597   0.00000   -0.000002    0.000002
1946   0.94697   0.00000    0.000000    0.000000
1947   0.94797   0.00000    0.000003    0.000003
1948   0.94897   0.00000    0.000005    0.000005
1949   0.94998   0.00000    0.000006    0.000006
1950   0.95098   0.00000    0.000004    0.000004
1951   0.95198   0.00000   -0.000001    0.000001
1952   0.95298   0.00000   -0.000008    0.000008
1953   0.95398   0.00000   -0.000015    0.000015
1954   0.95498   0.00000   -0.000017    0.000017
1955   0.95598   0.00000   -0.000012    0.000012
1956   0.95698   0.00000    0.000002    0.000002
1957   0.95798   0.00000    0.000022    0.000022
1958   0.95898   0.00000    0.000041    0.000041
1959   0.95998   0.00000    0.000050    0.000050
1960   0.96098   0.00000    0.000039    0.000039
1961   0.96198   0.00000    0.000006    0.000006
1962   0.96298   0.00000   -0.000043    0.000043
1963   0.96398   0.00000   -0.000097    0.000097
1964   0.96498   0.00000   -0.000132    0.000132
1965   0.96598   0.00000   -0.000130    0.000130
1966   0.96698   0.00000   -0.000075    0.000075
1967   0.96798   0.00000    0.000030    0.000030
1968   0.96898   0.00000    0.000165    0.000165
1969   0.96999   0.00000    0.000293    0.000293
1970   0.97099   0.00000    0.000367    0.000367
1971   0.97199   0.00000    0.000344    0.000344
1972   0.97299   0.00000    0.000198    0.000198
1973   0.97399   0.00000   -0.000061    0.000061
1974   0.97499   0.00000   -0.000392    0.000392
1975   0.97599   0.00000   -0.000719    0.000719
1976   0.97699   0.00000   -0.000948    0.000948
1977   0.97799   0.00000   -0.000989    0.000989
1978   0.97899   0.00000   -0.000780    0.000780
1979   0.97999   0.00000   -0.000305    0.000305
1980   0.98099   0.00000    0.000390    0.000390
1981   0.98199   0.00000    0.001203    0.001203
1982   0.98299   0.00000    0.001982    0.001982
1983   0.98399   0.00000    0.002558    0.002558
1984   0.98499   0.00000    0.002770    0.002770
1985   0.98599   0.00000    0.002495    0.002495
1986   0.98699   0.00000    0.001677    0.001677
1987   0.98799   0.00000    0.000338    0.000338
1988   0.98899   0.00000   -0.001417    0.001417
1989   0.99000   0.00000   -0.003411    0.003411
1990   0.99100   0.00000   -0.005417    0.005417
1991   0.99200   0.00000   -0.007178    0.007178
1992   0.99300   0.00000   -0.008440    0.008440
1993   0.99400   0.00000   -0.008975    0.008975
1994   0.99500   0.00000   -0.008599    0.008599
1995   0.99600   0.00000   -0.007187    0.007187
1996   0.99700   0.00000   -0.004671    0.004671
1997   0.99800   0.00000   -0.001045    0.001045
1998   0.99900   0.00000    0.003648    0.003648
1999   1.00000   0.00000    0.009329    0.009329
 
